1000
1000
1000
1000
1000
1000
1000
1000
1000
1000
1000
1000
1000
1000
1000
1000
1000
1000
1000
981
981
981
981
981
981
981
981
981
981
981
981
981
981
981
981
981
981
981
981
962
962
962
962
962
962
962
962
962
962
962
962
962
962
962
962
962
962
962
962
943
943
943
943
943
943
943
943
943
943
943
943
943
943
943
943
943
943
943
943
924
924
924
924
924
924
924
924
924
924
924
924
924
924
924
924
924
924
924
924
905
905
905
905
905
905
905
905
905
905
905
905
905
905
905
905
905
905
905
905
886
886
886
886
886
886
886
886
886
886
886
886
886
886
886
886
886
886
886
886
867
867
867
867
867
867
867
867
867
867
867
867
867
867
867
867
867
867
867
867
848
848
848
848
848
848
848
848
848
848
848
848
848
848
848
848
848
848
848
848
829
829
829
829
829
829
829
829
829
829
829
829
829
829
829
829
829
829
829
829
810
810
810
810
810
810
810
810
810
810
810
810
810
810
810
810
810
810
810
810
791
791
791
791
791
791
791
791
791
791
791
791
791
791
791
791
791
791
791
791
772
772
772
772
772
772
772
772
772
772
772
772
772
772
772
772
772
772
772
772
753
753
753
753
753
753
753
753
753
753
753
753
753
753
753
753
753
753
753
753
734
734
734
734
734
734
734
734
734
734
734
734
734
734
734
734
734
734
734
734
715
715
715
715
715
715
715
715
715
715
715
715
715
715
715
715
715
715
715
715
696
696
696
696
696
696
696
696
696
696
696
696
696
696
696
696
696
696
696
696
677
677
677
677
677
677
677
677
677
677
677
677
677
677
677
677
677
677
677
677
658
658
658
658
658
658
658
658
658
658
658
658
658
658
658
658
658
658
658
658
639
639
639
639
639
639
639
639
639
639
639
639
639
639
639
639
639
639
639
639
620
620
620
620
620
620
620
620
620
620
620
620
620
620
620
620
620
620
620
620
601
601
601
601
601
601
601
601
601
601
601
601
601
601
601
601
601
601
601
601
582
582
582
582
582
582
582
582
582
582
582
582
582
582
582
582
582
582
582
582
563
563
563
563
563
563
563
563
563
563
563
563
563
563
563
563
563
563
563
563
544
544
544
544
544
544
544
544
544
544
544
544
544
544
544
544
544
544
544
544
525
