5000
5000
5000
5000
5000
5000
5000
5000
5000
4991
4991
4991
4991
4991
4991
4991
4991
4991
4991
4982
4982
4982
4982
4982
4982
4982
4982
4982
4982
4973
4973
4973
4973
4973
4973
4973
4973
4973
4973
4964
4964
4964
4964
4964
4964
4964
4964
4964
4964
4955
4955
4955
4955
4955
4955
4955
4955
4955
4955
4946
4946
4946
4946
4946
4946
4946
4946
4946
4946
4937
4937
4937
4937
4937
4937
4937
4937
4937
4937
4928
4928
4928
4928
4928
4928
4928
4928
4928
4928
4919
4919
4919
4919
4919
4919
4919
4919
4919
4919
4910
4910
4910
4910
4910
4910
4910
4910
4910
4910
4901
4901
4901
4901
4901
4901
4901
4901
4901
4901
4892
4892
4892
4892
4892
4892
4892
4892
4892
4892
4883
4883
4883
4883
4883
4883
4883
4883
4883
4883
4874
4874
4874
4874
4874
4874
4874
4874
4874
4874
4865
4865
4865
4865
4865
4865
4865
4865
4865
4865
4856
4856
4856
4856
4856
4856
4856
4856
4856
4856
4847
4847
4847
4847
4847
4847
4847
4847
4847
4847
4838
4838
4838
4838
4838
4838
4838
4838
4838
4838
4829
4829
4829
4829
4829
4829
4829
4829
4829
4829
4820
4820
4820
4820
4820
4820
4820
4820
4820
4820
4811
4811
4811
4811
4811
4811
4811
4811
4811
4811
4802
4802
4802
4802
4802
4802
4802
4802
4802
4802
4793
4793
4793
4793
4793
4793
4793
4793
4793
4793
4784
4784
4784
4784
4784
4784
4784
4784
4784
4784
4775
4775
4775
4775
4775
4775
4775
4775
4775
4775
4766
4766
4766
4766
4766
4766
4766
4766
4766
4766
4757
4757
4757
4757
4757
4757
4757
4757
4757
4757
4748
4748
4748
4748
4748
4748
4748
4748
4748
4748
4739
4739
4739
4739
4739
4739
4739
4739
4739
4739
4730
4730
4730
4730
4730
4730
4730
4730
4730
4730
4721
4721
4721
4721
4721
4721
4721
4721
4721
4721
4712
4712
4712
4712
4712
4712
4712
4712
4712
4712
4703
4703
4703
4703
4703
4703
4703
4703
4703
4703
4694
4694
4694
4694
4694
4694
4694
4694
4694
4694
4685
4685
4685
4685
4685
4685
4685
4685
4685
4685
4676
4676
4676
4676
4676
4676
4676
4676
4676
4676
4667
4667
4667
4667
4667
4667
4667
4667
4667
4667
4658
4658
4658
4658
4658
4658
4658
4658
4658
4658
4649
4649
4649
4649
4649
4649
4649
4649
4649
4649
4640
4640
4640
4640
4640
4640
4640
4640
4640
4640
4631
4631
4631
4631
4631
4631
4631
4631
4631
4631
4622
4622
4622
4622
4622
4622
4622
4622
4622
4622
4613
4613
4613
4613
4613
4613
4613
4613
4613
4613
4604
4604
4604
4604
4604
4604
4604
4604
4604
4604
4595
4595
4595
4595
4595
4595
4595
4595
4595
4595
4586
4586
4586
4586
4586
4586
4586
4586
4586
4586
4577
4577
4577
4577
4577
4577
4577
4577
4577
4577
4568
4568
4568
4568
4568
4568
4568
4568
4568
4568
4559
4559
4559
4559
4559
4559
4559
4559
4559
4559
4550
4550
4550
4550
4550
4550
4550
4550
4550
4550
4541
4541
4541
4541
4541
4541
4541
4541
4541
4541
4532
4532
4532
4532
4532
4532
4532
4532
4532
4532
4523
4523
4523
4523
4523
4523
4523
4523
4523
4523
4514
4514
4514
4514
4514
4514
4514
4514
4514
4514
4505
4505
4505
4505
4505
4505
4505
4505
4505
4505
4496
4496
4496
4496
4496
4496
4496
4496
4496
4496
4487
4487
4487
4487
4487
4487
4487
4487
4487
4487
4478
4478
4478
4478
4478
4478
4478
4478
4478
4478
4469
4469
4469
4469
4469
4469
4469
4469
4469
4469
4460
4460
4460
4460
4460
4460
4460
4460
4460
4460
4451
4451
4451
4451
4451
4451
4451
4451
4451
4451
4442
4442
4442
4442
4442
4442
4442
4442
4442
4442
4433
4433
4433
4433
4433
4433
4433
4433
4433
4433
4424
4424
4424
4424
4424
4424
4424
4424
4424
4424
4415
4415
4415
4415
4415
4415
4415
4415
4415
4415
4406
4406
4406
4406
4406
4406
4406
4406
4406
4406
4397
4397
4397
4397
4397
4397
4397
4397
4397
4397
4388
4388
4388
4388
4388
4388
4388
4388
4388
4388
4379
4379
4379
4379
4379
4379
4379
4379
4379
4379
4370
4370
4370
4370
4370
4370
4370
4370
4370
4370
4361
4361
4361
4361
4361
4361
4361
4361
4361
4361
4352
4352
4352
4352
4352
4352
4352
4352
4352
4352
4343
4343
4343
4343
4343
4343
4343
4343
4343
4343
4334
4334
4334
4334
4334
4334
4334
4334
4334
4334
4325
4325
4325
4325
4325
4325
4325
4325
4325
4325
4316
4316
4316
4316
4316
4316
4316
4316
4316
4316
4307
4307
4307
4307
4307
4307
4307
4307
4307
4307
4298
4298
4298
4298
4298
4298
4298
4298
4298
4298
4289
4289
4289
4289
4289
4289
4289
4289
4289
4289
4280
4280
4280
4280
4280
4280
4280
4280
4280
4280
4271
4271
4271
4271
4271
4271
4271
4271
4271
4271
4262
4262
4262
4262
4262
4262
4262
4262
4262
4262
4253
4253
4253
4253
4253
4253
4253
4253
4253
4253
4244
4244
4244
4244
4244
4244
4244
4244
4244
4244
4235
4235
4235
4235
4235
4235
4235
4235
4235
4235
4226
4226
4226
4226
4226
4226
4226
4226
4226
4226
4217
4217
4217
4217
4217
4217
4217
4217
4217
4217
4208
4208
4208
4208
4208
4208
4208
4208
4208
4208
4199
4199
4199
4199
4199
4199
4199
4199
4199
4199
4190
4190
4190
4190
4190
4190
4190
4190
4190
4190
4181
4181
4181
4181
4181
4181
4181
4181
4181
4181
4172
4172
4172
4172
4172
4172
4172
4172
4172
4172
4163
4163
4163
4163
4163
4163
4163
4163
4163
4163
4154
4154
4154
4154
4154
4154
4154
4154
4154
4154
4145
4145
4145
4145
4145
4145
4145
4145
4145
4145
4136
4136
4136
4136
4136
4136
4136
4136
4136
4136
4127
4127
4127
4127
4127
4127
4127
4127
4127
4127
4118
4118
4118
4118
4118
4118
4118
4118
4118
4118
4109
4109
4109
4109
4109
4109
4109
4109
4109
4109
4100
4100
4100
4100
4100
4100
4100
4100
4100
4100
4091
4091
4091
4091
4091
4091
4091
4091
4091
4091
4082
4082
4082
4082
4082
4082
4082
4082
4082
4082
4073
4073
4073
4073
4073
4073
4073
4073
4073
4073
4064
4064
4064
4064
4064
4064
4064
4064
4064
4064
4055
4055
4055
4055
4055
4055
4055
4055
4055
4055
4046
4046
4046
4046
4046
4046
4046
4046
4046
4046
4037
4037
4037
4037
4037
4037
4037
4037
4037
4037
4028
4028
4028
4028
4028
4028
4028
4028
4028
4028
4019
4019
4019
4019
4019
4019
4019
4019
4019
4019
4010
4010
4010
4010
4010
4010
4010
4010
4010
4010
4001
4001
4001
4001
4001
4001
4001
4001
4001
4001
3992
3992
3992
3992
3992
3992
3992
3992
3992
3992
3983
3983
3983
3983
3983
3983
3983
3983
3983
3983
3974
3974
3974
3974
3974
3974
3974
3974
3974
3974
3965
3965
3965
3965
3965
3965
3965
3965
3965
3965
3956
3956
3956
3956
3956
3956
3956
3956
3956
3956
3947
3947
3947
3947
3947
3947
3947
3947
3947
3947
3938
3938
3938
3938
3938
3938
3938
3938
3938
3938
3929
3929
3929
3929
3929
3929
3929
3929
3929
3929
3920
3920
3920
3920
3920
3920
3920
3920
3920
3920
3911
3911
3911
3911
3911
3911
3911
3911
3911
3911
3902
3902
3902
3902
3902
3902
3902
3902
3902
3902
3893
3893
3893
3893
3893
3893
3893
3893
3893
3893
3884
3884
3884
3884
3884
3884
3884
3884
3884
3884
3875
3875
3875
3875
3875
3875
3875
3875
3875
3875
3866
3866
3866
3866
3866
3866
3866
3866
3866
3866
3857
3857
3857
3857
3857
3857
3857
3857
3857
3857
3848
3848
3848
3848
3848
3848
3848
3848
3848
3848
3839
3839
3839
3839
3839
3839
3839
3839
3839
3839
3830
3830
3830
3830
3830
3830
3830
3830
3830
3830
3821
3821
3821
3821
3821
3821
3821
3821
3821
3821
3812
3812
3812
3812
3812
3812
3812
3812
3812
3812
3803
3803
3803
3803
3803
3803
3803
3803
3803
3803
3794
3794
3794
3794
3794
3794
3794
3794
3794
3794
3785
3785
3785
3785
3785
3785
3785
3785
3785
3785
3776
3776
3776
3776
3776
3776
3776
3776
3776
3776
3767
3767
3767
3767
3767
3767
3767
3767
3767
3767
3758
3758
3758
3758
3758
3758
3758
3758
3758
3758
3749
3749
3749
3749
3749
3749
3749
3749
3749
3749
3740
3740
3740
3740
3740
3740
3740
3740
3740
3740
3731
3731
3731
3731
3731
3731
3731
3731
3731
3731
3722
3722
3722
3722
3722
3722
3722
3722
3722
3722
3713
3713
3713
3713
3713
3713
3713
3713
3713
3713
3704
3704
3704
3704
3704
3704
3704
3704
3704
3704
3695
3695
3695
3695
3695
3695
3695
3695
3695
3695
3686
3686
3686
3686
3686
3686
3686
3686
3686
3686
3677
3677
3677
3677
3677
3677
3677
3677
3677
3677
3668
3668
3668
3668
3668
3668
3668
3668
3668
3668
3659
3659
3659
3659
3659
3659
3659
3659
3659
3659
3650
3650
3650
3650
3650
3650
3650
3650
3650
3650
3641
3641
3641
3641
3641
3641
3641
3641
3641
3641
3632
3632
3632
3632
3632
3632
3632
3632
3632
3632
3623
3623
3623
3623
3623
3623
3623
3623
3623
3623
3614
3614
3614
3614
3614
3614
3614
3614
3614
3614
3605
3605
3605
3605
3605
3605
3605
3605
3605
3605
3596
3596
3596
3596
3596
3596
3596
3596
3596
3596
3587
3587
3587
3587
3587
3587
3587
3587
3587
3587
3578
3578
3578
3578
3578
3578
3578
3578
3578
3578
3569
3569
3569
3569
3569
3569
3569
3569
3569
3569
3560
3560
3560
3560
3560
3560
3560
3560
3560
3560
3551
3551
3551
3551
3551
3551
3551
3551
3551
3551
3542
3542
3542
3542
3542
3542
3542
3542
3542
3542
3533
3533
3533
3533
3533
3533
3533
3533
3533
3533
3524
3524
3524
3524
3524
3524
3524
3524
3524
3524
3515
3515
3515
3515
3515
3515
3515
3515
3515
3515
3506
3506
3506
3506
3506
3506
3506
3506
3506
3506
3497
3497
3497
3497
3497
3497
3497
3497
3497
3497
3488
3488
3488
3488
3488
3488
3488
3488
3488
3488
3479
3479
3479
3479
3479
3479
3479
3479
3479
3479
3470
3470
3470
3470
3470
3470
3470
3470
3470
3470
3461
3461
3461
3461
3461
3461
3461
3461
3461
3461
3452
3452
3452
3452
3452
3452
3452
3452
3452
3452
3443
3443
3443
3443
3443
3443
3443
3443
3443
3443
3434
3434
3434
3434
3434
3434
3434
3434
3434
3434
3425
3425
3425
3425
3425
3425
3425
3425
3425
3425
3416
3416
3416
3416
3416
3416
3416
3416
3416
3416
3407
3407
3407
3407
3407
3407
3407
3407
3407
3407
3398
3398
3398
3398
3398
3398
3398
3398
3398
3398
3389
3389
3389
3389
3389
3389
3389
3389
3389
3389
3380
3380
3380
3380
3380
3380
3380
3380
3380
3380
3371
3371
3371
3371
3371
3371
3371
3371
3371
3371
3362
3362
3362
3362
3362
3362
3362
3362
3362
3362
3353
3353
3353
3353
3353
3353
3353
3353
3353
3353
3344
3344
3344
3344
3344
3344
3344
3344
3344
3344
3335
3335
3335
3335
3335
3335
3335
3335
3335
3335
3326
3326
3326
3326
3326
3326
3326
3326
3326
3326
3317
3317
3317
3317
3317
3317
3317
3317
3317
3317
3308
3308
3308
3308
3308
3308
3308
3308
3308
3308
3299
3299
3299
3299
3299
3299
3299
3299
3299
3299
3290
3290
3290
3290
3290
3290
3290
3290
3290
3290
3281
3281
3281
3281
3281
3281
3281
3281
3281
3281
3272
3272
3272
3272
3272
3272
3272
3272
3272
3272
3263
3263
3263
3263
3263
3263
3263
3263
3263
3263
3254
3254
3254
3254
3254
3254
3254
3254
3254
3254
3245
3245
3245
3245
3245
3245
3245
3245
3245
3245
3236
3236
3236
3236
3236
3236
3236
3236
3236
3236
3227
3227
3227
3227
3227
3227
3227
3227
3227
3227
3218
3218
3218
3218
3218
3218
3218
3218
3218
3218
3209
3209
3209
3209
3209
3209
3209
3209
3209
3209
3200
3200
3200
3200
3200
3200
3200
3200
3200
3200
3191
3191
3191
3191
3191
3191
3191
3191
3191
3191
3182
3182
3182
3182
3182
3182
3182
3182
3182
3182
3173
3173
3173
3173
3173
3173
3173
3173
3173
3173
3164
3164
3164
3164
3164
3164
3164
3164
3164
3164
3155
3155
3155
3155
3155
3155
3155
3155
3155
3155
3146
3146
3146
3146
3146
3146
3146
3146
3146
3146
3137
3137
3137
3137
3137
3137
3137
3137
3137
3137
3128
3128
3128
3128
3128
3128
3128
3128
3128
3128
3119
3119
3119
3119
3119
3119
3119
3119
3119
3119
3110
3110
3110
3110
3110
3110
3110
3110
3110
3110
3101
3101
3101
3101
3101
3101
3101
3101
3101
3101
3092
3092
3092
3092
3092
3092
3092
3092
3092
3092
3083
3083
3083
3083
3083
3083
3083
3083
3083
3083
3074
3074
3074
3074
3074
3074
3074
3074
3074
3074
3065
3065
3065
3065
3065
3065
3065
3065
3065
3065
3056
3056
3056
3056
3056
3056
3056
3056
3056
3056
3047
3047
3047
3047
3047
3047
3047
3047
3047
3047
3038
3038
3038
3038
3038
3038
3038
3038
3038
3038
3029
3029
3029
3029
3029
3029
3029
3029
3029
3029
3020
3020
3020
3020
3020
3020
3020
3020
3020
3020
3011
3011
3011
3011
3011
3011
3011
3011
3011
3011
3002
3002
3002
3002
3002
3002
3002
3002
3002
3002
2993
2993
2993
2993
2993
2993
2993
2993
2993
2993
2984
2984
2984
2984
2984
2984
2984
2984
2984
2984
2975
2975
2975
2975
2975
2975
2975
2975
2975
2975
2966
2966
2966
2966
2966
2966
2966
2966
2966
2966
2957
2957
2957
2957
2957
2957
2957
2957
2957
2957
2948
2948
2948
2948
2948
2948
2948
2948
2948
2948
2939
2939
2939
2939
2939
2939
2939
2939
2939
2939
2930
2930
2930
2930
2930
2930
2930
2930
2930
2930
2921
2921
2921
2921
2921
2921
2921
2921
2921
2921
2912
2912
2912
2912
2912
2912
2912
2912
2912
2912
2903
2903
2903
2903
2903
2903
2903
2903
2903
2903
2894
2894
2894
2894
2894
2894
2894
2894
2894
2894
2885
2885
2885
2885
2885
2885
2885
2885
2885
2885
2876
2876
2876
2876
2876
2876
2876
2876
2876
2876
2867
2867
2867
2867
2867
2867
2867
2867
2867
2867
2858
2858
2858
2858
2858
2858
2858
2858
2858
2858
2849
2849
2849
2849
2849
2849
2849
2849
2849
2849
2840
2840
2840
2840
2840
2840
2840
2840
2840
2840
2831
2831
2831
2831
2831
2831
2831
2831
2831
2831
2822
2822
2822
2822
2822
2822
2822
2822
2822
2822
2813
2813
2813
2813
2813
2813
2813
2813
2813
2813
2804
2804
2804
2804
2804
2804
2804
2804
2804
2804
2795
2795
2795
2795
2795
2795
2795
2795
2795
2795
2786
2786
2786
2786
2786
2786
2786
2786
2786
2786
2777
2777
2777
2777
2777
2777
2777
2777
2777
2777
2768
2768
2768
2768
2768
2768
2768
2768
2768
2768
2759
2759
2759
2759
2759
2759
2759
2759
2759
2759
2750
2750
2750
2750
2750
2750
2750
2750
2750
2750
2741
2741
2741
2741
2741
2741
2741
2741
2741
2741
2732
2732
2732
2732
2732
2732
2732
2732
2732
2732
2723
2723
2723
2723
2723
2723
2723
2723
2723
2723
2714
2714
2714
2714
2714
2714
2714
2714
2714
2714
2705
2705
2705
2705
2705
2705
2705
2705
2705
2705
2696
2696
2696
2696
2696
2696
2696
2696
2696
2696
2687
2687
2687
2687
2687
2687
2687
2687
2687
2687
2678
2678
2678
2678
2678
2678
2678
2678
2678
2678
2669
2669
2669
2669
2669
2669
2669
2669
2669
2669
2660
2660
2660
2660
2660
2660
2660
2660
2660
2660
2651
2651
2651
2651
2651
2651
2651
2651
2651
2651
2642
2642
2642
2642
2642
2642
2642
2642
2642
2642
2633
2633
2633
2633
2633
2633
2633
2633
2633
2633
2624
2624
2624
2624
2624
2624
2624
2624
2624
2624
2615
2615
2615
2615
2615
2615
2615
2615
2615
2615
2606
2606
2606
2606
2606
2606
2606
2606
2606
2606
2597
2597
2597
2597
2597
2597
2597
2597
2597
2597
2588
2588
2588
2588
2588
2588
2588
2588
2588
2588
2579
2579
2579
2579
2579
2579
2579
2579
2579
2579
2570
2570
2570
2570
2570
2570
2570
2570
2570
2570
2561
2561
2561
2561
2561
2561
2561
2561
2561
2561
2552
2552
2552
2552
2552
2552
2552
2552
2552
2552
2543
2543
2543
2543
2543
2543
2543
2543
2543
2543
2534
2534
2534
2534
2534
2534
2534
2534
2534
2534
2525
2525
2525
2525
2525
2525
2525
2525
2525
2525
2516
2516
2516
2516
2516
2516
2516
2516
2516
2516
2507
2507
2507
2507
2507
2507
2507
2507
2507
2507
2498
2498
2498
2498
2498
2498
2498
2498
2498
2498
2489
2489
2489
2489
2489
2489
2489
2489
2489
2489
2480
2480
2480
2480
2480
2480
2480
2480
2480
2480
2471
2471
2471
2471
2471
2471
2471
2471
2471
2471
2462
2462
2462
2462
2462
2462
2462
2462
2462
2462
2453
2453
2453
2453
2453
2453
2453
2453
2453
2453
2444
2444
2444
2444
2444
2444
2444
2444
2444
2444
2435
2435
2435
2435
2435
2435
2435
2435
2435
2435
2426
2426
2426
2426
2426
2426
2426
2426
2426
2426
2417
2417
2417
2417
2417
2417
2417
2417
2417
2417
2408
2408
2408
2408
2408
2408
2408
2408
2408
2408
2399
2399
2399
2399
2399
2399
2399
2399
2399
2399
2390
2390
2390
2390
2390
2390
2390
2390
2390
2390
2381
2381
2381
2381
2381
2381
2381
2381
2381
2381
2372
2372
2372
2372
2372
2372
2372
2372
2372
2372
2363
2363
2363
2363
2363
2363
2363
2363
2363
2363
2354
2354
2354
2354
2354
2354
2354
2354
2354
2354
2345
2345
2345
2345
2345
2345
2345
2345
2345
2345
2336
2336
2336
2336
2336
2336
2336
2336
2336
2336
2327
2327
2327
2327
2327
2327
2327
2327
2327
2327
2318
2318
2318
2318
2318
2318
2318
2318
2318
2318
2309
2309
2309
2309
2309
2309
2309
2309
2309
2309
2300
2300
2300
2300
2300
2300
2300
2300
2300
2300
2291
2291
2291
2291
2291
2291
2291
2291
2291
2291
2282
2282
2282
2282
2282
2282
2282
2282
2282
2282
2273
2273
2273
2273
2273
2273
2273
2273
2273
2273
2264
2264
2264
2264
2264
2264
2264
2264
2264
2264
2255
2255
2255
2255
2255
2255
2255
2255
2255
2255
2246
2246
2246
2246
2246
2246
2246
2246
2246
2246
2237
2237
2237
2237
2237
2237
2237
2237
2237
2237
2228
2228
2228
2228
2228
2228
2228
2228
2228
2228
2219
2219
2219
2219
2219
2219
2219
2219
2219
2219
2210
2210
2210
2210
2210
2210
2210
2210
2210
2210
2201
2201
2201
2201
2201
2201
2201
2201
2201
2201
2192
2192
2192
2192
2192
2192
2192
2192
2192
2192
2183
2183
2183
2183
2183
2183
2183
2183
2183
2183
2174
2174
2174
2174
2174
2174
2174
2174
2174
2174
2165
2165
2165
2165
2165
2165
2165
2165
2165
2165
2156
2156
2156
2156
2156
2156
2156
2156
2156
2156
2147
2147
2147
2147
2147
2147
2147
2147
2147
2147
2138
2138
2138
2138
2138
2138
2138
2138
2138
2138
2129
2129
2129
2129
2129
2129
2129
2129
2129
2129
2120
2120
2120
2120
2120
2120
2120
2120
2120
2120
2111
2111
2111
2111
2111
2111
2111
2111
2111
2111
2102
2102
2102
2102
2102
2102
2102
2102
2102
2102
2093
2093
2093
2093
2093
2093
2093
2093
2093
2093
2084
2084
2084
2084
2084
2084
2084
2084
2084
2084
2075
2075
2075
2075
2075
2075
2075
2075
2075
2075
2066
2066
2066
2066
2066
2066
2066
2066
2066
2066
2057
2057
2057
2057
2057
2057
2057
2057
2057
2057
2048
2048
2048
2048
2048
2048
2048
2048
2048
2048
2039
2039
2039
2039
2039
2039
2039
2039
2039
2039
2030
2030
2030
2030
2030
2030
2030
2030
2030
2030
2021
2021
2021
2021
2021
2021
2021
2021
2021
2021
2012
2012
2012
2012
2012
2012
2012
2012
2012
2012
2003
2003
2003
2003
2003
2003
2003
2003
2003
2003
1994
1994
1994
1994
1994
1994
1994
1994
1994
1994
1985
1985
1985
1985
1985
1985
1985
1985
1985
1985
1976
1976
1976
1976
1976
1976
1976
1976
1976
1976
1967
1967
1967
1967
1967
1967
1967
1967
1967
1967
1958
1958
1958
1958
1958
1958
1958
1958
1958
1958
1949
1949
1949
1949
1949
1949
1949
1949
1949
1949
1940
1940
1940
1940
1940
1940
1940
1940
1940
1940
1931
1931
1931
1931
1931
1931
1931
1931
1931
1931
1922
1922
1922
1922
1922
1922
1922
1922
1922
1922
1913
1913
1913
1913
1913
1913
1913
1913
1913
1913
1904
1904
1904
1904
1904
1904
1904
1904
1904
1904
1895
1895
1895
1895
1895
1895
1895
1895
1895
1895
1886
1886
1886
1886
1886
1886
1886
1886
1886
1886
1877
1877
1877
1877
1877
1877
1877
1877
1877
1877
1868
1868
1868
1868
1868
1868
1868
1868
1868
1868
1859
1859
1859
1859
1859
1859
1859
1859
1859
1859
1850
1850
1850
1850
1850
1850
1850
1850
1850
1850
1841
1841
1841
1841
1841
1841
1841
1841
1841
1841
1832
1832
1832
1832
1832
1832
1832
1832
1832
1832
1823
1823
1823
1823
1823
1823
1823
1823
1823
1823
1814
1814
1814
1814
1814
1814
1814
1814
1814
1814
1805
1805
1805
1805
1805
1805
1805
1805
1805
1805
1796
1796
1796
1796
1796
1796
1796
1796
1796
1796
1787
1787
1787
1787
1787
1787
1787
1787
1787
1787
1778
1778
1778
1778
1778
1778
1778
1778
1778
1778
1769
1769
1769
1769
1769
1769
1769
1769
1769
1769
1760
1760
1760
1760
1760
1760
1760
1760
1760
1760
1751
1751
1751
1751
1751
1751
1751
1751
1751
1751
1742
1742
1742
1742
1742
1742
1742
1742
1742
1742
1733
1733
1733
1733
1733
1733
1733
1733
1733
1733
1724
1724
1724
1724
1724
1724
1724
1724
1724
1724
1715
1715
1715
1715
1715
1715
1715
1715
1715
1715
1706
1706
1706
1706
1706
1706
1706
1706
1706
1706
1697
1697
1697
1697
1697
1697
1697
1697
1697
1697
1688
1688
1688
1688
1688
1688
1688
1688
1688
1688
1679
1679
1679
1679
1679
1679
1679
1679
1679
1679
1670
1670
1670
1670
1670
1670
1670
1670
1670
1670
1661
1661
1661
1661
1661
1661
1661
1661
1661
1661
1652
1652
1652
1652
1652
1652
1652
1652
1652
1652
1643
1643
1643
1643
1643
1643
1643
1643
1643
1643
1634
1634
1634
1634
1634
1634
1634
1634
1634
1634
1625
1625
1625
1625
1625
1625
1625
1625
1625
1625
1616
1616
1616
1616
1616
1616
1616
1616
1616
1616
1607
1607
1607
1607
1607
1607
1607
1607
1607
1607
1598
1598
1598
1598
1598
1598
1598
1598
1598
1598
1589
1589
1589
1589
1589
1589
1589
1589
1589
1589
1580
1580
1580
1580
1580
1580
1580
1580
1580
1580
1571
1571
1571
1571
1571
1571
1571
1571
1571
1571
1562
1562
1562
1562
1562
1562
1562
1562
1562
1562
1553
1553
1553
1553
1553
1553
1553
1553
1553
1553
1544
1544
1544
1544
1544
1544
1544
1544
1544
1544
1535
1535
1535
1535
1535
1535
1535
1535
1535
1535
1526
1526
1526
1526
1526
1526
1526
1526
1526
1526
1517
1517
1517
1517
1517
1517
1517
1517
1517
1517
1508
1508
1508
1508
1508
1508
1508
1508
1508
1508
1499
1499
1499
1499
1499
1499
1499
1499
1499
1499
1490
1490
1490
1490
1490
1490
1490
1490
1490
1490
1481
1481
1481
1481
1481
1481
1481
1481
1481
1481
1472
1472
1472
1472
1472
1472
1472
1472
1472
1472
1463
1463
1463
1463
1463
1463
1463
1463
1463
1463
1454
1454
1454
1454
1454
1454
1454
1454
1454
1454
1445
1445
1445
1445
1445
1445
1445
1445
1445
1445
1436
1436
1436
1436
1436
1436
1436
1436
1436
1436
1427
1427
1427
1427
1427
1427
1427
1427
1427
1427
1418
1418
1418
1418
1418
1418
1418
1418
1418
1418
1409
1409
1409
1409
1409
1409
1409
1409
1409
1409
1400
1400
1400
1400
1400
1400
1400
1400
1400
1400
1391
1391
1391
1391
1391
1391
1391
1391
1391
1391
1382
1382
1382
1382
1382
1382
1382
1382
1382
1382
1373
1373
1373
1373
1373
1373
1373
1373
1373
1373
1364
1364
1364
1364
1364
1364
1364
1364
1364
1364
1355
1355
1355
1355
1355
1355
1355
1355
1355
1355
1346
1346
1346
1346
1346
1346
1346
1346
1346
1346
1337
1337
1337
1337
1337
1337
1337
1337
1337
1337
1328
1328
1328
1328
1328
1328
1328
1328
1328
1328
1319
1319
1319
1319
1319
1319
1319
1319
1319
1319
1310
1310
1310
1310
1310
1310
1310
1310
1310
1310
1301
1301
1301
1301
1301
1301
1301
1301
1301
1301
1292
1292
1292
1292
1292
1292
1292
1292
1292
1292
1283
1283
1283
1283
1283
1283
1283
1283
1283
1283
1274
1274
1274
1274
1274
1274
1274
1274
1274
1274
1265
1265
1265
1265
1265
1265
1265
1265
1265
1265
1256
1256
1256
1256
1256
1256
1256
1256
1256
1256
1247
1247
1247
1247
1247
1247
1247
1247
1247
1247
1238
1238
1238
1238
1238
1238
1238
1238
1238
1238
1229
1229
1229
1229
1229
1229
1229
1229
1229
1229
1220
1220
1220
1220
1220
1220
1220
1220
1220
1220
1211
1211
1211
1211
1211
1211
1211
1211
1211
1211
1202
1202
1202
1202
1202
1202
1202
1202
1202
1202
1193
1193
1193
1193
1193
1193
1193
1193
1193
1193
1184
1184
1184
1184
1184
1184
1184
1184
1184
1184
1175
1175
1175
1175
1175
1175
1175
1175
1175
1175
1166
1166
1166
1166
1166
1166
1166
1166
1166
1166
1157
1157
1157
1157
1157
1157
1157
1157
1157
1157
1148
1148
1148
1148
1148
1148
1148
1148
1148
1148
1139
1139
1139
1139
1139
1139
1139
1139
1139
1139
1130
1130
1130
1130
1130
1130
1130
1130
1130
1130
1121
1121
1121
1121
1121
1121
1121
1121
1121
1121
1112
1112
1112
1112
1112
1112
1112
1112
1112
1112
1103
1103
1103
1103
1103
1103
1103
1103
1103
1103
1094
1094
1094
1094
1094
1094
1094
1094
1094
1094
1085
1085
1085
1085
1085
1085
1085
1085
1085
1085
1076
1076
1076
1076
1076
1076
1076
1076
1076
1076
1067
1067
1067
1067
1067
1067
1067
1067
1067
1067
1058
1058
1058
1058
1058
1058
1058
1058
1058
1058
1049
1049
1049
1049
1049
1049
1049
1049
1049
1049
1040
1040
1040
1040
1040
1040
1040
1040
1040
1040
1031
1031
1031
1031
1031
1031
1031
1031
1031
1031
1022
1022
1022
1022
1022
1022
1022
1022
1022
1022
1013
1013
1013
1013
1013
1013
1013
1013
1013
1013
1004
1004
1004
1004
1004
1004
1004
1004
1004
1004
995
995
995
995
995
995
995
995
995
995
986
986
986
986
986
986
986
986
986
986
977
977
977
977
977
977
977
977
977
977
968
968
968
968
968
968
968
968
968
968
959
959
959
959
959
959
959
959
959
959
950
950
950
950
950
950
950
950
950
950
941
941
941
941
941
941
941
941
941
941
932
932
932
932
932
932
932
932
932
932
923
923
923
923
923
923
923
923
923
923
914
914
914
914
914
914
914
914
914
914
905
905
905
905
905
905
905
905
905
905
896
896
896
896
896
896
896
896
896
896
887
887
887
887
887
887
887
887
887
887
878
878
878
878
878
878
878
878
878
878
869
869
869
869
869
869
869
869
869
869
860
860
860
860
860
860
860
860
860
860
851
851
851
851
851
851
851
851
851
851
842
842
842
842
842
842
842
842
842
842
833
833
833
833
833
833
833
833
833
833
824
824
824
824
824
824
824
824
824
824
815
815
815
815
815
815
815
815
815
815
806
806
806
806
806
806
806
806
806
806
797
797
797
797
797
797
797
797
797
797
788
788
788
788
788
788
788
788
788
788
779
779
779
779
779
779
779
779
779
779
770
770
770
770
770
770
770
770
770
770
761
761
761
761
761
761
761
761
761
761
752
752
752
752
752
752
752
752
752
752
743
743
743
743
743
743
743
743
743
743
734
734
734
734
734
734
734
734
734
734
725
725
725
725
725
725
725
725
725
725
716
716
716
716
716
716
716
716
716
716
707
707
707
707
707
707
707
707
707
707
698
698
698
698
698
698
698
698
698
698
689
689
689
689
689
689
689
689
689
689
680
680
680
680
680
680
680
680
680
680
671
671
671
671
671
671
671
671
671
671
662
662
662
662
662
662
662
662
662
662
653
653
653
653
653
653
653
653
653
653
644
644
644
644
644
644
644
644
644
644
635
635
635
635
635
635
635
635
635
635
626
626
626
626
626
626
626
626
626
626
617
617
617
617
617
617
617
617
617
617
608
608
608
608
608
608
608
608
608
608
599
599
599
599
599
599
599
599
599
599
590
590
590
590
590
590
590
590
590
590
581
581
581
581
581
581
581
581
581
581
572
572
572
572
572
572
572
572
572
572
563
563
563
563
563
563
563
563
563
563
554
554
554
554
554
554
554
554
554
554
545
545
545
545
545
545
545
545
545
545
536
536
536
536
536
536
536
536
536
536
527
527
527
527
527
527
527
527
527
527
518
518
518
518
518
518
518
518
518
518
509
509
509
509
509
509
509
509
509
509
500
