200
200
200
200
200
200
200
200
200
200
200
200
200
200
200
200
200
200
200
200
200
200
200
200
200
200
200
200
200
200
200
200
200
200
200
200
200
200
200
200
200
200
199
199
199
199
199
199
199
199
199
199
199
199
199
199
199
199
199
199
199
199
199
199
199
199
199
199
199
199
199
199
199
199
199
199
199
199
199
199
199
199
199
199
199
199
199
199
199
199
199
199
199
199
199
199
199
199
199
199
199
199
199
199
199
199
199
199
199
199
199
199
199
199
199
199
199
199
199
199
199
199
199
199
199
199
199
199
199
199
199
199
199
199
199
199
199
199
199
199
199
199
199
199
199
199
199
199
199
199
199
199
199
199
199
199
199
199
199
199
199
199
199
199
199
199
199
199
199
199
199
199
199
199
199
199
199
199
199
199
199
199
199
199
199
199
199
199
199
199
199
199
199
199
199
199
199
199
199
199
199
199
199
199
199
199
199
199
199
199
199
199
199
199
199
199
199
199
199
199
199
199
199
199
199
199
199
199
199
199
199
199
199
199
199
199
199
199
199
199
199
199
199
199
199
199
197
197
197
197
197
197
197
197
197
197
197
197
197
197
197
197
197
196
196
196
196
196
196
196
196
196
196
196
196
196
196
196
196
196
196
196
196
196
196
196
196
196
196
196
196
196
196
196
196
196
196
196
192
192
192
192
192
192
192
192
192
192
192
192
192
192
192
192
192
192
192
192
192
185
185
185
185
185
185
185
180
180
177
177
177
173
168
168
160
160
160
131
131
131
131
131
131
131
131
131
131
131
131
131
131
131
131
131
131
129
129
129
126
126
126
126
126
126
120
120
120
116
116
114
114
114
114
106
106
106
106
106
106
106
106
101
101
98
98
97
96
95
95
93
91
91
91
88
88
88
88
88
88
87
87
86
85
85
84
80
80
80
80
80
79
78
75
75
75
73
73
73
72
72
72
70
70
70
70
70
70
70
70
70
70
69
69
69
69
69
69
69
69
69
69
69
69
69
69
69
69
68
68
68
68
68
66
66
66
66
66
66
66
65
64
64
63
63
63
63
63
63
63
63
63
63
63
62
61
61
61
61
61
58
56
56
56
55
55
55
55
55
55
55
55
55
52
51
51
51
51
51
51
51
