10000
10000
10000
10000
10000
10000
10000
10000
10000
10000
10000
9989
9989
9989
9989
9989
9989
9989
9989
9989
9989
9989
9989
9978
9978
9978
9978
9978
9978
9978
9978
9978
9978
9978
9978
9967
9967
9967
9967
9967
9967
9967
9967
9967
9967
9967
9967
9956
9956
9956
9956
9956
9956
9956
9956
9956
9956
9956
9956
9945
9945
9945
9945
9945
9945
9945
9945
9945
9945
9945
9945
9934
9934
9934
9934
9934
9934
9934
9934
9934
9934
9934
9934
9923
9923
9923
9923
9923
9923
9923
9923
9923
9923
9923
9923
9912
9912
9912
9912
9912
9912
9912
9912
9912
9912
9912
9912
9901
9901
9901
9901
9901
9901
9901
9901
9901
9901
9901
9901
9890
9890
9890
9890
9890
9890
9890
9890
9890
9890
9890
9890
9879
9879
9879
9879
9879
9879
9879
9879
9879
9879
9879
9879
9868
9868
9868
9868
9868
9868
9868
9868
9868
9868
9868
9868
9857
9857
9857
9857
9857
9857
9857
9857
9857
9857
9857
9857
9846
9846
9846
9846
9846
9846
9846
9846
9846
9846
9846
9846
9835
9835
9835
9835
9835
9835
9835
9835
9835
9835
9835
9835
9824
9824
9824
9824
9824
9824
9824
9824
9824
9824
9824
9824
9813
9813
9813
9813
9813
9813
9813
9813
9813
9813
9813
9813
9802
9802
9802
9802
9802
9802
9802
9802
9802
9802
9802
9802
9791
9791
9791
9791
9791
9791
9791
9791
9791
9791
9791
9791
9780
9780
9780
9780
9780
9780
9780
9780
9780
9780
9780
9780
9769
9769
9769
9769
9769
9769
9769
9769
9769
9769
9769
9769
9758
9758
9758
9758
9758
9758
9758
9758
9758
9758
9758
9758
9747
9747
9747
9747
9747
9747
9747
9747
9747
9747
9747
9747
9736
9736
9736
9736
9736
9736
9736
9736
9736
9736
9736
9736
9725
9725
9725
9725
9725
9725
9725
9725
9725
9725
9725
9725
9714
9714
9714
9714
9714
9714
9714
9714
9714
9714
9714
9714
9703
9703
9703
9703
9703
9703
9703
9703
9703
9703
9703
9703
9692
9692
9692
9692
9692
9692
9692
9692
9692
9692
9692
9692
9681
9681
9681
9681
9681
9681
9681
9681
9681
9681
9681
9681
9670
9670
9670
9670
9670
9670
9670
9670
9670
9670
9670
9670
9659
9659
9659
9659
9659
9659
9659
9659
9659
9659
9659
9659
9648
9648
9648
9648
9648
9648
9648
9648
9648
9648
9648
9648
9637
9637
9637
9637
9637
9637
9637
9637
9637
9637
9637
9637
9626
9626
9626
9626
9626
9626
9626
9626
9626
9626
9626
9626
9615
9615
9615
9615
9615
9615
9615
9615
9615
9615
9615
9615
9604
9604
9604
9604
9604
9604
9604
9604
9604
9604
9604
9604
9593
9593
9593
9593
9593
9593
9593
9593
9593
9593
9593
9593
9582
9582
9582
9582
9582
9582
9582
9582
9582
9582
9582
9582
9571
9571
9571
9571
9571
9571
9571
9571
9571
9571
9571
9571
9560
9560
9560
9560
9560
9560
9560
9560
9560
9560
9560
9560
9549
9549
9549
9549
9549
9549
9549
9549
9549
9549
9549
9549
9538
9538
9538
9538
9538
9538
9538
9538
9538
9538
9538
9538
9527
9527
9527
9527
9527
9527
9527
9527
9527
9527
9527
9527
9516
9516
9516
9516
9516
9516
9516
9516
9516
9516
9516
9516
9505
9505
9505
9505
9505
9505
9505
9505
9505
9505
9505
9505
9494
9494
9494
9494
9494
9494
9494
9494
9494
9494
9494
9494
9483
9483
9483
9483
9483
9483
9483
9483
9483
9483
9483
9483
9472
9472
9472
9472
9472
9472
9472
9472
9472
9472
9472
9472
9461
9461
9461
9461
9461
9461
9461
9461
9461
9461
9461
9461
9450
9450
9450
9450
9450
9450
9450
9450
9450
9450
9450
9450
9439
9439
9439
9439
9439
9439
9439
9439
9439
9439
9439
9439
9428
9428
9428
9428
9428
9428
9428
9428
9428
9428
9428
9428
9417
9417
9417
9417
9417
9417
9417
9417
9417
9417
9417
9417
9406
9406
9406
9406
9406
9406
9406
9406
9406
9406
9406
9406
9395
9395
9395
9395
9395
9395
9395
9395
9395
9395
9395
9395
9384
9384
9384
9384
9384
9384
9384
9384
9384
9384
9384
9384
9373
9373
9373
9373
9373
9373
9373
9373
9373
9373
9373
9373
9362
9362
9362
9362
9362
9362
9362
9362
9362
9362
9362
9362
9351
9351
9351
9351
9351
9351
9351
9351
9351
9351
9351
9351
9340
9340
9340
9340
9340
9340
9340
9340
9340
9340
9340
9340
9329
9329
9329
9329
9329
9329
9329
9329
9329
9329
9329
9329
9318
9318
9318
9318
9318
9318
9318
9318
9318
9318
9318
9318
9307
9307
9307
9307
9307
9307
9307
9307
9307
9307
9307
9307
9296
9296
9296
9296
9296
9296
9296
9296
9296
9296
9296
9296
9285
9285
9285
9285
9285
9285
9285
9285
9285
9285
9285
9285
9274
9274
9274
9274
9274
9274
9274
9274
9274
9274
9274
9274
9263
9263
9263
9263
9263
9263
9263
9263
9263
9263
9263
9263
9252
9252
9252
9252
9252
9252
9252
9252
9252
9252
9252
9252
9241
9241
9241
9241
9241
9241
9241
9241
9241
9241
9241
9241
9230
9230
9230
9230
9230
9230
9230
9230
9230
9230
9230
9230
9219
9219
9219
9219
9219
9219
9219
9219
9219
9219
9219
9219
9208
9208
9208
9208
9208
9208
9208
9208
9208
9208
9208
9208
9197
9197
9197
9197
9197
9197
9197
9197
9197
9197
9197
9197
9186
9186
9186
9186
9186
9186
9186
9186
9186
9186
9186
9186
9175
9175
9175
9175
9175
9175
9175
9175
9175
9175
9175
9175
9164
9164
9164
9164
9164
9164
9164
9164
9164
9164
9164
9164
9153
9153
9153
9153
9153
9153
9153
9153
9153
9153
9153
9153
9142
9142
9142
9142
9142
9142
9142
9142
9142
9142
9142
9142
9131
9131
9131
9131
9131
9131
9131
9131
9131
9131
9131
9131
9120
9120
9120
9120
9120
9120
9120
9120
9120
9120
9120
9120
9109
9109
9109
9109
9109
9109
9109
9109
9109
9109
9109
9109
9098
9098
9098
9098
9098
9098
9098
9098
9098
9098
9098
9098
9087
9087
9087
9087
9087
9087
9087
9087
9087
9087
9087
9087
9076
9076
9076
9076
9076
9076
9076
9076
9076
9076
9076
9076
9065
9065
9065
9065
9065
9065
9065
9065
9065
9065
9065
9065
9054
9054
9054
9054
9054
9054
9054
9054
9054
9054
9054
9054
9043
9043
9043
9043
9043
9043
9043
9043
9043
9043
9043
9043
9032
9032
9032
9032
9032
9032
9032
9032
9032
9032
9032
9032
9021
9021
9021
9021
9021
9021
9021
9021
9021
9021
9021
9021
9010
9010
9010
9010
9010
9010
9010
9010
9010
9010
9010
9010
8999
8999
8999
8999
8999
8999
8999
8999
8999
8999
8999
8999
8988
8988
8988
8988
8988
8988
8988
8988
8988
8988
8988
8988
8977
8977
8977
8977
8977
8977
8977
8977
8977
8977
8977
8977
8966
8966
8966
8966
8966
8966
8966
8966
8966
8966
8966
8966
8955
8955
8955
8955
8955
8955
8955
8955
8955
8955
8955
8955
8944
8944
8944
8944
8944
8944
8944
8944
8944
8944
8944
8944
8933
8933
8933
8933
8933
8933
8933
8933
8933
8933
8933
8933
8922
8922
8922
8922
8922
8922
8922
8922
8922
8922
8922
8922
8911
8911
8911
8911
8911
8911
8911
8911
8911
8911
8911
8911
8900
8900
8900
8900
8900
8900
8900
8900
8900
8900
8900
8900
8889
8889
8889
8889
8889
8889
8889
8889
8889
8889
8889
8889
8878
8878
8878
8878
8878
8878
8878
8878
8878
8878
8878
8878
8867
8867
8867
8867
8867
8867
8867
8867
8867
8867
8867
8867
8856
8856
8856
8856
8856
8856
8856
8856
8856
8856
8856
8856
8845
8845
8845
8845
8845
8845
8845
8845
8845
8845
8845
8845
8834
8834
8834
8834
8834
8834
8834
8834
8834
8834
8834
8834
8823
8823
8823
8823
8823
8823
8823
8823
8823
8823
8823
8823
8812
8812
8812
8812
8812
8812
8812
8812
8812
8812
8812
8812
8801
8801
8801
8801
8801
8801
8801
8801
8801
8801
8801
8801
8790
8790
8790
8790
8790
8790
8790
8790
8790
8790
8790
8790
8779
8779
8779
8779
8779
8779
8779
8779
8779
8779
8779
8779
8768
8768
8768
8768
8768
8768
8768
8768
8768
8768
8768
8768
8757
8757
8757
8757
8757
8757
8757
8757
8757
8757
8757
8757
8746
8746
8746
8746
8746
8746
8746
8746
8746
8746
8746
8746
8735
8735
8735
8735
8735
8735
8735
8735
8735
8735
8735
8735
8724
8724
8724
8724
8724
8724
8724
8724
8724
8724
8724
8724
8713
8713
8713
8713
8713
8713
8713
8713
8713
8713
8713
8713
8702
8702
8702
8702
8702
8702
8702
8702
8702
8702
8702
8702
8691
8691
8691
8691
8691
8691
8691
8691
8691
8691
8691
8691
8680
8680
8680
8680
8680
8680
8680
8680
8680
8680
8680
8680
8669
8669
8669
8669
8669
8669
8669
8669
8669
8669
8669
8669
8658
8658
8658
8658
8658
8658
8658
8658
8658
8658
8658
8658
8647
8647
8647
8647
8647
8647
8647
8647
8647
8647
8647
8647
8636
8636
8636
8636
8636
8636
8636
8636
8636
8636
8636
8636
8625
8625
8625
8625
8625
8625
8625
8625
8625
8625
8625
8625
8614
8614
8614
8614
8614
8614
8614
8614
8614
8614
8614
8614
8603
8603
8603
8603
8603
8603
8603
8603
8603
8603
8603
8603
8592
8592
8592
8592
8592
8592
8592
8592
8592
8592
8592
8592
8581
8581
8581
8581
8581
8581
8581
8581
8581
8581
8581
8581
8570
8570
8570
8570
8570
8570
8570
8570
8570
8570
8570
8570
8559
8559
8559
8559
8559
8559
8559
8559
8559
8559
8559
8559
8548
8548
8548
8548
8548
8548
8548
8548
8548
8548
8548
8548
8537
8537
8537
8537
8537
8537
8537
8537
8537
8537
8537
8537
8526
8526
8526
8526
8526
8526
8526
8526
8526
8526
8526
8526
8515
8515
8515
8515
8515
8515
8515
8515
8515
8515
8515
8515
8504
8504
8504
8504
8504
8504
8504
8504
8504
8504
8504
8504
8493
8493
8493
8493
8493
8493
8493
8493
8493
8493
8493
8493
8482
8482
8482
8482
8482
8482
8482
8482
8482
8482
8482
8482
8471
8471
8471
8471
8471
8471
8471
8471
8471
8471
8471
8471
8460
8460
8460
8460
8460
8460
8460
8460
8460
8460
8460
8460
8449
8449
8449
8449
8449
8449
8449
8449
8449
8449
8449
8449
8438
8438
8438
8438
8438
8438
8438
8438
8438
8438
8438
8438
8427
8427
8427
8427
8427
8427
8427
8427
8427
8427
8427
8427
8416
8416
8416
8416
8416
8416
8416
8416
8416
8416
8416
8416
8405
8405
8405
8405
8405
8405
8405
8405
8405
8405
8405
8405
8394
8394
8394
8394
8394
8394
8394
8394
8394
8394
8394
8394
8383
8383
8383
8383
8383
8383
8383
8383
8383
8383
8383
8383
8372
8372
8372
8372
8372
8372
8372
8372
8372
8372
8372
8372
8361
8361
8361
8361
8361
8361
8361
8361
8361
8361
8361
8361
8350
8350
8350
8350
8350
8350
8350
8350
8350
8350
8350
8350
8339
8339
8339
8339
8339
8339
8339
8339
8339
8339
8339
8339
8328
8328
8328
8328
8328
8328
8328
8328
8328
8328
8328
8328
8317
8317
8317
8317
8317
8317
8317
8317
8317
8317
8317
8317
8306
8306
8306
8306
8306
8306
8306
8306
8306
8306
8306
8306
8295
8295
8295
8295
8295
8295
8295
8295
8295
8295
8295
8295
8284
8284
8284
8284
8284
8284
8284
8284
8284
8284
8284
8284
8273
8273
8273
8273
8273
8273
8273
8273
8273
8273
8273
8273
8262
8262
8262
8262
8262
8262
8262
8262
8262
8262
8262
8262
8251
8251
8251
8251
8251
8251
8251
8251
8251
8251
8251
8251
8240
8240
8240
8240
8240
8240
8240
8240
8240
8240
8240
8240
8229
8229
8229
8229
8229
8229
8229
8229
8229
8229
8229
8229
8218
8218
8218
8218
8218
8218
8218
8218
8218
8218
8218
8218
8207
8207
8207
8207
8207
8207
8207
8207
8207
8207
8207
8207
8196
8196
8196
8196
8196
8196
8196
8196
8196
8196
8196
8196
8185
8185
8185
8185
8185
8185
8185
8185
8185
8185
8185
8185
8174
8174
8174
8174
8174
8174
8174
8174
8174
8174
8174
8174
8163
8163
8163
8163
8163
8163
8163
8163
8163
8163
8163
8163
8152
8152
8152
8152
8152
8152
8152
8152
8152
8152
8152
8152
8141
8141
8141
8141
8141
8141
8141
8141
8141
8141
8141
8141
8130
8130
8130
8130
8130
8130
8130
8130
8130
8130
8130
8130
8119
8119
8119
8119
8119
8119
8119
8119
8119
8119
8119
8119
8108
8108
8108
8108
8108
8108
8108
8108
8108
8108
8108
8108
8097
8097
8097
8097
8097
8097
8097
8097
8097
8097
8097
8097
8086
8086
8086
8086
8086
8086
8086
8086
8086
8086
8086
8086
8075
8075
8075
8075
8075
8075
8075
8075
8075
8075
8075
8075
8064
8064
8064
8064
8064
8064
8064
8064
8064
8064
8064
8064
8053
8053
8053
8053
8053
8053
8053
8053
8053
8053
8053
8053
8042
8042
8042
8042
8042
8042
8042
8042
8042
8042
8042
8042
8031
8031
8031
8031
8031
8031
8031
8031
8031
8031
8031
8031
8020
8020
8020
8020
8020
8020
8020
8020
8020
8020
8020
8020
8009
8009
8009
8009
8009
8009
8009
8009
8009
8009
8009
8009
7998
7998
7998
7998
7998
7998
7998
7998
7998
7998
7998
7998
7987
7987
7987
7987
7987
7987
7987
7987
7987
7987
7987
7987
7976
7976
7976
7976
7976
7976
7976
7976
7976
7976
7976
7976
7965
7965
7965
7965
7965
7965
7965
7965
7965
7965
7965
7965
7954
7954
7954
7954
7954
7954
7954
7954
7954
7954
7954
7954
7943
7943
7943
7943
7943
7943
7943
7943
7943
7943
7943
7943
7932
7932
7932
7932
7932
7932
7932
7932
7932
7932
7932
7932
7921
7921
7921
7921
7921
7921
7921
7921
7921
7921
7921
7921
7910
7910
7910
7910
7910
7910
7910
7910
7910
7910
7910
7910
7899
7899
7899
7899
7899
7899
7899
7899
7899
7899
7899
7899
7888
7888
7888
7888
7888
7888
7888
7888
7888
7888
7888
7888
7877
7877
7877
7877
7877
7877
7877
7877
7877
7877
7877
7877
7866
7866
7866
7866
7866
7866
7866
7866
7866
7866
7866
7866
7855
7855
7855
7855
7855
7855
7855
7855
7855
7855
7855
7855
7844
7844
7844
7844
7844
7844
7844
7844
7844
7844
7844
7844
7833
7833
7833
7833
7833
7833
7833
7833
7833
7833
7833
7833
7822
7822
7822
7822
7822
7822
7822
7822
7822
7822
7822
7822
7811
7811
7811
7811
7811
7811
7811
7811
7811
7811
7811
7811
7800
7800
7800
7800
7800
7800
7800
7800
7800
7800
7800
7800
7789
7789
7789
7789
7789
7789
7789
7789
7789
7789
7789
7789
7778
7778
7778
7778
7778
7778
7778
7778
7778
7778
7778
7778
7767
7767
7767
7767
7767
7767
7767
7767
7767
7767
7767
7767
7756
7756
7756
7756
7756
7756
7756
7756
7756
7756
7756
7756
7745
7745
7745
7745
7745
7745
7745
7745
7745
7745
7745
7745
7734
7734
7734
7734
7734
7734
7734
7734
7734
7734
7734
7734
7723
7723
7723
7723
7723
7723
7723
7723
7723
7723
7723
7723
7712
7712
7712
7712
7712
7712
7712
7712
7712
7712
7712
7712
7701
7701
7701
7701
7701
7701
7701
7701
7701
7701
7701
7701
7690
7690
7690
7690
7690
7690
7690
7690
7690
7690
7690
7690
7679
7679
7679
7679
7679
7679
7679
7679
7679
7679
7679
7679
7668
7668
7668
7668
7668
7668
7668
7668
7668
7668
7668
7668
7657
7657
7657
7657
7657
7657
7657
7657
7657
7657
7657
7657
7646
7646
7646
7646
7646
7646
7646
7646
7646
7646
7646
7646
7635
7635
7635
7635
7635
7635
7635
7635
7635
7635
7635
7635
7624
7624
7624
7624
7624
7624
7624
7624
7624
7624
7624
7624
7613
7613
7613
7613
7613
7613
7613
7613
7613
7613
7613
7613
7602
7602
7602
7602
7602
7602
7602
7602
7602
7602
7602
7602
7591
7591
7591
7591
7591
7591
7591
7591
7591
7591
7591
7591
7580
7580
7580
7580
7580
7580
7580
7580
7580
7580
7580
7580
7569
7569
7569
7569
7569
7569
7569
7569
7569
7569
7569
7569
7558
7558
7558
7558
7558
7558
7558
7558
7558
7558
7558
7558
7547
7547
7547
7547
7547
7547
7547
7547
7547
7547
7547
7547
7536
7536
7536
7536
7536
7536
7536
7536
7536
7536
7536
7536
7525
7525
7525
7525
7525
7525
7525
7525
7525
7525
7525
7525
7514
7514
7514
7514
7514
7514
7514
7514
7514
7514
7514
7514
7503
7503
7503
7503
7503
7503
7503
7503
7503
7503
7503
7503
7492
7492
7492
7492
7492
7492
7492
7492
7492
7492
7492
7492
7481
7481
7481
7481
7481
7481
7481
7481
7481
7481
7481
7481
7470
7470
7470
7470
7470
7470
7470
7470
7470
7470
7470
7470
7459
7459
7459
7459
7459
7459
7459
7459
7459
7459
7459
7459
7448
7448
7448
7448
7448
7448
7448
7448
7448
7448
7448
7448
7437
7437
7437
7437
7437
7437
7437
7437
7437
7437
7437
7437
7426
7426
7426
7426
7426
7426
7426
7426
7426
7426
7426
7426
7415
7415
7415
7415
7415
7415
7415
7415
7415
7415
7415
7415
7404
7404
7404
7404
7404
7404
7404
7404
7404
7404
7404
7404
7393
7393
7393
7393
7393
7393
7393
7393
7393
7393
7393
7393
7382
7382
7382
7382
7382
7382
7382
7382
7382
7382
7382
7382
7371
7371
7371
7371
7371
7371
7371
7371
7371
7371
7371
7371
7360
7360
7360
7360
7360
7360
7360
7360
7360
7360
7360
7360
7349
7349
7349
7349
7349
7349
7349
7349
7349
7349
7349
7349
7338
7338
7338
7338
7338
7338
7338
7338
7338
7338
7338
7338
7327
7327
7327
7327
7327
7327
7327
7327
7327
7327
7327
7327
7316
7316
7316
7316
7316
7316
7316
7316
7316
7316
7316
7316
7305
7305
7305
7305
7305
7305
7305
7305
7305
7305
7305
7305
7294
7294
7294
7294
7294
7294
7294
7294
7294
7294
7294
7294
7283
7283
7283
7283
7283
7283
7283
7283
7283
7283
7283
7283
7272
7272
7272
7272
7272
7272
7272
7272
7272
7272
7272
7272
7261
7261
7261
7261
7261
7261
7261
7261
7261
7261
7261
7261
7250
7250
7250
7250
7250
7250
7250
7250
7250
7250
7250
7250
7239
7239
7239
7239
7239
7239
7239
7239
7239
7239
7239
7239
7228
7228
7228
7228
7228
7228
7228
7228
7228
7228
7228
7228
7217
7217
7217
7217
7217
7217
7217
7217
7217
7217
7217
7217
7206
7206
7206
7206
7206
7206
7206
7206
7206
7206
7206
7206
7195
7195
7195
7195
7195
7195
7195
7195
7195
7195
7195
7195
7184
7184
7184
7184
7184
7184
7184
7184
7184
7184
7184
7184
7173
7173
7173
7173
7173
7173
7173
7173
7173
7173
7173
7173
7162
7162
7162
7162
7162
7162
7162
7162
7162
7162
7162
7162
7151
7151
7151
7151
7151
7151
7151
7151
7151
7151
7151
7151
7140
7140
7140
7140
7140
7140
7140
7140
7140
7140
7140
7140
7129
7129
7129
7129
7129
7129
7129
7129
7129
7129
7129
7129
7118
7118
7118
7118
7118
7118
7118
7118
7118
7118
7118
7118
7107
7107
7107
7107
7107
7107
7107
7107
7107
7107
7107
7107
7096
7096
7096
7096
7096
7096
7096
7096
7096
7096
7096
7096
7085
7085
7085
7085
7085
7085
7085
7085
7085
7085
7085
7085
7074
7074
7074
7074
7074
7074
7074
7074
7074
7074
7074
7074
7063
7063
7063
7063
7063
7063
7063
7063
7063
7063
7063
7063
7052
7052
7052
7052
7052
7052
7052
7052
7052
7052
7052
7052
7041
7041
7041
7041
7041
7041
7041
7041
7041
7041
7041
7041
7030
7030
7030
7030
7030
7030
7030
7030
7030
7030
7030
7030
7019
7019
7019
7019
7019
7019
7019
7019
7019
7019
7019
7019
7008
7008
7008
7008
7008
7008
7008
7008
7008
7008
7008
7008
6997
6997
6997
6997
6997
6997
6997
6997
6997
6997
6997
6997
6986
6986
6986
6986
6986
6986
6986
6986
6986
6986
6986
6986
6975
6975
6975
6975
6975
6975
6975
6975
6975
6975
6975
6975
6964
6964
6964
6964
6964
6964
6964
6964
6964
6964
6964
6964
6953
6953
6953
6953
6953
6953
6953
6953
6953
6953
6953
6953
6942
6942
6942
6942
6942
6942
6942
6942
6942
6942
6942
6942
6931
6931
6931
6931
6931
6931
6931
6931
6931
6931
6931
6931
6920
6920
6920
6920
6920
6920
6920
6920
6920
6920
6920
6920
6909
6909
6909
6909
6909
6909
6909
6909
6909
6909
6909
6909
6898
6898
6898
6898
6898
6898
6898
6898
6898
6898
6898
6898
6887
6887
6887
6887
6887
6887
6887
6887
6887
6887
6887
6887
6876
6876
6876
6876
6876
6876
6876
6876
6876
6876
6876
6876
6865
6865
6865
6865
6865
6865
6865
6865
6865
6865
6865
6865
6854
6854
6854
6854
6854
6854
6854
6854
6854
6854
6854
6854
6843
6843
6843
6843
6843
6843
6843
6843
6843
6843
6843
6843
6832
6832
6832
6832
6832
6832
6832
6832
6832
6832
6832
6832
6821
6821
6821
6821
6821
6821
6821
6821
6821
6821
6821
6821
6810
6810
6810
6810
6810
6810
6810
6810
6810
6810
6810
6810
6799
6799
6799
6799
6799
6799
6799
6799
6799
6799
6799
6799
6788
6788
6788
6788
6788
6788
6788
6788
6788
6788
6788
6788
6777
6777
6777
6777
6777
6777
6777
6777
6777
6777
6777
6777
6766
6766
6766
6766
6766
6766
6766
6766
6766
6766
6766
6766
6755
6755
6755
6755
6755
6755
6755
6755
6755
6755
6755
6755
6744
6744
6744
6744
6744
6744
6744
6744
6744
6744
6744
6744
6733
6733
6733
6733
6733
6733
6733
6733
6733
6733
6733
6733
6722
6722
6722
6722
6722
6722
6722
6722
6722
6722
6722
6722
6711
6711
6711
6711
6711
6711
6711
6711
6711
6711
6711
6711
6700
6700
6700
6700
6700
6700
6700
6700
6700
6700
6700
6700
6689
6689
6689
6689
6689
6689
6689
6689
6689
6689
6689
6689
6678
6678
6678
6678
6678
6678
6678
6678
6678
6678
6678
6678
6667
6667
6667
6667
6667
6667
6667
6667
6667
6667
6667
6667
6656
6656
6656
6656
6656
6656
6656
6656
6656
6656
6656
6656
6645
6645
6645
6645
6645
6645
6645
6645
6645
6645
6645
6645
6634
6634
6634
6634
6634
6634
6634
6634
6634
6634
6634
6634
6623
6623
6623
6623
6623
6623
6623
6623
6623
6623
6623
6623
6612
6612
6612
6612
6612
6612
6612
6612
6612
6612
6612
6612
6601
6601
6601
6601
6601
6601
6601
6601
6601
6601
6601
6601
6590
6590
6590
6590
6590
6590
6590
6590
6590
6590
6590
6590
6579
6579
6579
6579
6579
6579
6579
6579
6579
6579
6579
6579
6568
6568
6568
6568
6568
6568
6568
6568
6568
6568
6568
6568
6557
6557
6557
6557
6557
6557
6557
6557
6557
6557
6557
6557
6546
6546
6546
6546
6546
6546
6546
6546
6546
6546
6546
6546
6535
6535
6535
6535
6535
6535
6535
6535
6535
6535
6535
6535
6524
6524
6524
6524
6524
6524
6524
6524
6524
6524
6524
6524
6513
6513
6513
6513
6513
6513
6513
6513
6513
6513
6513
6513
6502
6502
6502
6502
6502
6502
6502
6502
6502
6502
6502
6502
6491
6491
6491
6491
6491
6491
6491
6491
6491
6491
6491
6491
6480
6480
6480
6480
6480
6480
6480
6480
6480
6480
6480
6480
6469
6469
6469
6469
6469
6469
6469
6469
6469
6469
6469
6469
6458
6458
6458
6458
6458
6458
6458
6458
6458
6458
6458
6458
6447
6447
6447
6447
6447
6447
6447
6447
6447
6447
6447
6447
6436
6436
6436
6436
6436
6436
6436
6436
6436
6436
6436
6436
6425
6425
6425
6425
6425
6425
6425
6425
6425
6425
6425
6425
6414
6414
6414
6414
6414
6414
6414
6414
6414
6414
6414
6414
6403
6403
6403
6403
6403
6403
6403
6403
6403
6403
6403
6403
6392
6392
6392
6392
6392
6392
6392
6392
6392
6392
6392
6392
6381
6381
6381
6381
6381
6381
6381
6381
6381
6381
6381
6381
6370
6370
6370
6370
6370
6370
6370
6370
6370
6370
6370
6370
6359
6359
6359
6359
6359
6359
6359
6359
6359
6359
6359
6359
6348
6348
6348
6348
6348
6348
6348
6348
6348
6348
6348
6348
6337
6337
6337
6337
6337
6337
6337
6337
6337
6337
6337
6337
6326
6326
6326
6326
6326
6326
6326
6326
6326
6326
6326
6326
6315
6315
6315
6315
6315
6315
6315
6315
6315
6315
6315
6315
6304
6304
6304
6304
6304
6304
6304
6304
6304
6304
6304
6304
6293
6293
6293
6293
6293
6293
6293
6293
6293
6293
6293
6293
6282
6282
6282
6282
6282
6282
6282
6282
6282
6282
6282
6282
6271
6271
6271
6271
6271
6271
6271
6271
6271
6271
6271
6271
6260
6260
6260
6260
6260
6260
6260
6260
6260
6260
6260
6260
6249
6249
6249
6249
6249
6249
6249
6249
6249
6249
6249
6249
6238
6238
6238
6238
6238
6238
6238
6238
6238
6238
6238
6238
6227
6227
6227
6227
6227
6227
6227
6227
6227
6227
6227
6227
6216
6216
6216
6216
6216
6216
6216
6216
6216
6216
6216
6216
6205
6205
6205
6205
6205
6205
6205
6205
6205
6205
6205
6205
6194
6194
6194
6194
6194
6194
6194
6194
6194
6194
6194
6194
6183
6183
6183
6183
6183
6183
6183
6183
6183
6183
6183
6183
6172
6172
6172
6172
6172
6172
6172
6172
6172
6172
6172
6172
6161
6161
6161
6161
6161
6161
6161
6161
6161
6161
6161
6161
6150
6150
6150
6150
6150
6150
6150
6150
6150
6150
6150
6150
6139
6139
6139
6139
6139
6139
6139
6139
6139
6139
6139
6139
6128
6128
6128
6128
6128
6128
6128
6128
6128
6128
6128
6128
6117
6117
6117
6117
6117
6117
6117
6117
6117
6117
6117
6117
6106
6106
6106
6106
6106
6106
6106
6106
6106
6106
6106
6106
6095
6095
6095
6095
6095
6095
6095
6095
6095
6095
6095
6095
6084
6084
6084
6084
6084
6084
6084
6084
6084
6084
6084
6084
6073
6073
6073
6073
6073
6073
6073
6073
6073
6073
6073
6073
6062
6062
6062
6062
6062
6062
6062
6062
6062
6062
6062
6062
6051
6051
6051
6051
6051
6051
6051
6051
6051
6051
6051
6051
6040
6040
6040
6040
6040
6040
6040
6040
6040
6040
6040
6040
6029
6029
6029
6029
6029
6029
6029
6029
6029
6029
6029
6029
6018
6018
6018
6018
6018
6018
6018
6018
6018
6018
6018
6018
6007
6007
6007
6007
6007
6007
6007
6007
6007
6007
6007
6007
5996
5996
5996
5996
5996
5996
5996
5996
5996
5996
5996
5996
5985
5985
5985
5985
5985
5985
5985
5985
5985
5985
5985
5985
5974
5974
5974
5974
5974
5974
5974
5974
5974
5974
5974
5974
5963
5963
5963
5963
5963
5963
5963
5963
5963
5963
5963
5963
5952
5952
5952
5952
5952
5952
5952
5952
5952
5952
5952
5952
5941
5941
5941
5941
5941
5941
5941
5941
5941
5941
5941
5941
5930
5930
5930
5930
5930
5930
5930
5930
5930
5930
5930
5930
5919
5919
5919
5919
5919
5919
5919
5919
5919
5919
5919
5919
5908
5908
5908
5908
5908
5908
5908
5908
5908
5908
5908
5908
5897
5897
5897
5897
5897
5897
5897
5897
5897
5897
5897
5897
5886
5886
5886
5886
5886
5886
5886
5886
5886
5886
5886
5886
5875
5875
5875
5875
5875
5875
5875
5875
5875
5875
5875
5875
5864
5864
5864
5864
5864
5864
5864
5864
5864
5864
5864
5864
5853
5853
5853
5853
5853
5853
5853
5853
5853
5853
5853
5853
5842
5842
5842
5842
5842
5842
5842
5842
5842
5842
5842
5842
5831
5831
5831
5831
5831
5831
5831
5831
5831
5831
5831
5831
5820
5820
5820
5820
5820
5820
5820
5820
5820
5820
5820
5820
5809
5809
5809
5809
5809
5809
5809
5809
5809
5809
5809
5809
5798
5798
5798
5798
5798
5798
5798
5798
5798
5798
5798
5798
5787
5787
5787
5787
5787
5787
5787
5787
5787
5787
5787
5787
5776
5776
5776
5776
5776
5776
5776
5776
5776
5776
5776
5776
5765
5765
5765
5765
5765
5765
5765
5765
5765
5765
5765
5765
5754
5754
5754
5754
5754
5754
5754
5754
5754
5754
5754
5754
5743
5743
5743
5743
5743
5743
5743
5743
5743
5743
5743
5743
5732
5732
5732
5732
5732
5732
5732
5732
5732
5732
5732
5732
5721
5721
5721
5721
5721
5721
5721
5721
5721
5721
5721
5721
5710
5710
5710
5710
5710
5710
5710
5710
5710
5710
5710
5710
5699
5699
5699
5699
5699
5699
5699
5699
5699
5699
5699
5699
5688
5688
5688
5688
5688
5688
5688
5688
5688
5688
5688
5688
5677
5677
5677
5677
5677
5677
5677
5677
5677
5677
5677
5677
5666
5666
5666
5666
5666
5666
5666
5666
5666
5666
5666
5666
5655
5655
5655
5655
5655
5655
5655
5655
5655
5655
5655
5655
5644
5644
5644
5644
5644
5644
5644
5644
5644
5644
5644
5644
5633
5633
5633
5633
5633
5633
5633
5633
5633
5633
5633
5633
5622
5622
5622
5622
5622
5622
5622
5622
5622
5622
5622
5622
5611
5611
5611
5611
5611
5611
5611
5611
5611
5611
5611
5611
5600
5600
5600
5600
5600
5600
5600
5600
5600
5600
5600
5600
5589
5589
5589
5589
5589
5589
5589
5589
5589
5589
5589
5589
5578
5578
5578
5578
5578
5578
5578
5578
5578
5578
5578
5578
5567
5567
5567
5567
5567
5567
5567
5567
5567
5567
5567
5567
5556
5556
5556
5556
5556
5556
5556
5556
5556
5556
5556
5556
5545
5545
5545
5545
5545
5545
5545
5545
5545
5545
5545
5545
5534
5534
5534
5534
5534
5534
5534
5534
5534
5534
5534
5534
5523
5523
5523
5523
5523
5523
5523
5523
5523
5523
5523
5523
5512
5512
5512
5512
5512
5512
5512
5512
5512
5512
5512
5512
5501
5501
5501
5501
5501
5501
5501
5501
5501
5501
5501
5501
5490
5490
5490
5490
5490
5490
5490
5490
5490
5490
5490
5490
5479
5479
5479
5479
5479
5479
5479
5479
5479
5479
5479
5479
5468
5468
5468
5468
5468
5468
5468
5468
5468
5468
5468
5468
5457
5457
5457
5457
5457
5457
5457
5457
5457
5457
5457
5457
5446
5446
5446
5446
5446
5446
5446
5446
5446
5446
5446
5446
5435
5435
5435
5435
5435
5435
5435
5435
5435
5435
5435
5435
5424
5424
5424
5424
5424
5424
5424
5424
5424
5424
5424
5424
5413
5413
5413
5413
5413
5413
5413
5413
5413
5413
5413
5413
5402
5402
5402
5402
5402
5402
5402
5402
5402
5402
5402
5402
5391
5391
5391
5391
5391
5391
5391
5391
5391
5391
5391
5391
5380
5380
5380
5380
5380
5380
5380
5380
5380
5380
5380
5380
5369
5369
5369
5369
5369
5369
5369
5369
5369
5369
5369
5369
5358
5358
5358
5358
5358
5358
5358
5358
5358
5358
5358
5358
5347
5347
5347
5347
5347
5347
5347
5347
5347
5347
5347
5347
5336
5336
5336
5336
5336
5336
5336
5336
5336
5336
5336
5336
5325
5325
5325
5325
5325
5325
5325
5325
5325
5325
5325
5325
5314
5314
5314
5314
5314
5314
5314
5314
5314
5314
5314
5314
5303
5303
5303
5303
5303
5303
5303
5303
5303
5303
5303
5303
5292
5292
5292
5292
5292
5292
5292
5292
5292
5292
5292
5292
5281
5281
5281
5281
5281
5281
5281
5281
5281
5281
5281
5281
5270
5270
5270
5270
5270
5270
5270
5270
5270
5270
5270
5270
5259
5259
5259
5259
5259
5259
5259
5259
5259
5259
5259
5259
5248
5248
5248
5248
5248
5248
5248
5248
5248
5248
5248
5248
5237
5237
5237
5237
5237
5237
5237
5237
5237
5237
5237
5237
5226
5226
5226
5226
5226
5226
5226
5226
5226
5226
5226
5226
5215
5215
5215
5215
5215
5215
5215
5215
5215
5215
5215
5215
5204
5204
5204
5204
5204
5204
5204
5204
5204
5204
5204
5204
5193
5193
5193
5193
5193
5193
5193
5193
5193
5193
5193
5193
5182
5182
5182
5182
5182
5182
5182
5182
5182
5182
5182
5182
5171
5171
5171
5171
5171
5171
5171
5171
5171
5171
5171
5171
5160
5160
5160
5160
5160
5160
5160
5160
5160
5160
5160
5160
5149
5149
5149
5149
5149
5149
5149
5149
5149
5149
5149
5149
5138
5138
5138
5138
5138
5138
5138
5138
5138
5138
5138
5138
5127
5127
5127
5127
5127
5127
5127
5127
5127
5127
5127
5127
5116
5116
5116
5116
5116
5116
5116
5116
5116
5116
5116
5116
5105
5105
5105
5105
5105
5105
5105
5105
5105
5105
5105
5105
5094
5094
5094
5094
5094
5094
5094
5094
5094
5094
5094
5094
5083
5083
5083
5083
5083
5083
5083
5083
5083
5083
5083
5083
5072
5072
5072
5072
5072
5072
5072
5072
5072
5072
5072
5072
5061
5061
5061
5061
5061
5061
5061
5061
5061
5061
5061
5061
5050
5050
5050
5050
5050
5050
5050
5050
5050
5050
5050
5050
5039
5039
5039
5039
5039
5039
5039
5039
5039
5039
5039
5039
5028
5028
5028
5028
5028
5028
5028
5028
5028
5028
5028
5028
5017
5017
5017
5017
5017
5017
5017
5017
5017
5017
5017
5017
5006
5006
5006
5006
5006
5006
5006
5006
5006
5006
5006
5006
4995
4995
4995
4995
4995
4995
4995
4995
4995
4995
4995
4995
4984
4984
4984
4984
4984
4984
4984
4984
4984
4984
4984
4984
4973
4973
4973
4973
4973
4973
4973
4973
4973
4973
4973
4973
4962
4962
4962
4962
4962
4962
4962
4962
4962
4962
4962
4962
4951
4951
4951
4951
4951
4951
4951
4951
4951
4951
4951
4951
4940
4940
4940
4940
4940
4940
4940
4940
4940
4940
4940
4940
4929
4929
4929
4929
4929
4929
4929
4929
4929
4929
4929
4929
4918
4918
4918
4918
4918
4918
4918
4918
4918
4918
4918
4918
4907
4907
4907
4907
4907
4907
4907
4907
4907
4907
4907
4907
4896
4896
4896
4896
4896
4896
4896
4896
4896
4896
4896
4896
4885
4885
4885
4885
4885
4885
4885
4885
4885
4885
4885
4885
4874
4874
4874
4874
4874
4874
4874
4874
4874
4874
4874
4874
4863
4863
4863
4863
4863
4863
4863
4863
4863
4863
4863
4863
4852
4852
4852
4852
4852
4852
4852
4852
4852
4852
4852
4852
4841
4841
4841
4841
4841
4841
4841
4841
4841
4841
4841
4841
4830
4830
4830
4830
4830
4830
4830
4830
4830
4830
4830
4830
4819
4819
4819
4819
4819
4819
4819
4819
4819
4819
4819
4819
4808
4808
4808
4808
4808
4808
4808
4808
4808
4808
4808
4808
4797
4797
4797
4797
4797
4797
4797
4797
4797
4797
4797
4797
4786
4786
4786
4786
4786
4786
4786
4786
4786
4786
4786
4786
4775
4775
4775
4775
4775
4775
4775
4775
4775
4775
4775
4775
4764
4764
4764
4764
4764
4764
4764
4764
4764
4764
4764
4764
4753
4753
4753
4753
4753
4753
4753
4753
4753
4753
4753
4753
4742
4742
4742
4742
4742
4742
4742
4742
4742
4742
4742
4742
4731
4731
4731
4731
4731
4731
4731
4731
4731
4731
4731
4731
4720
4720
4720
4720
4720
4720
4720
4720
4720
4720
4720
4720
4709
4709
4709
4709
4709
4709
4709
4709
4709
4709
4709
4709
4698
4698
4698
4698
4698
4698
4698
4698
4698
4698
4698
4698
4687
4687
4687
4687
4687
4687
4687
4687
4687
4687
4687
4687
4676
4676
4676
4676
4676
4676
4676
4676
4676
4676
4676
4676
4665
4665
4665
4665
4665
4665
4665
4665
4665
4665
4665
4665
4654
4654
4654
4654
4654
4654
4654
4654
4654
4654
4654
4654
4643
4643
4643
4643
4643
4643
4643
4643
4643
4643
4643
4643
4632
4632
4632
4632
4632
4632
4632
4632
4632
4632
4632
4632
4621
4621
4621
4621
4621
4621
4621
4621
4621
4621
4621
4621
4610
4610
4610
4610
4610
4610
4610
4610
4610
4610
4610
4610
4599
4599
4599
4599
4599
4599
4599
4599
4599
4599
4599
4599
4588
4588
4588
4588
4588
4588
4588
4588
4588
4588
4588
4588
4577
4577
4577
4577
4577
4577
4577
4577
4577
4577
4577
4577
4566
4566
4566
4566
4566
4566
4566
4566
4566
4566
4566
4566
4555
4555
4555
4555
4555
4555
4555
4555
4555
4555
4555
4555
4544
4544
4544
4544
4544
4544
4544
4544
4544
4544
4544
4544
4533
4533
4533
4533
4533
4533
4533
4533
4533
4533
4533
4533
4522
4522
4522
4522
4522
4522
4522
4522
4522
4522
4522
4522
4511
4511
4511
4511
4511
4511
4511
4511
4511
4511
4511
4511
4500
4500
4500
4500
4500
4500
4500
4500
4500
4500
4500
4500
4489
4489
4489
4489
4489
4489
4489
4489
4489
4489
4489
4489
4478
4478
4478
4478
4478
4478
4478
4478
4478
4478
4478
4478
4467
4467
4467
4467
4467
4467
4467
4467
4467
4467
4467
4467
4456
4456
4456
4456
4456
4456
4456
4456
4456
4456
4456
4456
4445
4445
4445
4445
4445
4445
4445
4445
4445
4445
4445
4445
4434
4434
4434
4434
4434
4434
4434
4434
4434
4434
4434
4434
4423
4423
4423
4423
4423
4423
4423
4423
4423
4423
4423
4423
4412
4412
4412
4412
4412
4412
4412
4412
4412
4412
4412
4412
4401
4401
4401
4401
4401
4401
4401
4401
4401
4401
4401
4401
4390
4390
4390
4390
4390
4390
4390
4390
4390
4390
4390
4390
4379
4379
4379
4379
4379
4379
4379
4379
4379
4379
4379
4379
4368
4368
4368
4368
4368
4368
4368
4368
4368
4368
4368
4368
4357
4357
4357
4357
4357
4357
4357
4357
4357
4357
4357
4357
4346
4346
4346
4346
4346
4346
4346
4346
4346
4346
4346
4346
4335
4335
4335
4335
4335
4335
4335
4335
4335
4335
4335
4335
4324
4324
4324
4324
4324
4324
4324
4324
4324
4324
4324
4324
4313
4313
4313
4313
4313
4313
4313
4313
4313
4313
4313
4313
4302
4302
4302
4302
4302
4302
4302
4302
4302
4302
4302
4302
4291
4291
4291
4291
4291
4291
4291
4291
4291
4291
4291
4291
4280
4280
4280
4280
4280
4280
4280
4280
4280
4280
4280
4280
4269
4269
4269
4269
4269
4269
4269
4269
4269
4269
4269
4269
4258
4258
4258
4258
4258
4258
4258
4258
4258
4258
4258
4258
4247
4247
4247
4247
4247
4247
4247
4247
4247
4247
4247
4247
4236
4236
4236
4236
4236
4236
4236
4236
4236
4236
4236
4236
4225
4225
4225
4225
4225
4225
4225
4225
4225
4225
4225
4225
4214
4214
4214
4214
4214
4214
4214
4214
4214
4214
4214
4214
4203
4203
4203
4203
4203
4203
4203
4203
4203
4203
4203
4203
4192
4192
4192
4192
4192
4192
4192
4192
4192
4192
4192
4192
4181
4181
4181
4181
4181
4181
4181
4181
4181
4181
4181
4181
4170
4170
4170
4170
4170
4170
4170
4170
4170
4170
4170
4170
4159
4159
4159
4159
4159
4159
4159
4159
4159
4159
4159
4159
4148
4148
4148
4148
4148
4148
4148
4148
4148
4148
4148
4148
4137
4137
4137
4137
4137
4137
4137
4137
4137
4137
4137
4137
4126
4126
4126
4126
4126
4126
4126
4126
4126
4126
4126
4126
4115
4115
4115
4115
4115
4115
4115
4115
4115
4115
4115
4115
4104
4104
4104
4104
4104
4104
4104
4104
4104
4104
4104
4104
4093
4093
4093
4093
4093
4093
4093
4093
4093
4093
4093
4093
4082
4082
4082
4082
4082
4082
4082
4082
4082
4082
4082
4082
4071
4071
4071
4071
4071
4071
4071
4071
4071
4071
4071
4071
4060
4060
4060
4060
4060
4060
4060
4060
4060
4060
4060
4060
4049
4049
4049
4049
4049
4049
4049
4049
4049
4049
4049
4049
4038
4038
4038
4038
4038
4038
4038
4038
4038
4038
4038
4038
4027
4027
4027
4027
4027
4027
4027
4027
4027
4027
4027
4027
4016
4016
4016
4016
4016
4016
4016
4016
4016
4016
4016
4016
4005
4005
4005
4005
4005
4005
4005
4005
4005
4005
4005
4005
3994
3994
3994
3994
3994
3994
3994
3994
3994
3994
3994
3994
3983
3983
3983
3983
3983
3983
3983
3983
3983
3983
3983
3983
3972
3972
3972
3972
3972
3972
3972
3972
3972
3972
3972
3972
3961
3961
3961
3961
3961
3961
3961
3961
3961
3961
3961
3961
3950
3950
3950
3950
3950
3950
3950
3950
3950
3950
3950
3950
3939
3939
3939
3939
3939
3939
3939
3939
3939
3939
3939
3939
3928
3928
3928
3928
3928
3928
3928
3928
3928
3928
3928
3928
3917
3917
3917
3917
3917
3917
3917
3917
3917
3917
3917
3917
3906
3906
3906
3906
3906
3906
3906
3906
3906
3906
3906
3906
3895
3895
3895
3895
3895
3895
3895
3895
3895
3895
3895
3895
3884
3884
3884
3884
3884
3884
3884
3884
3884
3884
3884
3884
3873
3873
3873
3873
3873
3873
3873
3873
3873
3873
3873
3873
3862
3862
3862
3862
3862
3862
3862
3862
3862
3862
3862
3862
3851
3851
3851
3851
3851
3851
3851
3851
3851
3851
3851
3851
3840
3840
3840
3840
3840
3840
3840
3840
3840
3840
3840
3840
3829
3829
3829
3829
3829
3829
3829
3829
3829
3829
3829
3829
3818
3818
3818
3818
3818
3818
3818
3818
3818
3818
3818
3818
3807
3807
3807
3807
3807
3807
3807
3807
3807
3807
3807
3807
3796
3796
3796
3796
3796
3796
3796
3796
3796
3796
3796
3796
3785
3785
3785
3785
3785
3785
3785
3785
3785
3785
3785
3785
3774
3774
3774
3774
3774
3774
3774
3774
3774
3774
3774
3774
3763
3763
3763
3763
3763
3763
3763
3763
3763
3763
3763
3763
3752
3752
3752
3752
3752
3752
3752
3752
3752
3752
3752
3752
3741
3741
3741
3741
3741
3741
3741
3741
3741
3741
3741
3741
3730
3730
3730
3730
3730
3730
3730
3730
3730
3730
3730
3730
3719
3719
3719
3719
3719
3719
3719
3719
3719
3719
3719
3719
3708
3708
3708
3708
3708
3708
3708
3708
3708
3708
3708
3708
3697
3697
3697
3697
3697
3697
3697
3697
3697
3697
3697
3697
3686
3686
3686
3686
3686
3686
3686
3686
3686
3686
3686
3686
3675
3675
3675
3675
3675
3675
3675
3675
3675
3675
3675
3675
3664
3664
3664
3664
3664
3664
3664
3664
3664
3664
3664
3664
3653
3653
3653
3653
3653
3653
3653
3653
3653
3653
3653
3653
3642
3642
3642
3642
3642
3642
3642
3642
3642
3642
3642
3642
3631
3631
3631
3631
3631
3631
3631
3631
3631
3631
3631
3631
3620
3620
3620
3620
3620
3620
3620
3620
3620
3620
3620
3620
3609
3609
3609
3609
3609
3609
3609
3609
3609
3609
3609
3609
3598
3598
3598
3598
3598
3598
3598
3598
3598
3598
3598
3598
3587
3587
3587
3587
3587
3587
3587
3587
3587
3587
3587
3587
3576
3576
3576
3576
3576
3576
3576
3576
3576
3576
3576
3576
3565
3565
3565
3565
3565
3565
3565
3565
3565
3565
3565
3565
3554
3554
3554
3554
3554
3554
3554
3554
3554
3554
3554
3554
3543
3543
3543
3543
3543
3543
3543
3543
3543
3543
3543
3543
3532
3532
3532
3532
3532
3532
3532
3532
3532
3532
3532
3532
3521
3521
3521
3521
3521
3521
3521
3521
3521
3521
3521
3521
3510
3510
3510
3510
3510
3510
3510
3510
3510
3510
3510
3510
3499
3499
3499
3499
3499
3499
3499
3499
3499
3499
3499
3499
3488
3488
3488
3488
3488
3488
3488
3488
3488
3488
3488
3488
3477
3477
3477
3477
3477
3477
3477
3477
3477
3477
3477
3477
3466
3466
3466
3466
3466
3466
3466
3466
3466
3466
3466
3466
3455
3455
3455
3455
3455
3455
3455
3455
3455
3455
3455
3455
3444
3444
3444
3444
3444
3444
3444
3444
3444
3444
3444
3444
3433
3433
3433
3433
3433
3433
3433
3433
3433
3433
3433
3433
3422
3422
3422
3422
3422
3422
3422
3422
3422
3422
3422
3422
3411
3411
3411
3411
3411
3411
3411
3411
3411
3411
3411
3411
3400
3400
3400
3400
3400
3400
3400
3400
3400
3400
3400
3400
3389
3389
3389
3389
3389
3389
3389
3389
3389
3389
3389
3389
3378
3378
3378
3378
3378
3378
3378
3378
3378
3378
3378
3378
3367
3367
3367
3367
3367
3367
3367
3367
3367
3367
3367
3367
3356
3356
3356
3356
3356
3356
3356
3356
3356
3356
3356
3356
3345
3345
3345
3345
3345
3345
3345
3345
3345
3345
3345
3345
3334
3334
3334
3334
3334
3334
3334
3334
3334
3334
3334
3334
3323
3323
3323
3323
3323
3323
3323
3323
3323
3323
3323
3323
3312
3312
3312
3312
3312
3312
3312
3312
3312
3312
3312
3312
3301
3301
3301
3301
3301
3301
3301
3301
3301
3301
3301
3301
3290
3290
3290
3290
3290
3290
3290
3290
3290
3290
3290
3290
3279
3279
3279
3279
3279
3279
3279
3279
3279
3279
3279
3279
3268
3268
3268
3268
3268
3268
3268
3268
3268
3268
3268
3268
3257
3257
3257
3257
3257
3257
3257
3257
3257
3257
3257
3257
3246
3246
3246
3246
3246
3246
3246
3246
3246
3246
3246
3246
3235
3235
3235
3235
3235
3235
3235
3235
3235
3235
3235
3235
3224
3224
3224
3224
3224
3224
3224
3224
3224
3224
3224
3224
3213
3213
3213
3213
3213
3213
3213
3213
3213
3213
3213
3213
3202
3202
3202
3202
3202
3202
3202
3202
3202
3202
3202
3202
3191
3191
3191
3191
3191
3191
3191
3191
3191
3191
3191
3191
3180
3180
3180
3180
3180
3180
3180
3180
3180
3180
3180
3180
3169
3169
3169
3169
3169
3169
3169
3169
3169
3169
3169
3169
3158
3158
3158
3158
3158
3158
3158
3158
3158
3158
3158
3158
3147
3147
3147
3147
3147
3147
3147
3147
3147
3147
3147
3147
3136
3136
3136
3136
3136
3136
3136
3136
3136
3136
3136
3136
3125
3125
3125
3125
3125
3125
3125
3125
3125
3125
3125
3125
3114
3114
3114
3114
3114
3114
3114
3114
3114
3114
3114
3114
3103
3103
3103
3103
3103
3103
3103
3103
3103
3103
3103
3103
3092
3092
3092
3092
3092
3092
3092
3092
3092
3092
3092
3092
3081
3081
3081
3081
3081
3081
3081
3081
3081
3081
3081
3081
3070
3070
3070
3070
3070
3070
3070
3070
3070
3070
3070
3070
3059
3059
3059
3059
3059
3059
3059
3059
3059
3059
3059
3059
3048
3048
3048
3048
3048
3048
3048
3048
3048
3048
3048
3048
3037
3037
3037
3037
3037
3037
3037
3037
3037
3037
3037
3037
3026
3026
3026
3026
3026
3026
3026
3026
3026
3026
3026
3026
3015
3015
3015
3015
3015
3015
3015
3015
3015
3015
3015
3015
3004
3004
3004
3004
3004
3004
3004
3004
3004
3004
3004
3004
2993
2993
2993
2993
2993
2993
2993
2993
2993
2993
2993
2993
2982
2982
2982
2982
2982
2982
2982
2982
2982
2982
2982
2982
2971
2971
2971
2971
2971
2971
2971
2971
2971
2971
2971
2971
2960
2960
2960
2960
2960
2960
2960
2960
2960
2960
2960
2960
2949
2949
2949
2949
2949
2949
2949
2949
2949
2949
2949
2949
2938
2938
2938
2938
2938
2938
2938
2938
2938
2938
2938
2938
2927
2927
2927
2927
2927
2927
2927
2927
2927
2927
2927
2927
2916
2916
2916
2916
2916
2916
2916
2916
2916
2916
2916
2916
2905
2905
2905
2905
2905
2905
2905
2905
2905
2905
2905
2905
2894
2894
2894
2894
2894
2894
2894
2894
2894
2894
2894
2894
2883
2883
2883
2883
2883
2883
2883
2883
2883
2883
2883
2883
2872
2872
2872
2872
2872
2872
2872
2872
2872
2872
2872
2872
2861
2861
2861
2861
2861
2861
2861
2861
2861
2861
2861
2861
2850
2850
2850
2850
2850
2850
2850
2850
2850
2850
2850
2850
2839
2839
2839
2839
2839
2839
2839
2839
2839
2839
2839
2839
2828
2828
2828
2828
2828
2828
2828
2828
2828
2828
2828
2828
2817
2817
2817
2817
2817
2817
2817
2817
2817
2817
2817
2817
2806
2806
2806
2806
2806
2806
2806
2806
2806
2806
2806
2806
2795
2795
2795
2795
2795
2795
2795
2795
2795
2795
2795
2795
2784
2784
2784
2784
2784
2784
2784
2784
2784
2784
2784
2784
2773
2773
2773
2773
2773
2773
2773
2773
2773
2773
2773
2773
2762
2762
2762
2762
2762
2762
2762
2762
2762
2762
2762
2762
2751
2751
2751
2751
2751
2751
2751
2751
2751
2751
2751
2751
2740
2740
2740
2740
2740
2740
2740
2740
2740
2740
2740
2740
2729
2729
2729
2729
2729
2729
2729
2729
2729
2729
2729
2729
2718
2718
2718
2718
2718
2718
2718
2718
2718
2718
2718
2718
2707
2707
2707
2707
2707
2707
2707
2707
2707
2707
2707
2707
2696
2696
2696
2696
2696
2696
2696
2696
2696
2696
2696
2696
2685
2685
2685
2685
2685
2685
2685
2685
2685
2685
2685
2685
2674
2674
2674
2674
2674
2674
2674
2674
2674
