767464
344063
130963
110256
241159
293457
308953
358904
104311
377224
280346
77818
210000
143676
173518
0
765187
90021
267748
448507
104754
126129
605161
277919
11088
46170
239541
707406
128801
374876
416914
126713
416291
28640
342453
157948
295874
439937
98238
35457
43011
251107
804074
12625
485024
42440
207447
367150
394157
635660
543947
290167
302997
351888
453851
66585
35905
318345
308183
294902
159546
564072
0
165720
237288
1467
137137
146799
361857
32444
122506
145495
269734
499853
564604
20219
157826
164101
545986
327062
52245
451712
104186
25633
486045
835784
262441
0
292618
151279
39082
101368
26623
21140
230106
131371
60169
152423
235902
424130
204415
122933
60637
46676
19889
31073
0
75373
842681
50580
197367
531414
397177
103731
127809
689007
117215
141438
165999
213711
226256
463949
578534
187441
126730
292701
606519
0
8629
81272
617391
227730
96002
932381
206228
326784
708828
334830
248427
634783
461807
8134
377330
613305
48047
124543
4354
469900
728911
67351
12101
199744
378071
5298
411642
609121
274557
85934
503765
178738
5013
234869
2894
555999
12063
159838
404858
147254
103189
117503
224709
346488
225461
4578
173952
700514
202951
441108
80413
82130
334293
379964
94198
0
115954
440777
103062
707994
33761
79420
396123
188281
95185
196419
222181
44770
52227
128288
140963
281656
27171
736101
49719
180708
127044
306953
67166
2376
38791
370274
144882
22673
340311
667175
128643
111615
32363
111225
11422
198726
415027
87943
248533
495636
21001
17023
12883
115316
281154
590777
2851
44369
762787
634990
874587
33826
315280
125642
257100
162352
418513
111147
0
13375
9137
8909
418617
201532
446204
35974
204606
40283
18725
60925
100147
608161
945
663326
236141
196631
156388
477573
523720
44726
227709
4325
313643
313211
468423
127255
470182
217351
96512
13792
147746
272055
831419
114904
366768
400358
157479
435736
208442
68235
0
13974
144151
160225
864600
1605
530152
348761
76623
216003
798368
328810
309388
454424
643230
84346
829843
610540
173520
290827
227069
51994
255493
3381
339770
10395
662651
143334
127010
11293
425797
418176
57810
52592
51308
222537
333821
191738
386935
267511
28429
460771
58312
324756
5064
2217
644921
384353
39474
408411
319595
263282
112021
75114
41637
210646
202109
172527
153360
446502
85480
13904
152783
203831
226943
58800
363291
454211
0
57081
157006
748805
112273
0
551270
26825
203888
227243
231995
40771
754613
325985
175146
106098
149157
180622
52569
70003
36506
443132
8997
331969
42353
4969
552267
34670
521104
636959
120971
0
556614
692061
776344
306476
172251
67059
261058
31822
95321
237592
256799
195540
170783
49357
332150
29065
256417
10434
102099
70483
62225
805686
224100
330170
3317
450153
749269
74100
143467
393985
29049
116380
286470
246652
26881
385308
742918
87683
31628
387347
11565
602196
122699
40788
174327
274201
23486
415968
93425
151251
225652
85063
156346
22686
246470
294185
750002
185523
91193
63805
488686
787297
0
7065
379610
238260
672329
372207
274641
151783
114217
69905
160540
55668
396000
316805
63524
152987
321534
10037
727425
416176
184386
42591
186454
22146
378424
280175
237262
838587
122474
412629
42916
489131
417879
618031
281440
264751
321409
32510
140923
377570
55945
4322
715069
4608
486
394280
116511
208735
321606
742316
508502
88297
280025
166838
155204
708237
11862
305093
51233
179187
365963
268390
537215
29909
393595
701631
566978
767446
10718
697088
89395
0
116145
812678
279015
685661
357989
135179
619663
0
212417
182810
647705
72264
505707
1548
50764
2034
403671
81591
437771
67078
0
50393
104067
627
318182
32204
259902
42822
21904
711890
472955
838258
127138
264998
117595
29949
111283
441388
23192
107347
138547
75866
16796
467201
113927
186020
433925
511980
248045
197111
502098
696994
10300
413695
238350
491333
23675
24788
229814
263366
158156
90412
87334
9830
454667
438641
49912
29771
39322
240071
318856
4096
155445
644335
696055
476408
101321
4973
493146
0
169323
110767
852851
284087
147813
160892
102446
118055
28696
95039
45141
608289
306414
451111
383240
456388
288501
248326
23268
38385
151625
3588
440706
269378
27289
2998
250246
30346
0
452985
293755
125167
233889
529176
31314
814767
258151
53065
79507
16801
95618
63109
367745
364669
456841
476223
198461
24629
118301
163990
534808
103298
15519
409549
375841
49839
422058
439130
0
277865
118917
132479
316630
469300
135115
670513
416254
163551
428970
97553
111358
0
179091
1017
453779
325210
262203
155656
66774
734938
386784
160975
371189
0
15518
133379
321055
127505
0
162698
220360
713747
84664
0
942707
559213
240066
155
250123
752702
358750
116255
0
280393
464925
801539
645524
264839
776700
533021
27757
189845
148039
337061
7872
99720
19570
78656
114435
200734
152774
33036
150312
59022
624888
94948
220808
107024
897259
3100
18591
8793
364013
126599
355321
242314
225737
3420
94517
308057
168021
120285
639286
305817
0
99812
53954
431128
85395
0
276409
689019
40953
473570
36448
311045
42573
289004
368566
614813
53230
139820
195130
356411
230560
110881
298765
707191
133891
182281
0
384131
48992
22742
277950
60155
578
330783
0
284699
60052
229587
107644
493432
681478
142831
660449
147659
773680
464615
34403
454339
382306
289620
430581
338217
143612
794726
313357
132936
8057
172458
45689
462013
133936
117477
213171
113924
110039
151124
409558
333996
511615
34415
296013
306443
355430
34852
534107
19430
290370
0
296750
407404
626483
9053
458454
25892
467014
230444
150209
230431
5260
173081
76220
308103
297070
11790
377373
257383
182513
0
29925
105024
274214
735921
467297
29802
155493
194846
209026
350462
32262
60690
149372
224858
202275
271187
217788
140930
562
133064
490111
292284
79028
354180
428057
82224
127021
20114
235378
114225
491607
10819
123011
266787
134481
868612
750685
648831
0
250512
0
382896
102304
117543
185330
114135
84336
108568
64511
441749
233132
707102
158149
51886
684511
12864
0
366485
145824
22902
258669
53738
168630
261833
229023
375483
442531
504033
34830
165022
869
251862
262123
0
148209
226988
125808
109452
658891
27208
287116
149137
46092
399689
31454
408643
153265
430541
301300
122870
110208
166247
89755
422083
107735
84788
16845
25883
911
305465
462620
48979
69167
15121
449096
404396
148046
99206
382599
204349
489428
59622
349423
827954
425354
486517
232885
157980
406511
135995
88739
198685
32186
130824
283281
92734
88051
50680
356158
196077
285710
235423
154435
57019
19763
639834
177862
234812
352804
381446
721054
78041
381799
63870
887512
187256
348451
170379
753728
32765
82366
1339
351364
599748
335213
352498
5046
75988
46751
535701
