37692
61392
604712
34743
695064
292
77978
51642
543224
10443
21073
195047
1600
125947
91886
391210
333948
13843
417744
348037
435743
138298
404862
197874
102034
32238
194825
67965
611357
12915
518908
394288
408886
503648
481685
13200
165945
607645
94158
13799
264488
179811
85999
650520
413503
342244
274671
101211
808660
595358
7756
614030
12455
210867
24141
311588
712637
87014
176318
28008
541266
3264
29149
185335
51028
249066
251209
119083
244763
10120
807443
267653
67450
8473
23196
91577
18524
1513
42216
136574
584082
187674
63224
710140
287106
253438
229422
378977
72367
145429
166096
158253
182433
98314
125130
183740
279810
438831
168796
46785
563303
545207
630043
9648
163263
60513
61751
217753
486066
694153
429755
437018
670708
243124
249525
700739
26094
15421
29123
366801
414077
17325
527384
242498
40789
67420
579597
515930
2603
368862
6024
25977
530238
146423
293492
431851
154084
425742
34418
275017
53228
586346
96530
189092
451728
115995
119335
217130
328727
62753
297643
533211
28298
102031
392599
181968
196828
162074
64604
93801
23176
84826
74638
25146
448561
5677
164584
70188
384629
181073
119111
39035
215532
479250
7319
169987
455445
81066
553429
61926
27548
53552
239475
25243
321997
25304
16991
107330
216959
460207
4592
357195
30470
457259
47105
158867
113606
511
208393
370761
100822
287807
160084
121970
696625
815799
252742
553060
28083
377596
6549
16403
763323
291867
113862
33787
190713
40993
9707
150679
21919
543848
53496
157606
845732
421344
209121
590831
499192
106177
184767
163966
75593
208425
50817
186394
698024
421261
311377
545166
602570
10542
398942
18492
476300
297515
421234
978
403060
42268
186725
113674
20821
193661
212445
105997
65489
261841
195702
536959
438502
473172
60055
733244
329633
65694
72504
107305
20458
273117
16330
637281
68525
385247
45079
406153
183901
42034
28434
354386
749036
150327
367968
51639
282392
173844
149890
140262
493791
387482
1229
572856
697310
75109
320584
553701
23174
93866
257600
17659
303181
231656
274975
477362
127915
6225
241918
396650
36843
672379
900458
82057
260314
48784
285511
516010
626131
268876
4041
5514
11987
366109
304283
74851
478967
31974
108655
180680
397507
58532
33518
316888
221621
176676
35837
69752
44722
482993
112877
76747
34737
638625
312564
603513
38662
406120
28370
164634
607088
192286
52379
74422
519514
508631
193080
502711
127724
369972
263977
646748
201482
54709
289272
512798
186415
82421
88533
195
163614
587676
840821
51298
500274
178736
788887
722514
290454
573968
237539
2821
82282
233990
245147
56360
432990
286101
27731
2672
95481
652814
955760
500346
920777
22197
518036
558111
70602
139031
6831
337626
1910
279814
128428
268936
888038
21365
705637
173257
54743
818622
761950
245035
33493
654433
4011
68816
312044
222777
371130
475612
10273
279576
402747
79800
226749
68007
415076
4238
117454
159227
67556
481355
283247
79180
219660
413414
541495
91867
381952
324023
614083
673992
472855
36610
197551
13591
310422
165490
337093
113920
632790
14138
534268
1000
181333
903192
86551
43695
204629
462747
460332
73678
98156
239663
95854
250363
38840
493264
185620
771934
907533
75257
354137
4433
428637
74774
234657
19487
177980
158830
11460
429909
219205
8155
2307
513136
3005
560871
696742
664261
241851
271865
550008
16506
187469
35440
260548
308849
188883
131255
568120
57357
118066
125572
81909
623886
244067
17413
39603
366402
861614
315187
377138
254663
98177
553586
300700
147724
389718
6649
196917
379771
308963
440114
154029
218708
510144
87205
151129
178249
155994
90625
346158
179483
66027
20572
205805
369751
103390
53946
17026
54768
450573
236149
8110
93267
331039
398977
200783
649722
590190
425825
276970
676671
803171
355035
95437
603169
16502
33608
492851
173002
69299
26757
240807
264207
188962
94085
242685
34963
3008
136256
54059
55493
345603
2218
216484
176599
306567
452401
445649
115109
28879
684625
500235
294368
254797
784373
139387
134392
38193
678382
138216
32889
6040
7963
213148
30594
142435
495101
439459
153936
17167
327923
3147
178221
5602
32241
431906
20247
429244
63591
386579
128485
211643
574943
544657
28691
146087
236342
309979
141210
247060
464387
298297
678348
253082
552195
430505
139255
235618
427552
142022
82047
884489
165345
164984
30605
306914
64701
90103
7448
833179
34805
113085
236337
14646
31578
35011
397771
194265
34720
89994
278249
738630
339543
136
110403
181221
99788
64353
107434
176011
704497
113130
59179
135486
5393
399848
2114
181677
171341
437992
105987
79220
506941
76477
433932
44714
5516
84254
581812
402406
509163
64305
726712
239142
223818
298788
431680
117176
204059
43539
604035
596044
193487
8203
318151
318638
176494
214256
666800
111265
237122
30572
191502
92888
101806
748857
16767
158726
61249
90214
628816
50114
12271
124398
366199
109693
16500
589496
390740
25465
292042
70801
2137
102502
9897
27392
858918
410584
348441
470168
357861
5598
273327
203337
159196
602009
343746
571394
551747
545679
230343
329862
289710
157558
89868
388750
216384
471195
137920
37176
261137
430626
3096
97529
114145
98710
192503
138682
23664
210123
67483
317340
155923
116806
22685
880641
106024
147835
16137
86685
221632
614408
190881
16245
60633
204145
31232
553690
79910
171440
48750
20022
339885
312400
16376
99787
556832
568358
475966
292649
14782
193066
611024
9680
109624
315967
42910
312597
262367
150394
13754
85068
236720
86914
45105
82273
513932
62400
198769
453301
296104
4783
62823
715389
117810
118155
634570
481059
729884
382958
34888
39862
95746
465231
463988
320938
752925
137987
702433
81387
3474
284190
508478
493134
52533
679915
415946
42613
4669
74489
95770
286848
509554
81043
443837
13932
406315
562913
69767
46644
572385
286576
448443
32066
59762
740873
289815
25298
198921
277045
82577
267896
47938
281478
109484
121958
536361
475604
79363
45844
518862
25888
137798
31268
17140
490451
549943
876924
124295
100258
63612
137753
183339
214715
457991
263915
290300
449323
140966
74140
135974
5023
229559
17617
54419
148802
46514
690235
395217
829395
35241
33287
118880
145799
402089
527737
81901
195505
105941
15328
766789
473977
8858
355713
35015
271224
151779
87530
429713
25756
59450
56881
5559
13322
59279
310992
241029
740625
87078
886595
712569
38066
347933
271576
329868
313908
593221
238213
857894
516364
101307
79738
9791
1980
45791
296
196357
45383
735521
523030
758671
259637
378103
45916
717163
90329
14975
8584
72417
35153
16291
421935
477932
548600
606046
684494
513396
21722
799968
209554
308784
733149
105363
167707
380912
789629
125576
631835
501717
34569
77636
94673
283971
59171
170469
1447
9210
441164
614252
188941
160429
44127
8896
6131
45450
95376
108416
