62
26
338
709
110
53
9
132
292
459
383
272
139
0
76
33
117
234
106
767
160
226
74
59
314
508
234
318
703
387
185
483
502
504
356
140
34
605
15
85
0
496
374
421
242
123
815
534
123
268
62
294
236
189
227
612
53
378
110
267
552
51
773
468
123
396
437
101
213
373
424
1
78
273
234
21
362
12
66
101
344
30
567
460
273
428
469
371
98
847
294
25
163
71
273
123
220
84
124
62
394
437
223
45
43
121
1
506
272
376
272
944
394
57
233
74
314
210
968
272
12
10
74
100
150
709
590
140
324
508
13
117
436
282
311
590
52
256
811
0
211
904
25
542
264
125
618
0
833
50
39
334
556
385
615
18
483
157
38
901
181
263
673
203
134
113
140
590
547
74
76
0
331
255
675
269
128
13
24
112
0
729
325
185
16
378
71
473
202
346
64
66
412
5
202
236
334
368
89
679
208
532
500
384
28
111
8
319
230
168
167
4
564
693
76
405
829
460
0
349
34
157
48
167
579
28
353
328
316
140
53
517
132
92
272
30
94
84
447
77
9
63
432
639
534
649
17
196
507
313
893
22
113
139
114
384
27
16
3
300
448
432
383
135
264
649
745
503
211
51
331
513
5
222
32
302
189
62
224
504
390
138
9
641
123
346
12
535
289
118
39
394
31
189
280
8
300
565
5
264
957
93
405
37
394
368
164
506
302
14
14
382
2
34
45
394
469
527
59
447
432
160
150
3
7
668
394
36
255
551
37
262
483
605
56
211
643
0
590
798
62
148
447
140
20
194
185
20
53
15
431
38
38
39
53
50
273
159
559
564
251
123
483
211
64
434
133
49
564
18
25
655
191
35
483
56
311
189
692
152
50
240
339
3
32
27
682
58
378
273
382
123
715
5
175
37
727
181
196
190
263
431
140
66
56
112
27
160
15
166
272
64
35
344
675
621
78
90
18
158
582
144
14
300
17
55
434
105
160
234
187
383
357
71
927
160
79
29
591
24
273
11
568
431
3
356
262
386
550
771
28
201
0
0
14
140
20
53
20
47
200
4
77
255
107
197
526
5
196
95
76
719
226
288
5
207
164
785
123
36
273
174
222
268
150
405
434
27
66
63
320
7
817
0
211
329
69
708
196
9
167
84
27
150
85
356
140
753
237
300
393
56
394
76
236
581
366
66
766
535
14
125
86
72
218
65
115
272
71
37
29
376
200
635
66
7
74
83
113
72
32
179
83
394
7
236
332
333
84
92
411
308
346
4
4
492
62
256
123
15
571
244
640
212
961
144
135
0
235
106
6
83
496
447
115
480
145
153
142
676
388
237
403
431
16
156
208
732
207
111
457
113
324
106
560
149
376
509
7
426
113
211
312
534
376
196
236
51
55
150
713
111
458
39
560
342
8
508
560
339
559
143
334
26
140
481
74
396
27
634
278
394
35
395
308
493
223
61
101
74
22
79
163
69
17
99
106
473
317
226
520
39
305
374
196
92
6
582
339
295
481
460
51
14
647
77
712
37
72
56
5
236
247
8
113
87
27
140
359
84
647
40
609
205
24
606
29
208
415
160
274
310
442
236
234
83
75
140
398
323
160
483
17
288
115
0
566
431
189
223
4
13
435
132
388
581
14
510
415
123
263
211
5
1
510
445
832
328
236
213
290
639
236
186
37
348
331
439
840
20
84
114
0
4
396
779
224
12
45
236
658
7
319
469
364
140
0
746
167
272
152
36
0
473
141
159
579
641
368
157
364
545
45
730
312
123
72
356
582
15
167
434
577
149
130
66
210
119
560
208
0
109
524
156
356
401
71
228
52
443
863
302
509
21
37
545
747
612
285
71
582
25
0
167
72
50
22
364
323
4
8
779
149
363
576
160
50
66
33
6
706
559
5
533
615
196
448
271
317
312
76
259
0
5
23
155
534
150
100
460
595
41
104
192
286
107
569
74
0
69
479
50
191
636
713
527
339
519
149
214
122
47
106
15
121
71
313
123
460
447
376
66
460
414
487
160
73
196
477
37
140
300
4
27
66
180
272
245
945
196
127
48
234
589
0
0
608
273
395
255
941
709
252
475
370
426
545
56
943
80
223
288
169
310
176
112
509
84
84
103
268
1
202
196
433
271
129
117
742
123
196
59
5
238
431
140
273
12
9
23
382
509
129
22
102
187
127
160
27
212
381
4
167
36
0
140
259
4
451
37
148
64
99
73
140
557
76
140
198
840
179
295
304
328
307
182
0
16
5
348
47
81
294
188
507
17
311
107
495
136
