735551
10220
303754
423370
46680
21745
53146
428051
256636
23032
160916
52063
466818
437126
2825
174899
121348
571422
282191
694346
89199
358592
60437
88044
794378
6185
150242
88138
406449
794496
499771
126430
16858
41056
496213
104412
297079
304321
47556
159461
174799
27660
63919
313533
194025
89215
327170
134916
39332
416294
210399
61806
178746
278605
223667
83984
658925
17998
113174
74829
216623
135979
201775
477582
67839
326691
275500
115333
505092
316689
381898
102244
137925
510669
339994
230820
95367
513553
26633
106645
276642
14508
157114
125840
341423
59545
289016
74825
16317
600756
403860
4190
346629
238409
295858
24325
592854
562075
37380
586836
67487
380658
51425
202434
211124
387840
25886
252881
446362
225877
293463
493727
76627
285425
390315
26328
184996
425749
319333
446067
1421
699138
634801
1199
444446
35090
866213
361410
179046
399312
39749
477395
300578
203902
18811
45460
424675
426932
142683
331854
928847
573433
11736
62504
7111
194827
17000
111089
488664
176915
63749
424913
170856
786938
331799
230826
640940
495681
144186
352372
626669
198897
165183
123634
578785
832128
496782
159405
14715
57132
275647
134676
230228
299336
77609
539581
380125
22470
254033
317165
178465
609799
680699
22467
306727
460042
156013
404348
6195
33913
104244
489866
117315
429784
197153
89635
327617
443192
419814
3020
114029
447862
324190
119474
270224
333079
554294
56280
376997
580100
68804
2699
48681
13042
114034
540120
433935
35870
621223
102470
125621
297713
7986
255463
2159
61397
333004
8891
631758
531796
14263
333230
163276
17104
265101
277853
23226
306416
411115
463073
392857
296238
381766
301168
62362
642221
359219
917976
378071
470017
126416
28631
485179
71443
43086
202132
199342
70971
1988
72009
482701
35577
356734
398564
691193
75618
803958
68561
205450
17009
29967
381239
232053
231021
769546
467916
395644
354693
31548
6160
665247
258719
133830
34214
42948
5970
182698
317229
470678
394591
56431
647556
12692
307883
596505
214679
298528
197925
99375
167464
574211
336414
24210
479566
226665
395037
30408
416608
226350
274823
120765
263536
191621
583225
59292
169887
47675
328186
27614
409639
176629
27633
160465
284083
30062
573153
426048
118149
32447
27865
117528
16192
5757
580781
694262
180458
62787
89844
62513
155940
139252
143622
612320
3386
156673
167703
157198
214465
461646
928882
15378
114247
1648
33630
151185
263325
115013
388714
98136
10745
621029
289417
94263
135568
653569
99266
91678
403564
281013
271749
52373
360783
8555
6257
745551
361061
403137
129294
36665
174377
30169
88476
604403
419240
69172
106324
221343
56352
248777
49520
569075
406830
446253
15803
805788
422878
564159
356423
44507
181744
161612
55532
43272
117967
5160
3137
91095
12760
559898
447981
638326
50943
46707
28413
104467
173656
238608
96896
649136
173220
12669
96900
4720
133097
209283
701040
184929
433168
389428
130247
561653
154504
9978
651693
362162
325951
500096
361218
302546
13036
564814
415702
400283
159561
163190
7210
331415
180790
100856
108865
41093
646276
182365
23671
30741
377175
184576
20387
275481
229550
268714
362899
228931
37074
84104
105161
31319
392162
490516
270865
888330
111234
465066
146229
213500
415152
2566
327988
4551
310663
570979
223591
568741
388038
115562
468402
50234
483920
61206
783038
55967
583318
50988
72442
400040
266372
43289
18370
223379
542611
49484
171146
392495
295813
211395
470964
520188
9357
2360
287925
125455
51745
63013
58342
101705
110040
104631
733550
645044
475641
265366
619947
203521
160122
362869
125291
303807
209766
136182
15046
131065
175488
147184
520645
397967
510790
458038
77967
319536
45947
20481
14611
130685
1424
519093
8489
319628
90607
673127
239641
14436
177643
383799
186715
62498
162958
234830
378839
601457
406091
75409
227040
130766
490286
6456
244747
170022
164456
558690
291676
27263
66379
424807
254117
208860
227921
25656
258314
375551
116241
412302
136651
61453
277204
226252
175545
238425
64960
640774
166203
85240
125440
65357
490436
499535
7779
37560
39832
554858
26319
135787
22289
92675
24905
558865
89770
478730
359085
219043
29790
216866
123203
28372
294796
38591
378336
394919
3642
66169
774
265113
94754
171731
364934
162077
594366
561183
652796
215240
309141
489072
690723
473578
86961
58202
192515
60478
6440
95038
580394
71803
533935
10289
473022
382951
195936
334070
185323
22213
392727
463676
169821
426323
368031
185671
665607
96553
482627
79760
53329
14426
688120
155914
265458
106445
515121
151926
61677
153387
907
176387
195652
455159
220980
414554
470128
173875
502422
474032
548902
90613
551249
242715
3415
887553
179176
124966
19214
26334
671176
328750
173503
533157
44338
470320
20072
286380
784576
383317
308911
21562
428563
6165
442436
180968
857473
38531
148793
230578
24596
612948
679673
71389
47071
122587
20541
324231
313500
145237
36654
105369
325112
78461
322058
375782
456047
30702
762705
142624
330088
484110
138730
85099
43269
27074
24686
310885
88182
47502
93232
875499
37082
317180
843238
70531
162969
36395
101134
171606
73098
207946
209748
256798
30343
90385
87267
62588
150429
164123
128711
439711
59523
135161
275402
363852
462861
233447
16486
364129
124574
109903
22918
177661
231404
83127
11606
67873
278980
78677
22614
640043
345496
9931
49813
776195
236763
164678
714091
235395
46664
257063
1914
592890
17179
242341
169218
899
89501
509731
10378
971981
17852
32219
22486
34273
244263
273689
41813
29576
17381
303817
399971
563628
107436
832628
447627
326135
100671
646844
49044
3530
249458
130875
42357
14352
42939
29445
585614
472683
745596
7610
556268
16895
96304
720550
267686
63597
26204
16854
307280
348594
320052
281517
589112
192858
251576
5671
276852
427829
407056
10144
115677
33490
280721
48481
435398
180711
197889
151958
318357
99983
37579
234802
629038
19581
397346
8859
49010
304616
175501
120650
151717
39055
257392
61949
197869
104979
205219
15373
85975
890583
5336
3789
264202
40265
131470
590843
158
269146
954179
215435
236803
609806
723677
355283
431611
316561
10545
57553
516617
30332
30266
157970
746717
426087
251304
103507
584288
264087
71816
562316
237178
201175
169136
55113
378785
56277
0
646300
823238
416673
71967
157986
8904
166165
23428
71254
101379
87966
565902
182518
56365
117285
101611
109471
37501
400164
10267
140746
580385
57918
37641
555706
396849
777
309450
60425
118609
264826
181183
47392
430408
473357
377627
209300
14689
546112
36826
363861
306862
146558
150271
88326
104792
386066
87903
53965
755543
557791
109357
3617
189346
135368
182597
66571
796367
151059
187478
244680
68563
83916
66795
173867
269355
420816
189746
557170
62123
109017
14063
64444
41741
152751
39252
45629
221733
113912
650833
86740
370563
