452110
521894
62764
52242
42646
33006
234109
71321
487027
277107
230266
697940
314350
86740
739
20986
4817
66730
78774
310811
940190
84037
786892
487195
94729
93756
3929
450858
25770
93354
466251
170083
53037
112521
87859
4013
466256
206950
11014
6347
595147
22223
195579
3356
29270
122972
195115
479357
29298
190450
648507
41567
73028
541232
276383
171683
606891
476
25563
269448
329335
83666
10224
891512
135508
557033
652208
224187
65034
35833
124378
37617
169563
35049
224058
565961
916
753816
633259
43697
95860
402603
21045
353991
255302
268440
242085
134232
105013
20861
139173
139493
328255
409654
498
15783
719743
292650
16001
354889
158283
134547
247654
156341
136903
205294
192222
357366
512558
403432
466169
62523
26764
92981
867158
296928
63871
239305
375493
145991
237986
303558
23686
48485
16348
391299
38784
137272
362792
401286
443398
19016
182566
397131
99778
460985
729878
695830
187883
143859
2573
126643
345769
83445
3587
303332
68295
284695
38135
85911
165056
47135
109688
321497
100851
70307
487835
147428
39169
2780
289333
163094
93058
14855
56709
69123
159840
41062
141928
519743
380619
115093
136421
598537
78084
248552
48838
301481
123420
370210
617723
249915
208976
565858
395060
105987
454144
89512
573839
679041
24173
276260
521462
496038
231930
24037
212754
425154
19053
373917
156157
12314
242251
126669
83282
245835
175560
691461
14323
224702
508630
23509
177521
776504
360660
91348
704355
121609
146806
247399
71953
504435
162103
178715
380233
815706
184090
21847
561564
326505
223025
279346
457237
96633
576531
581330
135490
118941
61033
217276
12484
567706
37873
105858
83955
610967
234380
222224
551682
250653
32726
262669
15311
429069
278287
876319
379287
7064
436721
544558
403781
33624
148614
248527
140197
36474
39657
93938
4949
14
403975
64164
705814
90849
147364
28607
67585
62066
81034
189309
798823
5185
613717
70109
23112
45024
609179
54077
836048
4219
105716
170503
62276
6014
142199
902423
384204
406031
530903
12385
116428
434941
227787
399633
2138
183240
136137
7691
884129
282143
80645
5174
24795
143016
197433
211824
562779
326793
520322
564761
411388
332105
802033
280593
225806
645475
621855
9134
6889
668028
687696
811695
749513
146705
82802
174337
23888
209655
7977
422887
389635
791142
82495
245170
17040
64682
71395
664651
81899
191779
267536
149047
382464
23696
539789
230890
381646
48254
80693
665698
38351
24674
104460
124948
425846
186264
15153
177565
184562
793779
388671
624497
203224
370666
226234
63841
233935
156839
54
695671
416747
955039
563687
100752
85135
698214
208376
496858
26930
920657
252742
88207
19448
200927
6486
565151
49891
819829
1344
155777
378236
189297
369159
389460
163899
590447
105485
55638
277721
145564
217957
580497
88424
557219
333409
40324
149241
91743
15147
73942
49800
59398
609337
90966
133651
36590
425114
175938
127785
285351
701674
12356
286070
458260
975107
300796
393398
771028
232792
170
257642
365625
430625
528595
173563
432318
557
194856
61746
816972
513524
261820
7011
439147
186789
645579
449284
79631
694251
368991
148327
131676
36762
233399
242287
502315
543803
28257
202910
344241
292148
69353
34770
42085
415998
141403
333307
415274
84883
793361
708179
683496
202574
220403
16760
53037
185984
198313
3776
18793
973450
353858
228414
94040
160843
353834
1955
42937
237798
50105
125102
70014
96472
101357
12570
208563
526457
417562
2107
179427
584096
217462
19111
330153
258678
66141
835100
480989
128679
158716
557688
403064
96732
566403
899299
151271
417861
94687
49814
73791
108167
540124
341065
135056
114790
337499
479542
35353
297733
5148
291140
22761
40255
721097
168300
158719
41880
137017
12089
31239
23102
11318
15212
381629
222831
284065
938813
173682
229415
251079
87849
145794
289854
1622
11670
37460
165992
634285
168647
431504
101014
81724
247539
454163
645040
495116
64468
13025
460825
52912
272707
2247
73138
610805
26518
310792
200958
257692
653966
16031
217879
311827
480521
163506
79716
115632
55348
312224
460821
344787
182990
598122
113910
79012
175188
46676
692291
30280
138817
165138
183719
118839
36088
170767
45138
5277
563216
92070
283805
346054
67255
85248
165683
231195
60196
131769
305882
682577
742483
546693
271953
175636
371687
6312
892496
58484
90531
297641
27304
202035
847097
4607
761393
312493
448624
286712
387006
80836
185643
52062
485087
33444
561355
309522
492101
139599
15568
152255
72571
48475
275104
6563
28040
130557
198853
34463
243864
10468
37532
74843
238210
17597
283713
31166
173984
177167
114717
405674
144685
625191
784227
35151
99828
3497
78027
171514
172929
662616
110780
366107
329815
85190
827162
76947
464664
461288
234264
554
36628
609614
401795
259884
192374
570012
172557
93109
26604
36126
195027
402433
484873
26057
20301
411801
644844
197375
297863
3564
64366
70676
512017
632869
4419
306889
73901
725294
429813
553708
306184
178259
594735
137190
238264
42848
91010
711953
5044
103723
456280
163800
330479
46719
488382
562077
97409
212076
91406
62980
342744
109332
76255
189824
274337
147369
151499
162415
558
249149
24978
58946
654036
130053
505908
337681
100383
131823
336168
349726
483363
29703
15348
460244
76187
473004
151976
461339
156706
47149
342366
45872
593113
221926
221446
133084
16465
69154
5531
313384
133333
235922
386139
126237
165303
504792
39835
892004
61872
74118
399276
253810
381675
658738
2814
456077
251324
188710
25212
110689
335765
719281
427460
7513
93571
142708
266930
642924
20033
382932
63063
163266
414985
100662
62642
191963
18637
749905
2036
12370
110737
517514
81722
123901
20127
134882
15783
163322
152575
364418
120512
358078
343708
230950
409759
456055
31198
167007
101015
57942
374075
175828
164508
12991
339617
20474
738452
155633
128933
235473
88232
835233
572035
376037
382218
378715
76930
206850
101846
272265
262719
120962
16087
15773
188001
81226
26049
184878
227983
276038
42858
291452
65072
436781
157265
335682
431827
4937
544146
437853
108530
107833
499683
357859
189911
915375
5827
207776
324429
269346
37629
539209
19609
506792
26333
214315
279703
326918
563567
474
68275
378852
483035
61963
41234
68161
17718
64898
53567
17118
74432
42365
146604
5162
32907
187286
686884
37831
60274
332495
62503
77953
38894
338753
301750
97461
606354
113373
242450
299340
43435
311807
542464
271774
210527
136567
601801
563792
160978
247502
301761
856214
413435
113695
254006
797298
674627
671890
11854
710284
246594
15418
22423
567927
536159
3966
98824
123942
233259
9255
427089
66142
382180
81874
183547
109607
300463
312092
499918
548584
47142
197473
237528
398845
19990
239106
429510
261949
447640
869142
637056
22342
651
167035
27635
175613
539941
135570
799287
305666
11138
296047
