690287
116879
253
790650
0
133202
35323
426489
801373
0
117638
262907
169508
261352
38142
367147
63985
452609
75504
618070
474321
0
140445
286860
605580
211120
44816
667727
118665
0
25939
58746
107521
25066
93795
97988
29156
352463
92260
820782
764645
169508
311579
457518
533149
78524
376307
157501
107825
8735
398037
94044
183025
261768
33549
496631
23449
486296
130384
91477
131583
254336
399315
188051
341089
27788
593847
119288
436582
22586
53674
1561
534441
314474
470367
545
243998
183025
5289
199781
737841
38254
272480
308934
541051
675941
107597
4499
52636
320940
62705
816908
373273
417046
155052
375516
489173
87733
51256
57141
140307
468203
13406
188483
227778
493766
4872
3488
369289
392814
25048
53216
369289
111000
75504
81198
133083
68341
195190
426489
583581
274576
442939
399610
28995
417400
924137
465954
584098
53216
290358
699129
410393
45139
444793
62209
300157
267214
64793
0
75504
480401
159895
426489
128720
81969
6110
66126
227530
419544
1900
75504
5949
261768
0
50785
31181
20108
53392
297769
3376
92260
262845
584112
97988
76581
336235
143034
317986
300728
16197
151925
298252
64272
180662
120320
0
22554
7812
229668
40453
71520
444634
55202
261768
110328
227473
167910
108350
119770
54166
400829
7916
71520
896645
63598
326931
250086
3050
667766
297769
72290
32033
17155
498262
190833
56440
80689
168220
373903
75504
162048
99145
260744
162787
309890
169508
97988
149394
175330
3922
25520
275285
669871
30730
505522
222
673260
106161
119548
301746
615012
0
575688
332298
480218
236241
176525
186941
0
369289
173736
116591
37889
88668
169508
224614
15308
588400
63169
363630
183025
28675
135165
363073
202374
288142
68841
777318
122067
36710
23074
345513
41765
67733
319189
293839
770826
339284
735166
265664
20103
13950
510858
189059
273097
352212
375443
498009
95243
61303
891057
886501
402304
17399
444793
86753
236241
95339
404919
0
371902
180073
112425
344678
131770
815811
58410
397239
27313
393459
260990
178705
75065
297769
494716
598390
31873
426489
111478
146145
688915
258251
682384
348173
128720
2313
46754
119885
191751
205349
92260
7247
126876
306115
385647
300242
328132
125164
18907
782365
112601
369289
424656
3263
138456
37037
10900
369289
97988
191810
373273
537253
21281
577674
561940
7397
26981
190248
638647
399436
21838
44466
146165
125848
451935
142598
375740
107521
773827
587549
27832
276681
3526
34374
203012
562235
90047
92260
79038
747079
275285
82335
0
724355
53771
137559
131523
906188
373273
738000
1292
545267
113766
373273
172691
298200
0
183025
315304
30537
548566
84032
202518
50850
279226
0
183789
47580
347
107521
320741
266034
5767
355427
89132
647126
426489
698730
107856
49941
236241
92260
139691
11998
91888
49959
32845
413499
45788
249458
261768
246039
346494
32888
421985
198927
164777
49310
24958
78208
369289
117571
86120
3748
182491
115278
12421
236241
150685
183025
77835
32658
86858
593753
15980
321888
100784
297994
422773
565534
97988
68870
25309
56421
87784
44013
5763
531203
39905
896461
352194
0
29893
95207
107521
828761
138252
261768
12593
169508
59351
3977
319099
209950
143545
342264
373273
104459
261768
25791
10967
129369
213582
134462
656876
29067
277834
203784
368
10729
236241
474458
409857
100864
62705
59143
706286
36064
111541
107521
76622
202618
785543
358750
365526
199781
444793
224415
241967
166631
169508
53216
768021
128720
655774
352503
376563
1709
38905
166831
599120
833692
46960
202249
425896
854042
806
1066
190248
283933
331560
4388
97988
365056
137698
101723
3203
158855
255542
25176
36537
46594
64274
426489
18658
199781
219763
20883
59218
183025
309650
566994
140000
196563
302662
47366
92260
384663
551153
776107
180984
140307
291104
2800
194491
129275
299877
236241
48047
101054
568
73685
0
492592
27200
21208
881491
683919
92260
24163
60190
107521
28768
35595
65165
179055
315518
8135
92260
440823
183025
80965
190248
169508
10565
0
53771
374089
183025
228367
373273
13040
684619
534636
80217
137603
217182
0
369289
1517
657017
7310
219376
153147
682717
34566
7502
216042
316783
106237
5574
276352
429763
160745
297769
566757
557
325459
0
261768
26150
107521
746167
775302
594241
14908
202820
78154
527634
0
44816
135842
643240
199262
287057
62047
6248
446899
128806
146010
183025
187098
210691
164628
25287
62539
169508
8120
50735
170461
377584
208566
112011
223982
10983
526225
50062
227618
43002
333377
672562
144871
756403
48456
0
24270
86861
176395
468393
650568
62705
421661
69637
539283
49652
10447
444793
443429
433463
252623
374238
572523
630277
556087
480685
53771
297769
346055
162564
757267
29841
0
448354
40631
40084
64173
271096
127161
107521
175064
151436
0
40854
19967
236488
49625
569003
619392
284454
440942
653022
255618
599812
691289
6113
626602
0
2401
214524
140109
288710
573911
118262
53216
115590
17602
11730
369289
793907
223317
282614
444793
183025
921821
82595
543854
308656
97988
604259
476147
49273
200287
336457
107521
109808
356992
70328
73231
522016
49150
182137
53216
0
670848
473546
319595
90717
13396
70566
84813
297769
92260
347307
552307
31965
157241
74825
481973
14058
311
436849
101020
275285
52504
353302
0
3206
860134
97988
314787
429181
269436
190248
40817
291357
74228
714763
386928
123605
94541
101763
460323
49941
107521
107521
304227
369289
363739
157741
168037
42776
32875
0
632194
75504
76609
216172
241614
169508
319476
41574
199781
113192
199781
368082
366363
344884
120802
53216
488532
213057
59065
528434
71520
275285
6996
16555
61071
556687
505065
236241
369226
5412
223810
4981
549284
338307
465658
139348
477649
370823
629536
89359
331909
328501
275669
317418
471064
9482
77868
120471
418573
354456
182592
95026
98003
400908
98833
7170
75840
140307
648413
173355
168770
79418
6
339346
70742
736460
59815
106782
27184
850633
81700
404631
781438
685978
171921
128720
613390
554124
729746
572582
22050
97988
93129
297769
36657
216330
252251
126282
359421
67897
186906
36857
399007
136672
69652
335303
5048
684467
268492
124102
373273
297769
69116
72109
56634
264082
175857
183025
391844
74518
65621
411226
216364
3135
243998
2656
405116
498009
674712
190248
212250
558120
284325
18580
190248
865141
632538
113378
831387
160774
528932
71520
53771
199781
119913
293594
81552
7614
664531
269016
45755
640710
604262
110148
223968
92260
25500
290762
102389
198203
78827
29816
65866
96934
623749
26905
0
17618
221599
606347
402244
591734
297769
0
374371
249333
386541
283176
81986
281003
118501
159739
787469
107521
58590
88286
0
53216
537445
314345
0
162747
107521
222982
610327
519900
