68
17
440
152
74
243
423
290
54
9
84
430
132
122
500
189
232
19
781
442
574
473
388
260
168
53
433
539
64
648
513
0
367
723
21
47
121
144
101
88
139
83
8
16
151
215
117
771
335
41
217
167
510
106
129
374
61
625
8
695
650
195
527
326
454
598
428
146
725
142
5
741
49
0
305
69
832
54
3
267
261
553
43
271
249
145
23
594
168
302
1
21
208
70
397
740
103
133
86
252
183
304
183
174
30
413
138
307
238
227
3
121
96
54
144
398
425
3
57
68
98
545
123
51
73
21
469
1
22
124
675
422
21
514
83
86
177
240
476
66
146
368
53
8
231
151
499
370
621
120
13
97
639
11
310
64
244
159
15
168
50
792
57
7
140
914
498
510
729
393
75
136
96
27
259
232
264
78
924
16
480
421
197
604
98
574
108
2
172
180
36
759
283
120
485
250
1
96
374
234
690
98
260
61
91
136
24
37
413
396
74
18
102
3
667
307
499
147
37
362
186
75
81
66
468
596
297
28
77
353
128
135
246
17
181
484
152
22
193
3
102
118
42
54
405
570
374
18
19
35
93
678
269
588
379
92
44
404
151
123
70
176
27
11
711
198
39
123
159
107
378
30
209
360
223
454
263
190
462
9
256
4
99
438
47
6
65
271
21
38
514
512
412
61
447
26
289
61
380
238
395
464
169
503
426
93
200
169
680
71
396
137
238
89
216
483
236
662
63
170
247
57
830
152
27
267
230
35
597
445
453
258
13
57
30
348
24
170
89
179
484
118
302
87
203
539
39
137
570
261
17
17
54
941
206
26
203
454
50
323
154
354
9
40
24
145
373
51
110
90
360
72
565
166
234
205
145
59
117
7
608
241
20
250
129
480
86
636
131
43
24
235
117
292
162
142
520
44
305
29
3
268
147
204
162
239
588
706
252
410
33
289
205
11
865
774
99
12
183
208
43
120
24
175
712
584
92
941
111
748
27
121
391
121
101
173
171
806
68
3
278
131
16
182
770
240
294
100
522
29
243
440
1
66
102
24
83
567
841
117
176
22
192
388
5
680
459
411
15
196
236
180
97
743
548
581
350
224
85
1
204
535
278
335
51
18
5
836
2
10
293
84
41
2
481
17
701
171
277
76
367
45
303
130
332
187
162
124
290
228
824
390
133
240
113
141
83
68
42
32
166
13
196
111
544
46
662
496
22
456
449
175
131
482
146
465
70
246
17
506
146
131
273
87
532
293
404
555
371
777
364
600
224
92
221
807
867
254
268
7
366
286
93
126
292
413
175
46
56
54
472
95
622
239
514
16
30
258
546
325
16
567
207
682
806
464
396
229
261
114
475
105
123
81
74
312
263
112
223
8
221
37
716
108
408
747
345
213
293
207
293
38
243
139
558
132
442
85
198
155
175
70
39
765
105
482
297
549
710
10
62
70
669
13
223
701
689
146
27
17
18
383
174
362
139
286
37
139
177
301
228
215
461
54
1
363
352
491
409
8
45
239
562
267
229
113
147
109
728
0
579
308
222
173
162
4
103
45
44
105
69
555
200
55
532
674
288
55
355
708
238
0
276
720
16
399
81
230
582
2
337
171
297
483
67
398
117
14
245
377
732
929
123
318
231
587
92
413
108
176
11
32
383
394
63
553
136
675
197
163
380
35
231
2
216
84
131
33
318
60
223
80
416
46
115
174
235
19
305
77
181
8
130
84
85
406
18
352
277
185
206
142
115
457
320
520
383
8
228
363
39
625
353
411
463
108
67
22
269
94
128
319
133
209
476
264
28
740
150
27
203
473
454
2
631
47
73
571
207
44
114
44
628
409
121
192
296
270
456
622
252
373
713
216
575
65
348
19
451
42
104
158
335
194
371
58
550
8
320
51
537
83
50
21
392
115
62
140
38
94
337
99
714
66
70
40
61
260
0
468
126
584
29
633
184
3
48
933
112
33
482
288
137
224
502
670
33
209
125
1
72
155
122
37
89
254
783
484
31
188
290
53
167
398
4
58
277
146
503
159
216
651
618
220
280
481
112
152
551
131
116
106
12
398
79
880
403
17
245
572
59
231
143
618
27
135
439
112
508
443
126
168
575
750
505
28
31
286
281
1
9
292
140
385
14
5
36
257
291
205
289
2
150
242
94
278
391
222
179
54
363
227
106
606
566
1
567
210
384
129
100
309
36
142
394
641
25
20
70
812
33
310
407
416
212
83
298
9
57
30
237
643
143
63
23
17
30
54
90
86
10
151
430
209
143
331
56
202
232
89
