253622
478488
235699
27712
10563
139835
20021
81167
19489
77740
208640
370533
691421
57561
52954
5304
304811
241674
54915
22068
625776
19991
422376
459347
539325
41177
668152
375096
544946
527697
110498
514448
256549
313963
417639
49890
341491
60938
617957
108894
61860
152602
211277
346631
71853
668469
51978
30201
306484
9616
416692
57654
28126
50985
178612
679591
417677
490166
258812
514382
18009
19597
703614
217667
294690
311212
422117
451905
55357
331605
585920
233375
441533
68583
57004
321257
140091
25484
131969
16687
496433
5226
208290
15446
6700
358531
4334
236886
301636
99559
192998
409035
38693
446555
866396
53496
36197
669543
372271
36005
79733
59044
105840
30431
152569
149419
529172
17724
226960
626024
650491
166113
21290
271793
184267
574700
128639
224197
59961
613692
98922
80527
255124
56816
141901
657997
147893
477468
310064
385654
374886
15336
34743
17527
262580
100438
446472
1901
640111
829119
14985
27320
144674
26833
415949
277506
79936
473757
31114
106164
190776
228452
26067
375
97376
185572
374670
199273
269367
235998
407821
858899
170709
144565
584207
81411
95256
274529
541745
151003
159942
127150
113583
103727
18553
186437
30653
144553
459311
641916
161487
291000
630146
551561
19021
220363
407257
463357
50560
76935
150877
343935
186915
2894
195187
253217
15010
54130
150208
437855
199152
340
654089
204846
50574
129732
164900
214092
67528
264427
316710
234493
114770
2689
71255
750052
150413
340493
21781
69261
206173
17088
290471
377624
118898
451345
201110
466152
698023
792398
490251
13936
362299
26194
243525
308070
127088
837495
483669
228182
274041
12992
350367
547349
403196
615277
75454
622733
38337
810141
16378
384275
33446
174589
85103
794227
62596
96
113926
498417
98469
536704
64760
104261
6482
380183
47363
411634
300383
766859
163543
436736
247543
257219
594324
359126
97037
9737
859564
130990
215418
129640
157328
197671
33552
504639
266845
60074
294753
54970
355300
397318
287251
201661
78621
164053
96154
2974
294605
58749
600945
55001
24692
552637
359274
290465
242714
15149
30778
6518
140690
179155
16429
104879
92871
529139
793362
558945
439872
376626
352935
456384
972967
3673
338329
172446
519148
155028
70732
9887
22611
133982
51069
248925
184963
43351
869698
175756
24991
795344
268796
595640
539128
135168
129340
887585
465897
332415
29139
681998
385659
298252
243344
69627
96258
252023
456030
129573
128466
38581
163353
607377
125817
108022
310906
141448
21975
269818
583510
263262
875037
232106
835714
63551
178271
325115
235538
514416
41866
652982
238586
102778
449228
310336
564005
673453
280469
71557
307749
344456
3956
477420
103509
17663
327913
4159
152308
100052
8037
202233
130046
106695
54379
96784
80331
39503
319907
114216
347689
237029
114544
133797
841732
309130
735409
158062
46825
19480
448246
15697
7028
42981
439361
38128
61659
235908
136019
3325
9529
522635
598756
93528
102894
12592
864358
90974
476163
154431
85509
139947
241198
17351
581809
15675
98785
96873
557945
670394
663097
942749
18571
205351
563526
109612
11100
507080
91476
8019
506492
262469
16839
35034
46283
142883
690815
3402
516114
416241
50156
3224
221282
800
241327
630612
216403
4414
48550
81094
226916
439495
562346
315191
170233
124822
99540
303602
15125
6326
77296
151721
164124
737066
83193
154185
190018
97407
864217
160293
819673
52011
319759
378821
48081
423935
887894
67799
2538
244617
254410
5867
102967
32244
193723
258042
8587
625532
72300
257441
134809
589387
108216
109302
89206
82280
756553
330723
23663
521682
116806
207846
115597
52921
56670
311664
32873
752909
262438
287374
120799
159161
76227
363595
20856
471540
914
527834
223811
4796
592523
53929
513826
316228
39521
586712
77192
194817
319500
648329
27989
648653
128284
41926
163289
439455
309236
64288
18264
502738
60509
240809
802827
279414
92834
101357
49146
6183
739484
127619
108252
145882
386184
3010
538320
173426
81934
378829
301089
88338
132409
84319
644981
786773
219004
50008
414061
300138
134881
444437
12642
71221
137220
42071
860563
465707
362528
850346
223351
89737
1079
710424
69570
14754
92866
65037
7276
9364
794396
347591
155735
24437
128035
48100
2357
21466
404939
479189
5364
442619
447895
18275
118177
51490
60721
173735
240050
78582
110272
904450
424642
321614
9093
170393
147863
116219
281040
126802
512678
190522
42702
530358
400733
191000
28913
230301
32804
797204
121716
114581
429928
58815
40171
166841
509919
526591
915528
260
582853
452305
62803
56111
506052
252444
135994
629121
865199
7556
217534
73251
366819
398350
246949
24713
30973
325267
68472
539877
253386
62880
159154
363824
38542
708350
695488
447076
467853
89776
466903
84764
177235
165596
379212
336174
562275
395891
420235
483919
741136
4684
108748
240707
373774
214128
180586
486850
249311
16610
472843
113070
219969
305582
8826
381404
56367
28243
285451
458382
167799
944890
410221
210409
6290
339623
361204
263836
44165
23866
681
46639
301826
91971
26432
744123
209254
156110
133876
656257
372224
612111
140634
636792
310869
2350
65245
469619
71524
36159
7305
94027
24730
541866
583095
606147
432830
94566
194590
752001
231914
71507
33292
252216
435029
161225
221881
369347
256265
96590
168486
107490
186768
686884
2667
108783
457015
161567
46668
2498
122961
52299
61863
68435
218664
187074
314203
123086
130277
350983
113952
196070
74161
637064
109207
411206
124538
211388
911617
68546
94535
277451
65227
520085
5286
20981
86870
23735
46680
58991
413903
803383
46223
717013
20606
688116
62655
287815
87243
177477
30561
123803
234250
71927
201479
47132
686740
617080
90446
120392
686966
9043
72120
167829
257771
260678
382195
288608
580636
429110
4273
94801
491411
415026
184027
237684
197185
336092
770552
263444
214139
152437
76468
4112
45087
244002
152185
75076
93218
34395
50675
271489
225123
33978
348
103343
4073
524191
207120
172048
895597
310022
593441
308058
195944
134372
548370
48066
210803
773325
21510
306631
1485
790088
166176
146586
170343
145513
400458
84533
97908
720946
415652
237708
672590
530584
415911
461575
61219
752
838557
302825
219036
133688
593652
148604
526
138738
2073
269838
88347
122270
797014
77051
354069
183022
465936
135201
468485
3785
150732
714783
71086
719408
642401
45004
88974
524031
171881
108668
5482
166185
878366
344860
286818
364571
57938
71474
457582
2570
6862
226960
321275
273561
610253
20434
140807
689466
229775
13970
598899
89755
78873
108377
173783
5228
822192
452981
970057
191328
383442
24011
475302
25021
2747
318173
92192
577176
328318
29324
304369
404970
116873
297751
378570
97208
108276
225661
81235
200259
557385
475948
35062
315029
526951
6596
152207
27727
51620
641552
594881
17890
47737
18731
