171
138
501
102
69
150
504
231
78
183
9
30
33
444
456
51
228
225
627
315
324
465
243
261
129
0
294
447
267
54
450
210
330
606
36
567
795
111
174
21
300
45
396
84
153
135
27
600
354
228
378
252
483
6
111
843
45
327
252
69
114
297
24
522
198
615
60
177
321
267
252
165
645
360
444
285
234
18
255
234
219
186
237
363
411
528
75
15
279
348
54
57
0
24
510
108
141
3
72
522
153
789
204
504
765
21
369
231
159
6
381
708
297
447
156
42
234
36
141
9
636
783
33
246
246
768
36
33
90
36
351
96
1
171
21
192
192
69
135
243
51
72
165
294
147
498
630
9
63
18
5
102
84
546
318
75
126
24
135
645
51
171
15
213
111
66
6
60
90
138
681
732
345
24
117
456
162
93
48
246
867
93
126
117
690
39
147
525
138
156
21
99
633
9
120
561
144
129
3
39
240
141
105
156
39
69
135
42
45
351
78
18
24
1
75
6
207
108
237
429
12
102
108
30
78
192
648
186
642
21
237
243
66
291
264
258
510
117
87
288
96
93
156
210
33
882
708
3
276
444
567
30
267
513
210
27
132
39
51
288
345
354
459
21
99
84
267
33
561
276
861
195
690
39
0
6
150
357
423
414
48
96
192
294
357
126
150
204
141
198
243
51
30
6
78
84
84
87
642
36
231
12
411
576
744
18
426
39
117
105
495
564
42
597
168
72
159
258
468
243
6
621
534
261
132
204
9
759
15
105
60
30
168
402
291
93
48
42
330
9
582
15
15
519
477
330
27
105
6
63
675
132
267
501
6
270
246
168
207
192
954
816
324
12
66
558
204
177
189
777
39
144
48
324
5
756
324
180
135
162
330
165
102
636
99
42
207
414
261
411
450
18
132
357
189
960
6
81
78
351
330
300
513
156
174
261
105
207
363
240
12
369
9
39
159
83
3
21
228
708
99
327
360
63
222
222
363
291
180
105
507
252
3
42
518
315
27
264
84
513
525
84
120
78
12
276
462
33
48
339
429
90
561
423
0
273
441
387
189
231
90
411
42
114
252
234
183
516
252
213
3
216
78
279
192
258
807
21
90
174
282
621
447
462
165
135
300
150
57
867
414
903
297
324
234
129
378
444
36
384
66
6
435
132
957
30
156
51
15
459
36
54
63
51
384
363
369
9
243
105
63
618
111
354
174
27
171
42
246
36
75
33
297
57
588
648
270
15
342
696
93
93
63
243
360
561
525
165
186
207
615
180
366
72
78
30
51
78
99
12
102
630
843
486
48
252
150
189
561
297
348
111
12
279
660
477
672
111
81
453
111
300
321
174
468
165
192
363
66
201
102
12
120
147
15
894
405
600
24
99
246
888
300
105
51
102
669
93
18
36
156
273
30
216
585
27
753
744
222
231
720
660
936
663
177
426
57
618
249
18
948
618
12
492
81
45
1
144
138
174
42
207
120
15
120
186
387
126
855
147
240
9
696
612
777
453
792
399
543
114
207
483
135
84
366
744
81
24
84
48
111
195
228
588
153
27
111
123
165
72
360
363
27
375
90
237
102
51
483
480
39
156
30
177
33
84
63
33
111
276
153
51
132
462
627
114
453
18
144
3
246
354
129
189
3
138
477
705
252
420
54
126
150
81
426
600
135
222
276
897
3
279
282
78
21
246
171
69
126
585
129
138
66
105
381
312
417
423
156
546
111
369
300
36
36
837
102
561
210
51
474
768
3
843
414
105
579
357
12
0
345
378
348
27
180
783
564
3
486
36
156
369
204
111
219
342
99
66
12
60
390
552
135
33
12
234
192
165
387
171
531
351
171
33
288
126
333
222
273
141
705
27
573
378
3
621
780
264
0
348
159
345
450
195
504
18
705
216
93
12
171
162
63
192
732
69
303
168
366
24
45
420
114
150
18
42
156
219
126
279
441
93
207
348
159
15
87
228
375
552
54
267
15
186
93
255
246
222
129
513
117
528
123
18
6
273
333
165
120
558
357
18
27
18
363
675
540
27
528
39
51
57
609
396
447
240
156
54
393
306
87
6
285
153
15
129
345
231
15
297
81
57
72
9
294
114
45
279
15
63
888
444
402
633
18
468
3
45
45
108
165
144
312
135
567
108
546
117
15
402
549
216
102
117
66
9
468
75
246
249
30
66
573
99
309
81
12
144
459
480
51
66
801
738
102
99
99
21
609
45
150
336
15
510
456
372
33
66
69
42
159
462
594
297
75
48
87
9
30
75
204
6
831
72
48
468
87
345
3
99
