75043
344814
420883
401080
831294
147583
6659
476123
223652
53201
420883
545110
568466
770160
72245
151513
553598
0
275827
72245
380214
251188
0
251970
347879
696517
420883
78067
178975
347879
72245
66117
197231
541960
0
496221
65345
0
53201
64471
768762
568466
420883
0
39926
66455
81871
165304
15720
348638
36449
615901
380214
200296
144030
251970
15903
696517
66510
477304
133790
67359
0
95909
275827
144030
796106
72245
72245
348638
0
197231
562553
141146
271324
112830
528236
38524
197231
768762
0
0
22354
28138
37607
9282
292639
0
98054
197231
428610
348638
92080
16359
140796
72245
545110
347879
550797
4002
223652
104387
768762
344814
447252
569527
398236
119308
348638
46134
92411
54307
112965
367682
295437
197231
0
420883
123451
344814
311309
568466
6853
2154
420883
489572
173505
82476
114752
104387
306923
142900
274793
305171
507
9798
144030
328060
75761
145185
853381
0
231390
319769
234938
82230
292639
7475
72245
75043
197231
126914
0
292639
223652
545110
695586
70148
613137
223652
288618
75043
408697
568466
22945
219784
95909
14651
849674
292639
15842
147583
68987
5224
115561
9648
87879
304727
348638
347879
0
68987
696517
545110
95909
284998
72245
53201
197231
11605
545784
0
292639
223652
531057
68987
275827
769200
293980
151407
151407
0
335087
252158
550789
80786
144547
545110
223652
35859
449201
696517
290560
223652
347879
223652
223652
91662
92220
44020
379791
0
167401
305171
768762
292639
151407
1887
329066
113631
292639
367682
49471
305171
545110
0
72245
341684
4165
120878
458876
476123
2792
329096
53201
472119
432821
338925
68987
636330
275827
79197
70421
1782
190850
418190
185703
401080
550513
559643
545110
75043
344814
568466
348638
200296
230391
133376
476123
236602
401080
105983
201192
147583
545110
1069
672853
251970
147583
281933
0
141780
38614
85089
128244
342640
72245
481595
97749
0
350639
113084
0
74079
151407
432684
420883
151407
128458
772185
220394
349473
568466
8620
223652
200296
318779
151407
528009
623118
882874
399849
600608
470200
53201
324557
0
197231
6396
68987
104387
195689
122375
223652
53201
53201
438246
672853
367682
128244
765376
65739
53201
5741
275827
83023
197231
415223
127234
347879
2682
245659
128244
156109
292639
223652
344814
320458
151407
32388
128244
800180
109476
420397
151407
24464
15692
449201
110363
232881
100803
251970
275827
68987
72245
197231
295437
367682
479496
292639
344814
53201
420883
0
420883
450834
0
380214
96542
468420
568466
151407
23394
672853
527794
568466
275827
119182
120656
62550
95909
223652
88719
367682
420883
347879
292639
347879
45692
496221
891984
461863
327960
68198
57733
395936
0
104387
220394
347879
137568
0
134961
672853
266901
300894
11948
95909
0
72245
11620
129305
536482
344814
0
309112
344814
671783
0
147583
147583
74994
0
251970
132702
89832
2469
0
55593
223652
58407
3095
600608
672853
11245
123210
337120
104387
0
95909
449201
545110
344814
98273
68987
347879
68987
0
128244
6184
81025
118304
72245
148052
347879
651169
220394
0
367682
14746
545110
223652
72245
223652
0
4853
508621
3607
122093
123844
0
2617
0
696517
39413
48666
100654
197231
197231
249441
200296
53201
4752
101503
696517
6270
99663
197231
151407
344814
348486
497472
82712
103912
485833
435485
200296
0
147583
295437
3070
0
348638
451206
197231
82109
449201
2842
223652
162247
107026
298215
0
420883
420883
23042
420883
10689
63474
380214
292639
200296
59215
275827
61002
544785
70747
200296
144030
277577
0
768762
292639
49154
144030
165053
0
348638
147583
96739
643932
562671
223652
235486
200784
200296
223652
540915
142386
337463
171719
95439
828690
606555
53201
348638
780397
449201
53201
347879
200296
420883
75043
420883
128244
151407
0
363539
568466
2644
91858
0
73194
63569
768762
223652
69019
80075
135102
144030
476123
95909
95909
246323
25209
344814
72245
458929
29701
513687
201829
144030
105001
0
621839
127868
568466
125201
95909
672853
223652
672853
314844
545110
257950
147583
373801
247059
151407
291021
54788
63572
668439
147583
100656
144030
347879
301347
347879
0
348638
851360
200296
804134
197231
331628
466250
7591
204310
344814
232213
344814
25479
92409
386131
0
318636
348638
367682
545110
121981
223652
348638
0
380214
275827
72245
0
246016
59186
482515
367682
128244
200296
449201
200149
114989
1535
197231
568466
72245
944
53201
553596
0
111723
387916
129362
223652
0
295437
846907
696517
4448
3067
30151
705452
0
401080
86211
201665
615009
772125
95909
72245
541743
282515
104387
190534
292639
49667
148625
248515
0
20522
292639
151407
193363
545110
0
163671
109667
897
367682
1248
627018
1474
0
151407
63245
264170
144030
344814
98388
347879
870875
16244
128244
263710
545110
720256
545110
257483
712
515952
292639
154167
347879
223652
847659
938689
31985
0
113120
672853
220394
479457
146938
621961
420883
624177
104669
72245
384794
631977
139749
151407
246726
197231
0
63746
68987
4497
329058
223652
136413
91555
59738
151407
23695
451200
128244
0
105411
95909
216263
151407
0
0
672853
95351
115010
449201
0
140580
223652
476123
0
292639
30403
301962
768762
477169
251970
75043
251970
149918
476123
132389
420883
545110
128244
68987
305171
476123
476123
0
506758
0
305171
347879
101408
292639
401418
91029
68987
122668
420883
138016
72245
672853
518331
299373
194
156576
7086
476123
142400
25382
223652
95909
0
496221
223652
149581
200296
251970
654262
347879
66332
29023
68987
5657
496221
0
305127
268762
426057
420883
11713
401080
147583
63457
223652
88578
194965
566768
241085
197231
305171
0
517240
156271
126491
292639
93119
0
98418
6893
261907
88654
220394
317877
220394
223652
0
522412
405114
1685
68987
95494
0
345385
75043
464468
105332
12415
397794
103498
672853
68987
275827
330
627343
0
0
91643
348638
157290
39359
241445
4788
197231
0
380214
814671
251970
177218
214381
147585
200784
279241
449201
916186
194947
180134
367682
0
163571
600608
295437
223652
475595
19164
251970
151407
0
36329
223652
367682
420883
20467
347879
57424
48339
151407
175121
465189
485706
64933
0
1538
87996
275827
19234
696685
496221
347879
92
568466
545110
347879
200784
138659
134447
134552
110957
100270
600608
75043
259649
494427
149192
215946
99118
380214
420883
881482
962067
197231
479228
0
128244
513051
96303
364709
0
476123
348638
72245
70068
120549
0
151407
275827
0
144030
0
137839
449201
223652
337431
223652
223652
225633
449201
72245
420883
197231
0
