90
306
201
369
3
435
672
705
237
42
63
42
168
315
402
84
630
237
27
3
513
447
129
726
546
48
60
6
9
432
213
291
657
177
582
363
258
126
507
30
363
600
489
0
141
732
48
648
288
78
3
720
462
102
162
18
114
444
231
177
21
162
249
405
348
30
258
3
138
177
225
3
189
456
156
39
117
30
294
126
441
0
93
648
36
615
201
114
105
507
15
123
168
327
408
333
63
546
120
231
324
105
843
78
93
297
30
81
267
600
420
591
177
21
204
27
201
42
0
822
237
30
438
39
591
165
585
306
93
141
66
81
84
123
87
372
486
270
90
660
366
384
477
495
156
402
12
213
411
708
294
192
639
648
552
183
174
330
675
18
426
207
384
471
15
156
450
120
222
159
162
615
93
90
276
72
342
222
144
156
21
300
93
63
612
3
636
162
429
345
48
315
39
501
495
108
321
114
291
438
426
267
72
372
321
240
264
27
27
51
273
39
231
783
138
30
369
264
240
57
84
216
153
96
33
159
687
105
483
651
657
222
285
6
3
162
282
798
0
669
369
147
519
294
399
336
153
879
417
99
798
222
78
30
198
177
24
345
354
447
243
144
117
159
249
330
96
141
51
624
303
228
183
366
54
180
426
438
498
612
213
426
114
39
699
288
372
51
54
75
15
165
720
96
669
168
42
315
393
54
225
612
138
108
366
471
90
930
198
366
333
174
546
306
189
201
126
90
708
411
420
45
267
120
756
207
114
132
48
207
348
60
435
57
201
756
258
138
240
1
6
81
606
156
114
333
48
54
168
33
249
174
0
147
6
114
174
21
228
135
3
291
135
96
513
465
18
243
39
270
27
657
15
405
369
342
114
630
63
111
432
0
369
708
696
312
510
84
672
39
6
687
42
303
726
9
216
456
351
42
246
294
459
168
90
228
165
390
120
18
57
186
510
576
45
21
84
507
201
285
3
678
171
102
72
186
627
417
15
126
117
111
60
180
3
96
900
378
609
402
174
219
117
276
84
270
93
456
312
156
300
381
597
111
522
132
3
81
609
231
213
138
195
6
123
405
309
15
354
441
438
369
125
828
156
138
303
24
150
582
147
612
93
777
9
132
567
108
24
378
687
276
297
132
57
291
33
84
12
540
18
18
150
837
699
414
672
237
855
48
237
30
573
225
240
114
639
81
168
846
489
705
249
219
564
381
624
15
276
63
351
0
102
57
420
99
183
24
267
75
78
231
12
258
267
177
543
366
417
429
3
726
60
612
6
108
108
111
9
15
213
342
252
177
117
159
3
69
105
33
9
201
177
129
45
543
156
24
192
228
627
171
354
57
654
312
540
525
357
114
84
357
21
189
432
405
72
6
192
528
492
669
570
255
60
477
33
255
402
549
846
33
81
144
378
39
183
72
57
41
252
72
225
150
342
210
51
402
183
12
975
189
39
282
618
39
381
201
33
654
126
483
90
186
156
105
252
339
297
714
192
258
162
225
9
177
279
198
474
444
81
9
225
39
42
165
555
267
345
351
144
99
183
240
195
294
480
87
738
609
51
273
630
201
237
81
75
258
135
171
192
348
609
96
375
93
549
603
9
63
57
6
363
0
165
588
555
372
228
93
576
108
30
18
162
117
144
117
12
372
3
165
18
306
381
243
474
711
21
66
3
126
314
312
633
237
201
261
6
3
837
66
162
660
108
39
534
78
501
120
33
138
78
705
204
129
186
354
81
168
765
624
213
165
36
72
132
30
15
135
105
723
879
93
129
99
165
99
240
114
765
504
303
159
72
48
153
150
351
9
63
30
42
669
204
105
6
522
519
771
279
183
75
111
105
42
66
12
489
0
243
378
51
786
378
48
276
75
9
57
378
45
48
273
504
510
33
285
498
3
198
156
618
81
837
105
585
84
15
12
78
36
33
639
27
162
222
24
246
384
105
726
243
558
522
36
39
135
126
99
63
135
9
615
345
417
264
51
225
183
357
114
423
27
447
411
708
102
261
720
396
117
591
78
357
153
315
126
306
369
744
78
90
270
756
39
21
102
192
36
78
6
45
54
603
2
63
306
246
42
111
372
699
792
60
48
687
90
27
747
252
135
777
60
12
330
165
243
147
39
36
777
72
99
267
9
345
75
420
348
219
252
804
261
117
408
501
561
186
489
90
60
63
240
135
795
87
225
234
174
108
81
9
429
552
132
642
564
141
402
324
96
195
414
300
294
690
792
597
366
183
348
339
42
18
732
66
138
36
159
105
66
171
258
69
159
234
42
867
123
