66123
411406
148899
154
343307
148610
93994
374773
27518
29127
376482
463466
141871
0
348193
0
15110
174075
62674
14408
144302
206503
452687
0
0
93282
42258
401035
1685
0
107873
0
238526
480490
0
467144
444858
17862
0
0
405563
543727
629387
192294
84809
0
695884
144145
175682
69734
0
387962
3064
0
0
6523
0
0
323644
481038
9524
153285
31399
70842
287926
685244
0
396918
248792
5471
151522
644684
0
405540
250266
26573
730239
206928
157294
355411
48574
537016
0
418821
252970
28247
160480
1193
0
719929
400935
682327
538600
27967
51228
253970
615005
600694
665719
12985
21027
8740
4349
476295
398341
393554
609784
711195
0
9963
649264
350185
21999
418791
0
364102
382727
275873
126136
70206
155380
0
0
297130
298248
386610
13888
162918
308248
53803
126025
725275
198148
478392
254680
76689
554729
468518
100346
330792
168472
10234
79580
264028
609301
158018
0
651366
353707
303964
308776
2717
626698
580565
745577
0
27649
138167
347646
322979
0
0
84598
548047
267695
711936
604057
177651
86803
54397
219227
0
285732
771
475114
0
0
727702
36029
0
195341
0
122363
144594
10326
18241
64409
31272
311712
0
95133
271714
47591
14159
40954
110014
33377
519532
199921
630861
46353
372434
235475
158194
705123
27331
0
728787
405274
35348
687839
427618
47239
412046
178447
609087
664592
299725
266780
0
428175
0
13765
723958
383390
29495
0
28093
0
350301
469969
0
109251
43082
0
180881
0
41
46531
468552
650372
732890
200264
134387
465998
484767
0
0
683079
494293
378126
111973
479197
632839
112012
4444
54252
296093
676383
374420
39488
515680
281052
648460
139950
0
470665
12218
0
593064
0
0
151367
11041
0
282752
164897
567019
10770
0
666200
36658
39837
596929
254858
646806
620835
259479
391341
573581
91804
34734
0
150415
36590
0
50358
0
25865
522620
83260
375415
28970
0
0
690534
536353
190544
476157
98980
616548
648762
652051
494343
8054
0
307902
282929
674606
55038
126703
256459
247449
567448
348174
700642
83794
37856
399204
33530
314037
0
1265
400736
204463
0
385747
465822
0
311365
263030
368845
607698
311774
84813
119757
0
518744
293007
5495
139474
498
2685
4373
192781
327523
545493
34780
276877
477151
307526
155709
243380
26327
268041
79078
332752
39794
536135
657124
675379
10571
84262
0
668059
10183
631856
649044
1970
244023
7552
43781
321159
0
100383
0
0
0
0
51263
148713
0
124934
26626
379390
493117
365539
96237
187583
28354
36769
715030
664112
459648
134725
103580
350164
91871
585017
76984
165349
468395
1475
687380
0
3581
147257
289274
173534
0
0
26305
207874
250186
14585
302665
284
329352
373087
208672
84585
41665
479373
0
255143
92518
282493
0
0
113215
493589
328059
559477
239510
544172
625061
222985
553399
0
331563
616009
109671
580091
556592
251226
335553
285810
0
13855
240658
98759
371440
66537
142443
657081
395829
14649
440625
0
212367
0
0
719118
0
10497
81587
473328
205226
355132
0
48293
5012
327428
440416
614034
601264
103913
262814
411749
0
741229
374338
234110
40345
413012
355038
0
106513
270767
337415
0
100088
0
603001
0
0
219029
0
33374
0
254578
0
15304
0
141761
726826
150996
688384
124481
646518
76947
263340
60017
331582
330401
710632
283272
168158
70608
5512
251238
15370
172533
0
9744
90759
0
19972
418271
639237
35703
59039
388601
6818
0
416739
3296
0
220157
95194
220139
316381
461924
541911
627981
454987
739359
433865
0
356507
58947
191932
0
0
320069
649376
0
0
460387
239541
0
729937
420306
514204
472286
384758
592649
85221
441685
100349
0
0
4871
0
52453
0
243566
0
546332
398540
449439
260450
19471
461051
253626
489247
113806
725484
60406
628467
62303
666470
157699
0
147956
0
301977
20285
0
45707
353212
107212
210819
334279
23450
386079
2751
334193
446969
0
473294
34311
736538
49966
449352
158479
133480
310188
88345
0
7424
631698
19129
62080
62401
141126
598199
400912
0
593832
0
315523
79941
40747
621579
196791
394763
96962
337458
0
338167
266386
97851
151160
282538
203653
3966
12750
59819
413172
140663
453947
720366
188215
269074
87042
213861
399829
51374
9369
496405
0
66428
103403
596953
470437
143652
28230
200958
117071
28400
0
86258
0
96427
0
328163
0
9528
143061
556147
4523
515527
86381
400284
154047
448366
185018
598902
0
42096
188498
582962
713425
305159
495205
683775
33924
188399
488633
162259
191498
157821
390749
88097
682008
45621
57541
0
269044
645379
405939
81828
464572
83313
193476
145532
80245
29945
175398
299197
112968
115606
559473
250883
214175
643050
200568
69553
36046
0
292423
126554
354997
275430
303922
0
565146
605375
556701
622579
11682
27490
0
307927
429491
157066
153989
20525
38246
403652
668278
0
579593
429858
718751
0
0
0
712532
63054
453226
475372
366827
141440
0
343852
529978
258585
52201
147662
338123
50708
699360
316162
383500
386887
713031
656245
84366
77589
434739
708812
0
494880
678276
285920
272745
0
0
32557
0
367801
0
183514
611637
123367
14071
640637
0
392051
0
0
579930
585538
85
0
467946
446005
497619
32268
738999
48855
295890
0
255728
72959
238650
6169
724501
274551
279241
47545
35488
131474
99790
139858
100060
69059
332643
658216
1824
409770
299421
619761
96527
549189
284776
115275
56836
162505
27649
373288
652170
0
360350
168241
9327
561782
28462
121279
381292
0
40367
277618
109791
539975
0
65522
294395
0
511075
711442
376937
540912
204381
199877
656215
0
0
317455
264835
496103
15167
81464
133139
648206
0
0
22599
745132
30928
558877
0
0
13993
0
233912
149354
172328
388755
0
147009
326064
351831
401605
18585
597915
67391
378995
251222
236194
53055
474998
112949
298566
166310
327483
291502
602729
315113
69633
0
0
491663
735844
179122
28303
14495
505315
0
487937
1583
683521
17210
0
556133
27826
0
8598
453005
281025
0
141551
27615
689705
198900
312639
45699
440771
313116
209093
106032
377306
281442
150311
154022
619077
477918
55216
0
445991
168571
291316
0
71859
627382
0
453581
688889
243719
469739
136806
0
512286
182786
113481
553482
660623
0
749400
437788
588545
272143
98080
476017
1163
45170
126262
12754
282933
323127
0
577433
50461
471464
0
247178
0
8841
