146472
96300
689073
775
17385
298986
7889
393241
338569
149745
126378
14256
256773
53346
103334
240576
9913
244679
313543
554533
28132
56667
207065
218679
391280
415799
70988
119532
368193
19398
225560
98297
166367
260642
40886
4082
161181
82373
208047
9726
504486
12758
273019
34382
543748
82628
186760
22460
521472
76089
5744
116948
252933
916054
448707
248906
340228
627843
60399
622047
4531
426575
36419
6222
231122
228969
6859
99541
112352
7169
94371
7148
177267
882179
27889
478167
11618
243959
30748
51073
515431
695972
95023
833912
286010
33176
25852
20958
85086
555729
100165
534901
667066
822511
49144
129007
338104
126133
427704
110876
429741
289111
668543
78852
31330
395345
681
273701
382243
273578
327900
173314
123373
204641
52919
284723
773194
248993
313418
108198
536
128887
924205
80786
207300
337544
286724
717893
29812
452942
175152
216098
121375
246703
193316
21830
453305
305145
282147
71903
170822
83400
54282
203125
473490
155889
331787
487640
230904
766899
122721
67997
318127
286791
807404
61954
9779
422960
28921
74353
83579
149792
181860
32084
258648
248947
26246
121838
42640
215354
327275
145963
122592
32046
720549
186337
287952
8988
669999
9363
346286
319227
560987
181004
456921
23609
8569
53525
7906
102052
311270
357177
48999
89525
7005
26759
619708
10426
64136
12201
20022
88530
273827
268847
31439
138200
649780
38702
393998
192306
72915
48021
73387
797678
208857
58652
265999
364461
48804
70371
85960
30066
60800
500503
479977
565240
18073
65798
91773
349713
180725
355564
76710
301491
32834
63738
106482
585244
543727
487610
67712
6725
473736
211697
411065
580953
145764
475026
231502
208454
316268
227395
390049
318756
440126
57858
72819
418573
6937
511720
263103
377490
585192
341318
102594
164839
157619
648172
302052
358574
375670
444126
106427
847311
389910
130042
13770
27183
481926
11840
58752
360855
173965
141253
320050
415332
261014
276238
208282
22415
264871
14601
507016
412093
161428
630643
389729
225014
120605
226736
778925
442808
182681
29544
18916
205098
493823
83327
388131
13586
233454
33746
75746
212982
237364
331642
258278
109649
309551
171221
257671
934648
75840
224617
11068
318392
56003
752742
452725
88881
126447
141421
164702
27810
119264
81062
114463
358471
11556
22072
88386
902774
284363
183206
569875
666009
61370
158435
134252
195367
248761
58131
12961
7916
80106
84553
206624
59370
86245
103019
386862
193451
70849
229023
17124
244557
482070
199067
589634
141914
95242
565365
483053
399749
164501
41402
178412
176753
236242
445773
419963
496743
146808
370710
775387
110568
123977
91366
261277
472151
205059
24367
702123
318518
411467
833252
1427
777896
221031
453885
143653
32602
166683
606224
5688
74608
87275
30167
416316
70058
663587
158111
530205
66992
569546
526377
91453
60750
359358
851945
25414
199240
68729
181595
186529
885676
233360
149362
90512
450633
277701
209112
23663
10648
673528
118157
46819
338598
341030
384128
238282
100571
620828
140300
115674
98249
183642
403569
615040
127761
315748
64130
246129
660743
416993
735688
167917
360283
81844
328603
389302
128037
436599
44577
108507
367945
812595
368016
297854
23114
220061
86375
122738
924004
164446
15923
178233
82527
433984
46516
50971
116251
858852
649100
23606
807510
26764
298450
10038
17448
142659
157364
173081
15010
386919
407586
26711
801945
23380
130430
128994
246629
139991
474061
196993
8898
155815
236417
72757
231043
230936
109242
211881
162260
107755
392834
8678
17953
718065
177246
464694
10990
143914
2232
198005
428862
350069
25287
98476
223888
44087
376601
380237
24346
113898
885478
141624
612783
193782
687841
323324
24873
263524
72426
827458
592112
724191
232182
163513
24267
11239
146520
6289
390017
306110
240158
57061
20826
472857
438939
12448
27641
121959
346435
765078
199783
670580
266000
499834
388750
586783
58259
93690
238760
87487
205652
23809
269995
336657
526125
357500
965606
355743
381566
404136
38667
1817
141736
365118
237537
12954
6984
199486
139760
848781
143660
378335
225651
211171
113231
164653
351378
202470
279389
203806
383405
20902
47982
130253
142453
217576
170441
117479
49973
225793
106140
62721
36587
116800
416355
100981
91708
863812
125371
405765
35125
64723
393854
477224
400859
23318
44101
373525
397794
271970
301256
96622
1479
111410
22543
227404
3147
201171
170953
198759
579147
185601
631096
78074
378611
111350
303525
381797
69485
21737
35838
252387
375965
203904
112767
318678
235628
270894
49577
113332
77112
658574
61613
69152
9000
171900
74571
55059
494702
109805
168571
141742
115593
239914
99742
125630
195940
2877
29346
125551
5898
762144
354280
313695
23805
157731
318338
360906
93866
237375
62892
238101
342537
232847
747295
11975
738155
66438
58954
109839
545973
11557
339963
264984
333480
496773
95103
135865
259491
42845
775878
93759
265284
45641
38940
19212
27306
116951
375189
599023
214634
151821
289870
691282
234631
6271
203678
70444
27349
63113
96949
804463
7527
503589
566272
470414
88257
137008
67741
33225
16899
38821
630
53755
27610
496519
378078
619558
638569
249970
255075
69507
120870
326743
491349
33067
706903
656433
49220
81090
32753
683322
463373
745932
44218
343517
37293
434259
390914
122512
266159
369570
28335
9061
41895
22593
230027
349957
811315
318959
252371
128354
20994
7222
145982
29513
17913
134802
934962
338059
299420
287416
9796
33222
9599
321386
108533
190697
133674
99410
304411
359752
137038
110028
665023
451520
365705
37787
63411
281284
270167
351037
17578
89836
6854
301703
156220
182882
374658
591752
20801
114346
153279
168283
600770
134864
357626
35865
451721
217737
49802
87196
132623
266047
42871
487667
47399
497564
315573
466851
53143
64350
235698
122796
490004
77040
221276
241789
229715
418434
172296
497829
32195
452483
464652
148021
110523
269548
44449
887784
42509
364267
193460
171195
58303
649911
116121
336495
827189
25626
230776
226915
6268
290265
228421
3844
519315
60129
178013
309111
609693
211556
21519
103800
111157
336061
821722
327018
381
511574
327460
278732
510451
392103
86222
44560
311803
25661
316995
67908
117424
93
285499
178369
208582
556185
268767
122424
6712
253244
416536
234786
24075
63084
36220
43729
447773
166180
618152
6782
275998
895159
162347
141573
179696
401881
24105
387612
749674
377666
628362
480887
206861
112281
39090
84500
374386
445663
2691
103045
28777
145129
3751
191201
60640
276762
4519
272022
421862
94603
284869
337540
147357
823504
130455
201997
78552
160858
41801
100351
38469
292454
22078
208080
341529
69036
81234
532628
65147
620588
28783
134511
303015
264003
10870
540446
329981
594528
267983
59424
389382
64757
74323
61419
59959
122158
111862
53312
468917
351876
196192
485321
101353
113292
583767
