339
441
854
330
4
643
477
353
483
249
202
166
37
25
60
528
332
328
402
129
176
228
379
265
761
395
82
35
41
64
3
463
142
586
723
337
801
9
327
80
414
243
214
189
36
445
419
15
404
28
432
670
535
58
145
74
133
420
398
489
589
536
44
733
721
31
220
456
677
1
12
236
150
328
447
129
847
35
325
371
3
509
703
287
83
25
216
207
231
150
251
358
193
279
65
141
421
314
616
317
437
21
21
98
144
272
677
582
97
47
39
731
187
122
203
229
201
300
19
122
449
223
904
138
112
295
133
0
464
77
43
163
246
11
198
398
275
234
57
17
319
837
447
555
783
27
34
151
669
65
67
29
218
273
43
92
717
25
318
217
771
96
0
368
514
11
390
151
8
269
199
683
275
25
236
60
1
189
48
209
67
629
467
281
30
45
28
305
191
102
353
486
103
158
419
61
286
152
38
119
645
12
425
196
924
475
22
199
115
28
4
318
354
404
38
218
543
463
637
592
632
48
110
558
166
115
211
45
575
133
605
155
434
209
277
166
1
104
136
236
37
484
202
299
129
362
131
545
420
204
237
159
571
155
557
219
626
447
54
128
322
527
142
517
570
48
383
107
112
478
125
239
261
170
20
190
37
177
469
76
193
194
23
16
602
365
323
185
517
303
798
178
253
30
403
507
481
221
350
21
135
49
0
222
729
245
284
458
445
431
5
361
7
440
215
363
101
62
100
428
246
327
487
133
292
18
69
6
661
774
312
19
24
106
351
158
5
19
123
150
0
21
1
66
17
175
105
20
101
84
19
15
89
477
52
263
369
128
156
6
370
584
308
111
621
1
142
32
226
114
38
454
57
194
22
78
354
152
302
389
520
785
600
502
198
10
9
439
902
362
168
17
10
406
203
523
369
393
168
486
410
22
14
144
91
94
9
579
72
80
435
767
181
889
88
181
275
490
269
136
205
305
156
438
89
714
687
654
59
68
820
198
3
401
195
369
439
212
606
671
123
105
1
7
218
436
400
339
59
270
4
9
361
159
248
522
622
461
232
536
205
350
128
123
258
246
135
157
140
38
616
210
18
140
80
321
115
409
2
77
21
428
127
570
697
10
887
8
258
295
120
239
477
142
312
7
78
180
596
423
381
227
0
198
268
208
229
249
128
88
377
323
51
237
328
298
24
99
232
318
117
281
448
499
89
471
585
192
220
98
157
22
405
8
112
238
511
92
668
22
28
17
88
770
787
312
799
37
888
651
126
307
312
173
586
716
365
544
86
658
213
434
224
177
33
196
62
193
192
365
284
36
188
162
371
488
162
31
36
9
109
449
23
229
271
253
677
390
54
10
350
32
464
52
339
134
18
491
21
157
241
412
2
39
126
422
135
6
277
154
181
713
11
130
488
425
525
753
8
205
75
218
584
415
55
128
604
292
448
233
96
496
361
133
169
149
456
151
100
487
594
555
2
876
25
328
107
0
17
19
276
6
103
159
45
135
267
663
325
99
201
143
181
262
342
24
344
2
620
127
100
659
175
69
42
83
48
206
8
29
225
5
434
459
206
317
233
81
2
602
437
845
572
572
244
130
74
407
63
145
11
275
852
440
211
114
87
62
176
0
27
588
89
472
273
418
38
494
70
255
340
186
170
48
5
520
147
137
392
514
59
120
619
109
106
428
637
262
79
401
164
454
127
119
308
206
327
371
438
563
225
17
83
599
93
512
562
49
332
297
159
257
735
100
53
7
23
686
31
135
45
169
278
68
188
604
730
108
81
473
21
674
172
22
25
111
118
7
139
30
430
116
8
190
75
450
8
125
171
893
255
690
145
145
428
669
227
101
116
80
72
119
55
558
144
158
250
62
826
89
542
180
287
320
115
3
732
297
252
448
295
92
657
49
109
227
3
40
151
184
329
121
47
126
136
162
132
96
132
510
499
5
347
28
19
33
208
302
101
216
703
8
349
58
193
188
40
668
178
609
815
672
476
661
242
523
396
11
379
396
214
783
219
0
6
109
521
77
110
293
302
612
40
66
209
190
56
10
61
48
97
390
247
433
64
178
104
96
106
463
14
1
373
26
7
265
222
441
83
597
84
75
6
303
253
561
112
272
1
20
460
316
102
281
34
153
344
193
419
147
15
12
23
4
25
8
80
449
111
124
749
14
259
645
92
394
305
23
758
32
382
161
175
238
64
147
348
390
232
528
39
206
623
325
13
69
269
968
398
19
37
686
372
581
236
3
372
308
186
163
780
22
598
147
277
89
11
277
182
49
