8693
57786
30679
4638
91500
66092
25873
67240
20447
2038
34117
27429
70273
45081
43690
12861
18482
51649
17829
31788
20679
32083
23487
25793
10112
97891
17383
23732
36379
39771
89435
858
31062
14705
29531
29138
39742
55680
53246
10120
19934
382
13463
2907
6755
27303
12885
32824
3195
104968
46843
21265
9714
15916
90296
7977
57835
72120
4578
78163
53006
11840
3648
19202
7705
32168
42961
29664
40804
43826
26396
1531
7310
68260
34194
19601
91756
9767
2209
29740
36460
43254
34066
1146
18952
79730
100070
60814
115470
57830
25131
4871
50680
37394
18349
20534
3122
14696
18853
39297
22556
94026
6758
27190
37230
10436
47902
65624
1401
17619
19737
70060
49979
40883
21512
31679
6685
8087
16490
15046
85171
46830
26497
5816
6885
31394
31861
34806
54584
22420
26066
58738
19128
16001
59915
76106
75054
70966
1700
18938
26562
7415
39985
34557
3592
75981
66271
5045
34187
36210
16180
18216
8160
17855
90690
24617
2511
17186
45043
29001
74520
36570
79558
76990
91630
61729
51688
15711
24088
10140
63457
77767
40375
9419
35783
5676
42557
33392
82377
11464
13975
2422
96
6737
13574
44920
86590
27937
66989
32985
6579
6100
3368
3110
1926
39713
107814
5644
68200
1366
9550
17089
4017
8710
55930
779
44142
70289
15087
66370
47379
39337
7402
55401
2334
8154
7276
20977
5763
8109
1874
17300
4282
74315
23815
59446
34683
6070
20264
66746
24345
112366
92804
58636
10922
53692
904
1391
23120
9041
16117
17739
156
62838
398
7217
84078
11047
51177
2749
81413
46
34429
64826
11155
29543
73860
9453
75390
29671
47776
24507
29035
57524
22394
45143
141
75699
12561
42713
20109
32489
27092
55359
3854
4346
24695
15576
7450
57188
1372
97515
42526
13207
15898
10803
34043
99088
66204
101090
9797
18743
1061
32167
93719
20474
8086
85775
15249
43168
834
94414
93662
37315
84049
3648
25959
17297
16768
37427
46939
115520
5097
51734
108189
10546
11214
10085
3114
21005
24169
6801
47603
63784
561
93466
50852
29042
29314
105042
1278
51859
86425
55319
35711
61254
66759
7540
50266
21633
64132
60579
2193
38379
8953
53932
45134
45715
40176
15277
6630
31531
97778
41481
25638
14907
33634
1385
58291
40325
17463
44841
74956
27327
12719
28174
12422
32969
35238
104395
46829
55892
7497
9680
42748
10306
34830
20231
18450
97851
21637
26288
6791
96486
47214
10603
35729
4005
30064
19377
17536
37
27608
11861
56419
8167
80894
12514
97527
11072
82351
70079
92674
9465
6595
3434
7149
32030
24277
18119
3576
66461
38511
59838
57645
6023
13232
51261
51733
8259
1282
8761
10849
25575
58073
37147
34346
4519
71870
106652
32602
21904
15171
34843
26375
3826
39376
24414
44667
26733
71161
69454
83016
9355
72690
9228
58132
20453
12255
65359
51359
79471
11566
105976
51173
69008
107229
29507
29220
13620
32167
11659
5394
51677
34227
4095
114055
40329
29534
3035
22107
46207
2683
30749
1846
5340
3530
5930
21826
3328
4463
26086
1461
15476
57651
13783
14234
21597
58703
21067
68649
21319
9682
3712
59001
68815
22226
23156
55573
37569
29755
19796
112502
71628
67934
68371
32193
39494
14153
2135
38436
2713
8648
95329
9041
7029
19242
6362
882
52677
47509
7308
6992
21299
22689
70524
288
26578
3416
4240
53133
1905
9615
62534
14037
39629
27227
40807
11969
193
20687
34382
41051
2197
65705
23838
77065
17804
868
57951
32844
3295
15699
45786
47738
690
50184
27606
43670
38226
7664
63805
6389
22488
14018
31879
3552
61865
2655
27447
24380
19664
76427
90155
13687
36128
106682
910
32015
14665
25391
54997
3241
13464
61182
19016
15773
19366
11802
12910
21099
42145
7850
4430
754
26834
7842
21343
38771
42774
39545
72126
50390
16291
6984
30572
44360
3111
31819
6430
25090
4506
13628
44991
9645
74145
13039
7806
23247
4364
53170
6656
93762
54674
2638
68229
84002
36853
12066
9579
25120
24207
104615
37699
933
121320
50907
60258
13928
31908
25824
9425
5038
12734
47863
1469
5600
9819
22928
7692
47831
32251
80290
92261
596
36702
19766
69005
7579
66586
97281
44866
13532
48381
73979
8912
21484
1047
48978
29476
34543
2173
44990
1209
50418
94114
1564
19091
52
413
23941
41583
18731
39207
44202
89257
7037
12294
14450
21920
21762
6418
51046
2439
44860
11662
72293
4528
1972
30666
2463
71831
61435
34149
40773
121529
16144
4814
38613
27723
85423
421
53469
1904
727
100284
1476
85973
2020
318
20256
8237
47199
83556
5521
39211
47606
4819
15644
14233
18452
14378
11735
44394
52879
27505
67089
16606
19726
56699
21155
0
35182
30807
920
16678
57823
4118
14941
84531
2400
19717
94460
45520
3173
8579
790
41276
14488
73638
3939
29904
67001
50514
7378
1017
36
65142
34010
64454
29859
34094
18564
21626
7767
9775
22618
4310
4313
115119
6342
21756
44264
10153
29933
24575
38147
116911
906
17157
35445
10864
2730
1065
46124
13021
39028
19338
0
3728
15223
9140
10656
903
32387
2413
65384
4453
63897
15406
23915
98535
28599
9831
13438
6076
103531
21191
8469
2031
60824
46189
97181
41599
21304
65237
41249
19334
16747
5325
59342
807
48380
20011
2566
40104
119246
9377
7874
60712
7387
53609
27607
7075
14861
3490
22540
95568
2026
13382
64422
12839
28321
113817
29534
60129
134
953
10441
2715
91096
19454
63808
13410
77981
772
4372
127305
1547
86001
520
43795
9635
2527
5707
75258
31404
50484
24926
8278
261
23415
22264
36512
32105
2137
46417
71987
9360
21048
45461
2659
34434
8249
56586
1041
32822
27290
42898
1343
20308
82
435
43847
27860
27897
33616
111347
9617
83098
74548
1165
4508
55337
11283
74983
2949
2306
70951
113053
8545
3579
32872
61
25310
9524
7056
29254
33056
100349
35184
12834
7885
69151
69111
6322
37772
12319
22089
34534
124816
44649
19
17927
1618
8440
14438
33443
23613
12829
7327
58441
108075
101627
33455
59975
9446
34403
25404
1378
48810
109960
13663
20471
5051
3299
1684
48933
57660
26317
40049
106575
108314
10436
7165
18097
61827
7766
31581
57458
27384
44209
42693
9466
50054
44664
15066
37635
11414
112691
27352
22798
111882
5128
13253
31308
7042
646
858
67954
