222
308
200
0
14
0
223
0
293
442
2
433
48
250
221
281
50
226
257
393
100
22
100
57
0
429
0
131
181
16
19
247
0
142
0
5
435
0
0
100
215
243
117
0
100
27
0
199
100
415
233
361
38
60
8
0
19
29
0
109
0
266
74
393
0
79
144
47
0
339
226
7
349
0
0
0
204
0
28
0
355
241
392
0
0
80
32
408
50
5
184
389
62
0
365
0
152
0
0
196
0
0
0
179
354
59
0
324
15
418
361
104
0
0
61
405
0
312
100
0
0
333
13
50
29
269
11
442
0
48
12
70
190
123
100
283
0
427
0
343
0
0
0
369
2
11
345
0
41
0
349
62
100
0
111
182
100
0
198
0
0
338
263
0
276
323
326
0
199
308
66
34
360
272
366
31
92
338
214
0
87
0
269
100
343
0
35
0
313
0
0
249
192
110
0
0
77
51
255
65
220
100
0
332
0
346
0
389
100
83
410
421
0
0
0
153
100
262
229
0
0
96
322
0
0
171
225
0
76
47
114
100
0
100
100
361
24
0
297
423
346
0
0
319
400
427
206
397
127
18
349
324
374
0
0
346
125
0
183
0
68
166
313
71
0
100
420
100
0
0
0
182
0
0
0
231
0
0
236
0
0
100
294
31
0
317
0
400
0
100
26
216
239
40
65
4
33
131
236
35
0
0
0
56
65
0
100
0
425
0
0
107
15
51
0
31
317
245
45
0
441
19
0
0
1
0
100
100
421
0
0
359
233
301
86
0
141
330
379
132
4
7
355
28
0
310
0
136
273
7
347
255
0
311
100
1
282
425
341
0
33
0
394
114
113
12
394
60
100
63
49
100
0
7
0
0
0
225
100
418
0
100
312
0
157
0
0
284
123
0
216
241
286
107
0
0
49
100
88
0
34
256
13
437
254
0
0
443
198
95
0
0
320
100
0
0
282
31
100
0
0
11
428
63
0
334
31
20
0
262
251
199
267
0
0
0
62
53
0
100
306
82
0
0
425
0
215
200
100
29
349
0
0
213
268
195
0
342
0
0
277
360
0
0
0
287
276
65
0
67
100
100
10
0
147
100
273
83
0
333
319
336
193
47
100
422
309
12
443
0
308
100
100
76
209
0
0
88
56
275
15
0
65
173
29
24
0
0
0
0
0
402
399
237
97
0
233
0
54
0
0
9
0
0
0
29
202
11
212
377
263
35
218
28
197
351
132
212
0
36
100
296
371
239
200
32
66
239
17
43
0
100
153
0
429
0
250
394
47
0
0
0
59
122
0
0
278
82
0
80
259
0
29
0
12
0
0
0
1
53
0
360
250
220
100
0
129
12
232
268
0
0
205
291
16
341
413
194
0
283
57
0
0
192
1
364
0
5
13
280
0
62
100
10
8
28
213
11
0
32
32
0
0
100
6
0
245
132
0
97
19
307
0
49
368
336
53
260
0
324
100
0
0
0
0
14
121
0
0
53
287
202
195
162
64
97
369
351
173
323
285
100
139
310
0
0
377
148
0
274
0
189
82
108
27
434
24
396
0
0
0
220
17
100
0
156
3
345
0
115
243
0
139
0
205
0
207
375
1
100
0
189
0
352
0
391
190
8
417
239
0
0
0
201
229
369
406
0
224
15
121
0
393
153
440
380
321
0
425
83
10
0
402
0
38
0
0
227
279
267
301
325
108
0
28
111
10
222
25
304
362
27
4
100
371
418
0
0
126
100
62
100
127
0
286
128
0
0
0
354
226
406
343
0
0
230
45
100
58
0
32
306
100
439
166
393
48
18
0
0
360
416
240
100
100
13
68
2
226
369
431
0
24
0
370
134
0
82
324
0
234
0
223
0
0
253
9
53
187
286
0
17
148
213
215
45
1
16
0
279
276
367
430
24
0
398
0
0
0
0
0
0
205
34
194
236
240
0
428
0
333
284
0
0
0
335
87
330
2
26
0
218
4
184
198
85
0
306
0
125
0
67
362
0
430
0
78
0
438
100
18
410
234
384
182
406
417
0
0
0
62
396
294
0
100
219
239
0
0
212
100
48
100
20
301
80
278
331
0
420
142
266
20
0
138
0
1
0
11
0
354
0
31
82
318
83
313
297
5
0
0
2
384
280
253
88
0
72
1
0
100
0
100
0
53
100
29
0
39
188
284
107
295
373
114
28
370
36
53
391
40
63
414
201
0
24
0
0
219
0
281
257
0
0
0
230
270
0
388
100
382
21
19
0
0
229
401
395
20
81
54
247
276
0
228
254
0
355
284
0
