4660
8319
417
187765
285516
21911
98356
536333
104002
39703
50663
34068
85388
55269
206
219835
302222
162731
787379
62300
76625
222799
657140
43777
448185
617218
427190
670121
812281
4143
122248
430440
329886
627163
493883
96754
458516
532728
143970
147986
415965
155174
144242
432775
755775
309515
706074
60151
500059
246044
361634
276532
374768
357743
375009
644961
63061
60422
21924
279753
155206
332223
574837
28685
109744
103476
580213
90959
77018
297012
6286
324205
314567
333784
140568
97285
354169
212696
479146
311736
472333
556829
73985
53527
12082
325365
5310
189548
456747
141459
539978
40978
549028
435961
213748
228319
70354
316859
201043
48374
238690
487941
233582
666115
43336
723082
66943
52631
599208
414272
588474
339240
138319
39518
19113
259403
494069
39074
55297
7431
478854
270364
475146
720475
13691
5580
389139
290628
350977
90877
423605
124541
494724
525702
163316
680048
433982
146636
94734
395867
455619
384988
219838
259735
776229
57531
34174
199015
4124
53371
45233
249685
31867
290116
516794
403007
45349
91876
46742
8592
714278
189753
112234
1358
58417
201488
548720
493339
109629
349685
651760
345902
430784
530303
153814
365331
75789
422948
112458
804096
382868
60003
125201
112208
528
5319
33220
817085
57548
767350
853672
485116
266077
188148
153161
65949
96518
69321
925128
285430
94649
71027
14662
517327
495924
54487
388364
20011
292655
791092
305204
38619
257811
522286
136722
661997
135567
190661
161668
43715
10502
62575
225590
11659
468907
464271
42969
172250
752017
253143
759274
50949
121679
233751
36728
22165
490477
24404
32022
57967
43195
290554
191577
213871
23540
103383
206855
322368
599018
447599
302388
115304
44936
417196
300511
153668
100589
39007
753585
175350
484064
534262
24109
256484
25636
462193
141421
92869
798544
87851
314574
68691
266300
204212
24735
14284
67556
74955
13652
61920
264800
167875
210986
126683
61224
25209
465264
522385
691414
316287
868977
414229
195935
579355
301053
247493
126853
548322
18725
97946
249733
106160
293977
20362
143727
57616
41240
418939
663001
71942
22904
62777
8032
147502
23173
67892
196967
625553
273805
61509
102938
191466
394183
111630
463484
62873
328038
64290
107593
834687
600213
768687
790334
28375
8566
44707
144091
34987
135245
7645
191381
67360
28311
401380
438134
388436
51567
25605
33861
157637
25566
286967
283457
259743
747901
750692
85065
89392
663887
305063
7618
182769
161245
427036
19381
432136
81580
4386
162238
13190
117849
623278
30849
20426
161075
281670
359449
15588
401812
115034
132175
66167
529752
6619
118887
470360
457777
242717
266288
207488
472490
7377
640026
18476
26511
134507
337914
62283
72017
143062
621421
40566
696914
589279
523754
141765
321231
21321
593504
35410
317434
70791
352399
99552
931547
877448
206543
153502
24102
679077
118444
20749
122841
156044
291565
26424
697167
36481
249860
161229
286567
67255
254974
401584
389730
91486
135359
459092
244885
175411
124691
158365
274410
139084
257688
127016
550075
168108
285508
54662
325041
117617
5484
21880
89578
119353
70123
558462
1715
438850
552469
321601
382166
412086
178342
89695
390538
307781
90990
104728
5883
308299
13156
49113
209682
217476
380326
86946
648922
351067
89132
411187
166169
154928
106814
99541
435601
26213
436265
92054
448986
250344
64467
494528
43340
194302
281769
248037
13888
573193
51925
293221
503414
458647
216954
43980
594889
562366
291613
211306
255567
301824
148002
44356
64585
107173
134907
2452
104990
166694
2363
454
571084
855598
162430
302822
341848
298855
706127
465285
196552
267377
96628
229737
14295
349557
147828
535496
70403
276183
5025
158291
381532
42544
25243
10497
125075
429133
472053
178885
185244
122360
614039
420873
27554
648176
288462
392207
154684
188399
14155
40771
547298
9492
554158
138224
601651
201333
327997
380670
96040
447152
612276
221498
82
549322
174671
77598
18723
2927
573898
157489
4996
655570
152236
611645
124642
1785
778028
38725
202168
531714
396236
287095
546563
144558
162179
245697
111342
18274
297617
39960
120093
487520
139231
483623
458186
468880
272546
559800
310839
53646
8826
261962
203409
337447
13899
87099
392461
318916
13603
196534
312171
184164
19110
174505
156914
97608
113737
38456
63022
447544
271620
111819
25763
243892
558369
136553
568287
18430
769175
258784
296443
725632
226446
27092
285495
110129
3191
683649
95670
103862
361216
276980
366115
446073
678019
714330
320500
147250
2327
71966
109012
102963
365064
85143
46617
19829
149399
655835
92953
331134
16815
207126
71659
516701
616288
5786
229053
149974
228964
368475
302386
301499
3296
102819
563156
531921
12986
300595
172811
159889
537469
176371
103730
54853
179030
511342
483773
124916
42541
52484
12611
182599
25672
38196
39616
633627
27816
229738
138549
526705
73049
148936
151471
50716
178620
545414
17978
122351
174006
1017
171576
269977
169909
342806
161009
331247
828794
193273
527284
521802
41682
462897
650511
51176
210886
171955
63238
7399
122447
18585
385622
15782
665362
122305
538939
27937
53515
74096
424253
431817
148951
216767
462803
448586
539516
626814
1039
374447
351638
92783
49871
948
35538
343969
9243
88432
36567
367892
71141
682829
332318
369731
45640
432067
635317
342479
558379
107406
71150
47924
42419
34775
31293
39028
2529
24239
79982
21834
365474
242243
37930
586004
70421
308856
397842
168374
64148
533849
408452
257431
32339
56613
67488
209835
18741
118605
317191
145175
448075
261846
182785
389091
6037
48740
280634
293397
325119
222106
138511
305744
224713
45035
50334
73994
188657
795233
322109
519205
825459
42157
732099
270210
462
306719
125168
893218
438747
212039
248951
329421
155076
48798
851266
104671
292511
734544
98181
82587
57124
172724
241779
146625
637526
180134
103543
443029
11549
448884
108984
55117
235186
41824
430022
372808
16854
107042
124538
59122
92003
55311
134142
143895
382590
418005
384838
80341
195871
347311
313438
176425
402438
279147
764275
124399
792561
269913
39710
391093
294525
488175
129437
376210
68804
761961
50886
158913
252278
51910
123473
224835
304347
142323
272943
27743
9247
487190
746125
129859
55952
599705
523304
43283
535754
383945
82025
202665
551063
32708
30127
232900
393337
492100
298193
374902
173309
18034
618857
372041
341889
7393
15832
294503
7640
47656
337690
102611
25933
110342
406364
73744
368124
165544
24803
8965
75467
271664
619157
89019
657048
285205
359899
127463
84367
543729
72789
101425
9853
735377
12516
229612
705393
80960
554967
196809
201692
179541
95058
516347
83857
308919
331750
118246
115127
156190
17794
307600
1655
259045
6758
262747
305807
96876
81769
221667
244928
16110
7903
134565
523404
156355
91936
400551
241247
805553
30196
352809
126249
378401
