90435
101339
123526
85291
450954
85194
96701
178393
227323
521846
25445
328862
609250
204912
297350
209465
124060
394431
575670
12113
304037
133312
151582
588484
62130
149878
199408
308037
2514
272144
186376
6361
270666
532299
56263
208948
13676
696635
140570
561681
2223
370774
545056
503232
273577
125338
6464
9537
331530
201107
182987
465717
78
122602
182296
80249
204794
40226
21388
546895
190863
186785
492000
86
69047
436027
462105
129833
166723
539821
12947
134448
37891
203437
91978
384555
16408
55413
62565
303926
244612
21316
80815
475145
77033
52256
166165
266217
689953
165145
16308
14589
225353
6423
54816
11145
123687
164219
101784
63938
526713
23431
76745
2092
4794
214367
32592
31658
128100
720704
27041
157560
30598
465
182319
371290
1141
35705
127034
155046
158345
17443
25661
389126
380994
537916
200773
453421
209507
378324
103170
41286
146981
218664
177825
89362
105594
244898
217371
34769
26529
195127
171937
10767
124666
231615
134337
394755
170474
11255
410145
144967
305520
5968
80537
14812
109059
525552
181461
56382
343010
180646
148298
165386
391776
446058
18951
539395
12651
322999
490831
12141
53719
91994
374693
216302
340748
304013
17107
27843
131182
13900
39942
397739
584622
127248
100511
430194
320110
80370
254521
152606
85061
1526
498161
23770
639701
331511
170452
96947
138924
9607
42245
20265
345749
377450
170001
1973
251763
452348
606390
106821
467390
244334
102667
682083
288639
157735
36403
378728
164643
2135
466680
14705
47440
370168
226026
477430
48404
7349
242521
79033
224434
434337
98311
237222
13336
160455
304317
3333
295948
168598
11052
363721
257847
366997
48525
99583
270059
102169
8631
226494
16707
32433
362162
19434
195473
9356
1112
419268
82590
206596
131684
20403
56119
47828
389973
366113
103303
3136
326044
80727
41589
35093
102607
2801
459027
181740
19900
68367
156473
79241
15177
4503
147194
169762
610668
6838
13313
7857
208538
59974
263903
104565
251236
12103
123718
233060
230620
356065
319003
184804
257813
385042
345038
6871
23565
474314
57022
4294
55990
15138
184040
112578
188769
128493
230175
45757
111177
204282
140974
431646
60474
139836
655680
384121
200307
119569
30931
94478
540591
554315
273095
76444
142339
614856
48836
255739
48546
29520
1867
537341
165151
22725
503062
379444
32902
262933
48322
441679
561582
313348
59859
266377
29887
236966
18434
61662
89032
105069
483677
71152
2424
43379
136454
280008
100796
410599
43890
212762
169374
27338
73566
24008
516036
50105
225814
280539
13446
206329
114552
29216
340669
191837
280117
202021
23048
390390
13538
109802
379943
366604
406745
117102
32010
419221
662469
206188
197589
67242
52852
10929
353000
21983
45051
17018
91966
537578
53597
34505
228379
150613
27786
75492
38023
351140
270308
80642
497839
54802
217741
119936
443076
62793
316385
174560
13508
266767
274404
194511
464830
68455
282356
420834
29118
519223
32991
315711
356347
286511
69325
101253
157912
265813
131708
152237
506054
50877
352786
12378
61970
308258
46045
100790
88503
80212
44266
482646
16902
164417
77914
72379
110602
1641
158030
78572
280452
141560
171317
123995
48600
299323
41463
83513
666068
137827
41597
112975
460818
567061
21428
378538
30094
8418
70637
498273
73381
211935
252994
6540
321431
6892
168312
467942
57225
383158
357562
69312
11460
253669
19772
89143
150942
200526
193256
22513
192767
87533
164182
302055
442682
141693
26993
143386
3985
572169
54398
314672
157854
136741
118562
126228
501858
232903
3725
59236
68196
213689
169395
83242
190420
540671
609139
579279
255413
13756
61241
280573
37302
34533
215114
71038
41074
20635
220265
85845
37038
88325
278405
12141
7459
78287
435716
9755
18384
170340
230557
64691
342770
1717
55022
298610
314320
160045
246351
29420
252520
140876
27132
92985
3616
32155
137153
697924
149119
160492
344572
30941
10262
329628
119456
8463
172138
85181
328275
217860
50872
2869
113489
157264
56987
67084
264495
35026
555240
211547
48004
56705
298369
5437
8957
194473
16690
21470
50509
327521
36245
525567
463404
423
4115
90378
131520
26304
103586
327238
41542
238426
70389
452403
94267
322624
96964
23563
119504
29616
158270
351664
9011
8120
37169
428105
341080
188404
378553
281854
13856
60242
526527
324168
86966
248433
280486
46945
248294
222031
292462
349797
18099
93179
209261
159787
37513
381416
289940
416694
221325
154237
87845
287501
98128
132975
6731
516950
148624
56250
393053
70216
306514
533604
219888
270051
11311
233376
2516
39080
400052
626446
369819
310058
42108
213294
87752
7840
533159
270751
92841
139488
137779
35478
10383
423241
754048
125581
45690
44184
313104
138171
3701
500896
15681
112186
14802
53546
340506
57086
255295
297436
328299
386309
60646
184198
526494
472337
107533
195544
477859
990
280660
49086
138265
162697
505113
446582
137622
182071
654655
613278
348614
257843
282663
36938
74137
6701
60558
244749
328115
332876
295863
223578
227965
65108
223539
94923
584806
361836
286806
447538
3165
143732
148842
29230
103529
293949
541212
28527
57660
328823
273770
13377
259363
46392
203165
11217
277733
70549
176563
254450
35360
330595
522909
78918
169720
20283
72617
469814
13490
221859
207202
178617
178243
239857
159115
522372
185108
228259
268141
80871
232395
291895
189293
6025
121614
100311
40804
544144
142416
137959
268498
258332
141542
174191
93385
252512
238124
289996
49955
256774
660214
161544
571794
461104
22196
207664
418335
4758
56277
53565
121148
173279
108940
71343
349667
4714
30598
103882
118971
102189
109960
89005
188677
151141
362842
2109
94613
3563
278503
12350
11029
24389
78541
183888
3748
151310
173314
61245
499373
139132
109826
330853
488579
19718
25312
731813
499235
110699
358934
24450
214113
424701
208102
272160
29326
276485
293531
18796
325011
3833
337
116911
104593
57783
432192
31494
56862
283409
638501
4
242532
14634
107263
196668
75475
186421
782
388306
388186
83505
1122
543576
58064
56549
480682
64745
84567
378217
103494
65549
390180
148326
24942
379087
48456
521804
171966
6407
282612
58083
367426
24752
10370
7914
239348
534606
112448
159974
6704
400491
64437
394271
279455
73829
15342
169534
331602
132821
175001
195060
105079
314980
420439
8653
171574
323671
398049
29968
166350
34127
275385
46359
169561
77745
29450
512577
500279
17539
165310
53247
293228
35999
9368
120856
234250
85677
651625
303093
94266
47884
35691
151726
180028
129404
4839
185686
106
74439
224752
273619
122270
31647
10094
54810
131627
248970
230798
103193
111263
612796
56516
138946
268926
223561
386322
30080
482281
17047
42663
544114
115590
5489
7633
379740
105319
188075
289656
281570
413783
153123
480891
48378
