138559
469413
64108
114893
264806
430096
157762
1722
151324
647156
17276
363448
216160
355164
5045
13763
154940
140272
296143
516705
104929
23800
63374
142703
316916
10701
51400
53903
5199
109677
86793
473934
172375
259768
100903
128765
397461
349858
624657
229854
1127
536364
647011
362455
620815
191534
155221
61203
638075
138178
146756
48708
146721
346501
385828
367508
342050
95083
393485
439230
204581
399342
288250
53522
203278
134419
328096
47988
246839
59605
49776
26280
405704
377524
24088
84052
131610
209346
61782
368147
434820
238552
42629
602766
2984
526971
210833
63017
265487
230027
769655
840024
564733
88326
211166
117840
172697
574333
371403
352841
821048
407964
318684
522924
63756
14809
25541
536474
94847
649257
756949
464923
176153
39093
365059
127909
142659
346890
298032
591139
751059
552168
52540
656549
167019
89849
393679
119605
212804
490662
104676
693278
372093
106577
258887
63476
22653
485817
617368
14514
169947
33261
67508
96476
642349
293678
210312
196339
372559
48367
38560
181260
250245
183442
239530
178075
30268
65331
511416
695845
216556
93696
262613
6596
129051
241618
625262
449327
2693
706316
25877
499184
242472
62462
549188
125083
34055
492074
129402
321737
583296
144698
515983
147573
150106
143175
587553
596903
351419
39503
102894
2250
139698
103106
448179
483817
392293
12060
19556
14847
755386
266080
181512
19987
162463
114109
263425
473397
639326
231813
134776
361972
319698
58692
664321
160999
132916
291012
255818
209646
876993
201169
438871
217432
19961
274741
883184
184269
514890
59244
6802
8896
145875
322952
33370
145577
32455
23414
137639
124615
25703
739038
277413
211039
256310
11440
549761
102466
174640
82091
64920
225605
68565
382738
11627
9059
452244
190293
234299
21858
244420
747542
141082
3474
396925
5369
269321
95813
207814
84694
25019
7719
174466
589896
187537
510619
566278
46074
62704
531184
40995
109803
769843
172006
19860
316207
148394
187560
405180
259133
617314
149774
57705
86951
93606
4040
255066
372048
118743
3391
309915
105121
409284
44177
216517
167752
615124
127394
552740
793952
22551
175224
362387
389915
495663
38312
45079
200432
198699
109612
76436
269538
409582
292955
596070
322383
11168
638266
126662
550672
404412
51604
128359
649721
80084
55473
782641
579303
818356
135373
240433
449680
247119
49613
154121
181707
131488
125899
314524
1794
209340
132670
408200
194396
376575
211899
56709
15185
71033
342876
8324
262649
134216
160662
129717
490962
21096
208687
328878
22936
28339
413925
153523
49
198301
168837
297185
400562
50665
37230
636471
179065
84913
44879
11360
600819
160797
7518
215265
356700
473254
129976
371540
51460
82902
75965
76515
475051
35884
57435
232424
13742
16508
97848
724919
145034
161088
571215
63015
367194
69290
104462
334733
43755
616307
435309
345456
6720
24009
416885
17326
46050
189051
240344
472893
360537
18022
595188
315506
594129
86857
216383
17016
260062
148013
218286
47468
753821
61219
302816
81511
556855
136831
98668
676859
31515
171577
115264
228041
701479
551939
329111
8540
326602
603842
126384
644756
100347
41486
36931
173767
101831
178047
485836
329996
234162
7895
128201
602434
771148
37224
73826
493398
109123
89320
279621
57998
71448
97200
338863
564614
238448
103410
335856
144518
31996
20446
423883
332556
5949
142452
11470
715065
46715
316343
287443
5896
80734
505783
259831
27445
355084
14902
232396
16092
685195
498550
184414
407785
7740
171861
167630
64057
231372
414397
121872
12007
10940
79763
56924
849762
804043
18353
37748
1552
203627
317958
105042
416605
419194
457860
364958
635064
427551
378149
77745
59108
15538
458020
146945
178795
572233
139152
77107
38071
394263
469277
301219
820544
158346
374506
703687
272062
22024
145566
146055
19241
384984
122950
135466
41398
20617
161489
228913
102563
95839
159589
286063
116885
177904
289645
760023
32128
146886
3174
31994
275785
65704
277759
63483
50995
116772
1492
15440
307790
123610
12901
487494
13071
147556
234241
25623
29570
15852
362130
37977
11155
5294
28952
177711
185007
197828
617253
9587
82485
514539
232436
119017
423997
572388
332032
158261
3334
55250
365127
355697
1525
174700
184219
61852
62873
17242
5278
84475
574119
486883
502482
154896
250397
487743
3483
81359
883679
251769
76796
352176
223498
542696
623757
174958
175934
143160
124773
154224
252233
173730
241334
208568
403486
591057
75074
150810
53805
211213
170010
390603
207673
210028
120328
31790
296608
28654
178790
105162
100280
226749
723768
211750
135893
343076
295898
18166
855492
150132
50289
5422
177139
253269
316123
17382
371233
109937
16007
670973
72353
214894
646554
64302
241068
92145
159196
64729
3801
328721
208892
560915
74235
204032
430424
392545
385983
397439
749746
179856
6782
127369
404442
639185
308078
165577
336720
8474
111345
433350
481457
241226
8687
51638
482710
108531
133536
438068
487299
10149
189486
430445
21581
355205
14534
11188
91802
207588
83099
365939
157424
265098
203396
31819
937
12752
5803
203236
339974
429516
20698
42825
296029
150371
197236
72344
40682
170675
61808
357871
246508
278420
801349
96272
36138
3779
84603
187292
72895
477407
81620
191344
769147
111220
298780
30721
324364
43283
55873
74588
109865
141714
36923
22495
1387
275346
207900
751707
42676
38922
134137
118892
501505
818468
348743
184352
37570
65264
593539
164086
4032
5974
234115
91900
66290
267520
401191
13628
45232
24764
700635
86688
115287
211716
20883
176429
143317
550498
19016
421038
77226
265440
434079
459007
61510
490177
401428
13886
368937
382620
115344
406932
523917
202076
483288
66542
8003
32958
707817
229670
396408
361211
368992
280500
39724
218873
259345
568905
21186
92953
301717
81408
383437
258717
526381
140370
102486
543894
23053
277533
21913
72985
265824
2917
740021
43090
13780
230756
630476
85285
70633
362194
14078
292988
65916
109716
803969
80609
451150
204527
52023
281157
43879
470602
174451
542015
88369
341505
638811
285434
524037
860380
214150
35372
123809
194182
261331
36898
5447
218782
66868
504703
414848
224967
271128
691021
234339
61145
803459
98394
33426
3765
122406
231166
226978
450096
39982
40569
68731
372
583531
69429
650078
275970
10564
7363
7495
28202
122010
302452
4963
186707
28566
204633
412370
572152
208704
70156
514276
73781
330179
951088
646246
107325
186812
13309
114958
108431
14094
26326
654836
266076
77934
306140
54684
253933
27898
28838
278956
709047
56838
168254
356955
678280
271824
73541
183529
15216
41765
13442
439593
119566
337211
8098
480922
36182
349520
94214
98986
36095
144466
79006
47509
261021
91263
62040
123373
271245
202583
55430
576559
79961
421636
68734
115568
175357
248319
12420
436796
5283
129876
6508
87904
32877
590522
341565
