267025
79194
314357
341053
499869
12587
230056
201224
765871
100387
98761
209052
590369
28663
223709
65155
153998
463392
64394
17525
544116
0
708587
322050
273502
160506
115716
57674
96434
106156
64294
191319
39229
70064
6411
221357
237136
324155
198849
681077
518819
64802
360195
22766
4601
480873
40028
383603
56342
203778
269319
10762
2038
615679
307503
564441
72573
166887
512161
546877
177791
23098
82754
165100
66396
83092
127853
261131
88609
567114
383333
122660
59741
200172
139519
52974
119648
42091
26705
94911
489632
229152
4459
12333
86749
83764
686102
237459
212607
661856
178178
471787
283308
584897
561640
139305
33931
77030
101106
84319
91341
628085
216823
259173
474289
446514
144679
741210
227945
114814
495693
19646
309540
154246
316905
471283
123690
208152
389723
308095
417401
295226
121052
113117
331588
1978
158348
261995
205176
237361
4043
66824
160464
211812
139834
379715
17161
8186
89109
597429
32941
909160
350518
112430
3491
513641
43025
130907
71051
395828
752803
17814
157585
136766
15616
45604
44823
35255
305303
581789
161161
12355
213735
762829
127401
674726
648857
121654
74256
526856
3333
15733
113057
534048
42028
318679
481122
64243
137187
154015
381195
215796
24959
780036
989
162112
50842
79451
214003
37886
193304
75969
377640
560758
11243
274895
709710
11760
168318
224693
121031
460736
457904
218419
741229
428537
499661
17343
541574
6696
64845
86485
24563
234791
151520
4451
499949
129913
76920
110049
275544
48171
98028
176674
78453
333051
200308
94547
177561
381829
31113
22929
33632
124055
88449
197545
297003
39477
136099
28603
64681
185131
24948
7193
68218
172711
556526
211383
102278
107210
116122
101875
203029
309710
76840
348903
48866
98564
328406
579066
3476
79979
622671
328945
539269
791793
15406
28257
63088
10195
103293
415277
54897
67928
260655
19343
319015
708935
275467
18957
7824
211808
156662
245914
271433
166122
29572
36096
152353
134293
631226
797313
361100
37022
118854
152488
397
192574
396735
91068
215603
514142
837032
10157
202639
35229
112805
298467
10464
44928
835349
304608
594952
195756
50231
21496
642614
71648
347751
4786
124173
879598
99989
35351
312478
29310
365548
555724
249899
132232
7152
332714
45542
100110
191538
98360
201964
478646
293899
301019
678150
5234
19105
458399
55216
8350
19572
477953
66236
52225
222430
322320
325230
35072
8425
249884
16155
82926
16081
479342
98833
23410
136202
255166
22161
145528
62614
209471
171368
270905
80211
244606
79462
530037
3794
54778
346873
241648
126001
8703
32761
11577
46906
61491
147942
4059
16659
396258
158367
83552
233468
90361
170798
527531
597498
683417
111692
169977
496254
61012
58359
166066
215390
7271
98822
539100
182782
535601
94267
233232
42920
511411
129155
274629
237107
27965
316196
222318
435870
241355
48249
10809
102780
154049
350883
21152
155589
98631
277516
608118
57083
135
266945
421371
459132
288087
59682
112439
175861
377740
136
19315
48712
444130
227040
485345
440653
164374
230934
142040
263803
307970
188038
72017
507709
232433
135873
64505
444903
468232
223499
32726
261333
140500
15200
91191
475072
140787
171351
39612
90803
15496
13055
346507
296145
166706
31
25639
93649
3440
103961
210806
275709
216422
221015
69415
139515
52292
331857
23707
162115
517027
2044
534116
248847
10673
90986
235209
91828
72688
168760
280390
393713
42361
135645
121822
277511
36037
90722
425626
95186
36193
127366
53305
506728
100647
32427
4157
59219
341941
411587
145838
481925
505024
114007
14193
247719
134109
15902
95309
129583
161536
169246
280664
178933
48801
292709
949842
120731
214985
64563
471077
3539
395593
745202
162871
317761
268310
319902
335674
500896
410463
100855
5422
178480
481291
181030
11482
318156
591654
451490
84212
63623
542160
187622
22058
77994
40510
69494
728851
156860
277563
255046
115011
462254
428013
72518
283917
610137
66679
35445
835734
22597
355612
638200
464032
132508
616383
442647
101404
99524
9841
884413
74415
328416
262761
217154
361432
41498
94234
171051
91975
54091
84217
198695
253650
224705
334095
372656
367667
84118
62836
283845
12360
202046
767592
159621
583517
135846
420190
529177
110182
11229
291816
2815
415956
442200
174986
71478
168396
6913
541525
609157
379179
610052
63141
44625
21305
19467
88936
9162
44186
164254
477406
658955
16504
707359
30000
39484
157144
101785
312816
89106
282238
259789
582466
45985
738853
175813
34808
357121
149468
204729
239490
342546
119598
631800
56111
556437
241537
71643
4017
775073
86481
11846
33326
191533
349992
62018
103470
127061
143778
10023
512247
210100
190353
603149
258323
252213
360618
592446
51239
597321
265853
30397
180131
66605
241466
72
181791
321792
403126
246043
52478
320416
376205
737075
79298
328248
26732
42594
209832
114088
437080
745617
102655
396139
49636
9499
197469
188485
9557
511962
302018
96459
122091
229085
308807
311730
613969
289776
107855
76157
98915
533930
455344
176963
65428
83689
126517
98834
273126
69697
366708
78300
639788
51230
456877
168459
101368
564885
618390
687756
439947
54447
221255
75339
862
161452
146711
786567
135862
234350
160594
1116
176430
267953
9747
529862
399060
42860
85634
60610
379491
253902
120130
475393
171511
391090
291309
155837
86926
189919
41726
100725
228036
73490
18446
196744
93127
553996
370287
140079
90893
324225
302434
60947
451046
426519
62001
778595
424264
65587
500985
121721
569055
716527
629805
202500
584660
98586
52697
56632
95745
633608
39377
776800
648315
27641
28426
55648
47982
251990
461353
149951
575510
346429
231745
285352
430480
8679
632448
179282
104403
527521
212663
26961
142632
544141
367379
147249
3157
11451
23810
348293
204213
156896
190863
82817
19944
136758
75862
105724
95735
32533
18066
29192
517853
106545
177439
4507
491815
19729
51739
452
196478
105828
212546
531600
235447
17221
239124
13109
187562
228
100252
159615
212070
18557
7057
824864
232492
51496
176510
879138
46156
249222
218215
229727
40415
132594
97950
2586
341122
815049
328079
325750
14934
599457
42437
323152
228930
282298
1753
16204
312344
99422
198952
116307
10777
784435
81768
184471
304784
684185
637088
561868
1055
114052
44649
293599
412021
2290
122288
627630
155600
272277
119272
221300
148016
165752
63255
1580
131974
1912
62986
38743
74688
482460
27856
44224
245721
143661
239273
127413
22316
115609
334482
342606
143089
173509
989
196325
249688
32453
25872
139329
222445
270211
277511
356177
123256
342528
308784
32515
34546
43788
299613
776992
117081
67488
176794
3691
90322
595550
17090
155441
233303
31599
2612
108764
297404
108287
152023
578227
594196
232958
140704
49038
675943
448928
249057
923366
385265
34913
194135
187970
236581
299611
465578
