0
1
999264
268511
71996
70121
64726
726252
427719
64479
293154
136215
76516
210076
154114
77
3288
91919
63731
6993
554136
349212
44640
47691
83908
255865
8236
56729
158864
672887
165131
259460
201185
636718
570618
264998
48502
770758
184259
343765
36968
108296
15613
395973
83662
732553
657355
6089
255273
81200
419508
42474
84400
252396
356766
319996
183579
411956
137186
13225
17572
140936
190041
59879
409485
333076
432623
553652
196783
105462
123363
288028
6678
219490
50793
33840
209130
274
54889
116308
536321
341655
286863
179674
251975
2033
9120
15027
457544
411077
7273
358796
229766
191466
761087
7610
297579
242457
23411
179362
17432
395930
87819
236585
151811
251929
178526
584300
293339
167140
190364
351594
769
234581
126181
27287
234650
158927
655033
37952
185357
133775
64652
145020
187442
53263
33304
565380
246317
65911
52050
9975
120971
81627
17502
16485
72849
288892
374042
707462
183154
371246
274834
38473
65657
467060
114723
179470
60693
747189
248091
570761
231944
70613
130205
688386
888349
397466
862246
491451
363349
292550
30857
38253
521772
367818
303577
111291
321781
22829
672390
1358
185404
10586
743807
570598
55561
121025
170164
102838
152132
71001
6102
105038
221367
27068
100671
456355
178023
282525
292020
29274
542818
44607
1812
167026
177633
92089
32668
107125
211129
107047
103511
44226
78476
158145
70600
140330
43249
508488
81573
353274
206222
48156
48986
1012
124906
721517
24237
112048
42015
16579
48665
32637
111549
85021
29395
222515
13589
37989
222482
422267
268871
214525
347288
469637
15181
780729
2253
425419
143100
255078
803869
104473
7890
84496
14028
469564
14704
621889
214273
77298
72824
500405
12483
204759
404895
143065
16060
388701
28688
256263
125736
213580
156649
221151
308965
178212
527814
173882
40893
432729
520
109616
512179
118551
66707
28999
959048
439957
312005
133061
63545
448579
4098
121418
80765
307551
296318
279730
629877
571532
34789
18142
234805
303552
226655
306242
391723
74016
29866
383183
18406
822757
10058
131572
17714
408743
2717
465996
8556
321839
281259
796592
24588
102038
152264
316554
137110
725327
407615
32921
31341
110778
777512
462255
405240
523496
457880
379317
24285
207539
376151
190066
101849
159329
339477
155290
36944
17762
301401
298926
440626
88475
150646
87653
507668
349072
364864
557654
50579
84144
638623
202593
704625
314042
70045
457987
17447
467093
95473
293224
399602
290401
537378
238448
625709
444013
657082
71112
207551
162633
104267
187491
527184
561815
148484
38801
79294
74353
92041
158445
262303
124364
767064
290011
31956
663310
150584
160447
807906
560599
25538
177700
142694
143667
539140
99595
721776
149777
96168
273191
603814
172620
174728
947047
688384
332126
386639
3469
21501
122958
255972
50794
371987
137771
529581
195162
135486
8064
501031
405387
15674
151153
210767
183054
543528
596965
377746
20005
260340
304694
151351
45352
265276
65299
163824
78251
68205
672211
140846
809647
208219
303891
10553
22310
26716
264320
173409
820103
482212
64933
19758
300672
299247
284078
398405
146640
146521
170021
20430
231461
597795
37074
262508
57064
179711
16736
374376
345707
268290
32868
25372
315863
175010
669021
168425
615197
130799
689029
749962
205617
406409
970
491855
313088
63032
50591
373867
223726
6710
22026
139026
5618
533387
177270
201063
84105
257509
708933
120379
495390
424363
197408
204458
123449
235497
631557
25730
205969
379118
232029
642011
261473
360577
359565
9647
615339
513808
399302
22629
78178
571
153326
47040
326226
335907
15470
178664
136496
112275
221072
19930
25362
726867
784353
18775
20123
777738
3911
673730
186428
310615
11
70236
605824
248326
384522
339343
217492
2683
842918
143426
6552
22649
426380
96206
731364
169465
131265
44924
322240
10850
222718
132071
242693
384737
260635
419365
155422
48192
300626
296693
7513
126133
119223
256019
200432
392229
25589
187807
746738
786089
891320
348400
564482
811736
57403
72050
309227
397797
192961
122353
280524
71352
275237
128910
128158
192667
13829
11791
177777
442692
126767
324974
257962
125003
401390
360336
41050
735279
137814
424471
908964
480858
54009
223422
230614
925214
142420
83196
53482
9240
899742
386214
330736
22653
164312
344084
50161
752728
787572
211991
211425
856763
262742
193616
405964
16029
713732
42927
31370
228187
421615
436682
116943
343608
180481
60144
14477
409193
58349
158988
526
161629
70058
100365
35651
92603
30414
399301
770635
575153
43659
264039
40056
55337
89519
215604
214153
146391
120190
281385
663376
292843
85155
83537
287034
30988
406644
407527
353438
337298
7958
422892
920202
81712
236373
34922
3597
15246
405055
93801
911723
185937
285947
498908
221403
377088
431073
398882
292330
664866
128721
3295
338260
92103
57738
599936
117807
259283
651496
69539
97145
429948
250221
118813
252223
153229
49861
39044
69467
69377
805172
5410
57622
487343
29868
726
7776
517788
381818
95752
173092
66196
580116
556825
100545
526734
677424
574009
349745
120785
44681
170043
114405
412099
20747
187798
204182
552303
57870
107673
786632
727416
719406
27037
223365
978
60909
169590
33679
181141
374062
2407
399777
277649
6553
213998
33021
103109
621253
142072
117556
46949
119618
91488
74068
50232
555046
12315
47924
266760
719263
346668
45818
71242
498750
28811
262996
445695
371432
359520
540934
842166
78478
652432
7291
190383
29992
276202
21779
225289
182537
496494
9037
90106
510026
656186
152432
44551
461313
323332
544418
594310
106878
57457
371641
236313
52345
496120
138198
414600
78677
361156
333866
104265
110637
552231
141255
495001
57649
154292
184653
92291
263707
14276
288527
24920
161413
157320
202034
3673
597006
610880
332130
391456
73695
417178
276088
2551
57059
21769
96005
70051
41677
725785
92630
656490
882740
588367
297166
145120
67569
125896
59063
242068
114204
345872
550189
574191
69077
6026
59316
401372
298434
433243
797038
153780
27243
1782
64696
224289
57642
668260
7367
117035
590157
39938
55273
591446
291261
132448
461404
40730
11154
498052
56733
168726
33927
749154
117771
106155
317405
280947
113277
114404
55548
189538
10450
306416
320556
296008
464785
330841
9456
15144
19845
148130
342493
599564
321857
27660
28060
74335
279540
692495
39017
77736
402962
104957
53256
434651
866320
218757
436377
95271
74258
175090
95628
820841
39153
437883
63123
349064
36077
337962
359298
6321
887351
375754
170178
62735
540879
325
33370
450542
346543
259491
76291
7779
453299
112862
84309
231819
464929
132128
23868
130488
49911
11456
27063
42460
153019
597424
834037
628652
22644
121815
52546
77261
272534
377996
347284
86836
214326
59341
100878
14092
168521
395106
134369
311308
293617
20487
467457
226
164747
57003
215647
