72743
30721
5622
168009
131085
353145
333528
448317
59929
99207
11157
540263
234152
21142
230559
20679
282531
50786
90894
14416
149982
452242
503068
589082
233148
231653
80405
200926
14135
378400
84684
603354
139854
327325
43785
498
53299
504026
81874
205113
46211
202299
70656
13712
183946
453397
628460
18097
251365
295319
63411
24796
47846
589933
110912
3940
29639
262400
138945
58245
98217
404551
352916
310807
58043
47036
50643
66111
102141
449719
374616
89853
243520
75873
299034
108173
270
72356
95574
32137
143753
183862
27778
366646
142327
96109
9143
552612
124782
114866
83804
222179
146749
28276
38887
160408
108418
434381
15695
456113
59666
47940
357327
209486
213390
28726
25238
378334
302746
66398
289635
88370
217360
629479
2453
133243
415538
228267
78897
78903
185736
417021
53243
120145
17096
188315
107601
434014
21047
119119
310843
105841
139388
58975
6134
350178
683915
15581
11502
51231
321946
146649
38445
215052
48327
73190
420969
49528
32594
82706
698404
180339
39681
153434
50036
114289
309755
143887
279931
242586
358310
315517
263080
465600
555013
475703
264375
34877
83905
505749
264667
1324
187024
402061
230153
34484
206635
222975
182618
186354
470459
459066
112326
65207
152067
1095
46457
67489
47896
21450
146104
378325
130711
17098
160351
193205
298799
204002
348267
33443
127061
433047
301663
98212
50233
66236
172618
63239
90354
30163
589997
227563
202605
359994
175950
13456
144823
34715
71462
52084
299975
4567
423865
141730
416863
41905
95173
64478
300971
179436
40677
481148
36995
199586
159304
30308
123592
104472
2041
363675
101692
155214
31425
216799
645785
14734
168437
254551
95307
139687
389609
313984
3878
80541
152518
52277
297801
51922
32648
11947
394808
73970
99426
8902
595890
46383
448513
5944
397017
223234
33301
401226
25011
182856
527882
234070
15512
9093
82013
226211
204738
274356
12828
139757
192763
195772
526247
289262
188812
195870
103887
330538
104160
210965
47908
93077
355011
201351
39536
85637
8858
336687
8432
327998
464623
445190
10156
317003
27544
103809
242611
12135
597434
119941
450
139202
212055
107278
206635
273291
230403
46844
132605
590754
29057
269899
8670
60363
206002
2916
477897
312242
39078
64947
19247
232493
37230
139917
81371
68029
306035
439429
668766
16554
232192
439
133040
249676
238923
54539
145472
414074
61967
95189
609633
90270
277266
1602
259506
291898
126312
84495
443308
3274
582374
165157
87604
528
250714
18690
154808
236182
500800
83599
196183
218597
259029
20706
349163
148525
56690
121876
91170
114907
81066
33319
42549
51111
275356
147332
358606
193687
30886
10165
631389
130125
388062
22422
57638
247016
619831
37358
422588
332868
438776
640763
82588
76934
613
162
220159
318958
316664
519397
164676
25100
241859
592777
65855
64493
160650
485267
261274
391859
660629
165396
65544
20545
61967
88207
47171
136840
446176
22113
122357
428815
235037
48598
2434
59281
65753
25635
156856
116623
299659
50226
171620
49262
39298
10380
357943
152841
53321
292199
2772
7152
279970
169134
366883
102316
110408
239563
173561
22233
276339
137585
14197
223572
398227
90664
51032
19913
555027
124119
124221
257476
136060
532327
298004
262499
135537
59656
34903
16973
387816
223762
349545
186952
128227
194079
84595
11536
86012
207941
14825
284
167716
98484
130575
24577
245954
3424
103358
67262
1394
470156
251815
344923
102245
115077
8102
112862
59872
621171
335441
61259
248787
671707
552903
307703
327096
4498
128349
560611
166804
13817
429627
392281
5314
2126
13047
79427
498328
46971
106511
241651
131447
127826
34673
186708
224545
221072
5724
521252
73831
256967
103770
7127
146506
109663
112919
368425
31475
231608
449635
165377
249522
110118
130682
21893
59254
246002
32326
271692
218070
26005
72508
657554
270518
124864
273361
69575
7604
87620
455589
29893
520495
589499
275358
255341
21336
147234
62000
365072
4951
30879
74228
50289
166252
222659
49385
157082
32221
200625
132040
78156
41876
24788
253230
46698
29973
418120
709
38574
332436
410430
3615
92723
751
34944
226850
508693
54451
467554
143214
206819
325452
512413
561184
3286
254597
47166
590534
104243
72255
22831
396723
138585
447188
317796
10190
621686
403772
271275
12921
14746
50973
214284
60795
146516
227576
21483
146921
266291
584486
133914
177320
12250
26837
38656
416515
333801
4406
7848
148901
438941
97652
228692
26333
93714
88963
28260
221505
16227
860
611328
502695
185263
108781
486329
253829
42386
82731
8647
240564
113820
34739
11214
28355
151831
15950
48306
64970
420948
185328
112184
494633
54531
316328
219604
224367
495970
354779
109536
205166
40339
367505
31114
23563
282913
152117
200024
23330
82355
147002
179498
108394
717
119069
477563
302893
69743
247610
169583
369255
627805
55948
123863
7720
522603
232399
91657
177812
216319
51227
52622
67489
214020
43305
7688
2903
192982
171465
13313
321409
282042
395426
165928
218198
83954
197210
138282
623307
376695
169566
85615
206604
437201
100032
10117
566305
266535
340602
299507
36951
25592
37767
35267
36224
294966
67277
14830
45370
329041
74128
40860
279455
219183
9191
1205
26719
11164
52613
88202
169502
153881
4465
158186
368775
162639
80516
136478
403546
12148
30198
30483
117318
402874
1414
180
99902
122869
99206
447453
86856
657
316492
431152
75663
404791
378736
60138
464013
54615
660238
269836
510523
119517
324460
323935
408501
186502
117604
330327
699229
113548
19722
118
27712
38306
12448
181124
33913
387784
423924
184729
14632
290681
59485
114835
93782
3532
139241
41716
15063
338738
3701
145029
295922
6598
54516
167129
91182
135116
230939
133276
352875
434618
139233
25983
73948
195717
43540
481863
181097
136669
95169
71636
277912
449624
292701
471791
417843
121101
3940
40054
423014
13905
135121
10459
186166
185342
310215
292969
57540
219957
193075
57834
276327
50336
171027
45859
24827
393127
539989
319228
132361
122680
127166
42118
414696
205826
296667
108122
27630
180266
156306
11352
171056
625987
378393
18159
115412
317051
20486
299424
13787
116825
174096
31551
224023
15312
476853
347666
86315
129595
63708
12380
441942
31867
247559
199941
96454
412056
187394
27845
480608
49816
1686
261530
7818
148075
338965
384998
13021
93533
2320
221600
290917
199364
88537
8258
303622
9904
236480
476868
25342
212446
231780
27028
374292
69280
494103
10013
10634
308284
470380
175300
203925
13417
49786
193779
241647
107887
105516
37035
11706
383454
36253
170707
184369
98236
185581
135921
3855
33100
239490
110687
397458
499313
522973
364738
360137
188344
220701
60776
258885
18064
535179
4132
166335
249642
206825
157662
448535
404283
24850
165034
186728
108837
