857468
72603
321095
489644
149673
208487
279543
36437
162513
41782
138126
364389
343055
73021
102623
425875
401901
262654
428378
24205
73405
665167
96506
186559
290197
83658
214969
119754
15837
7846
478449
55430
339230
28709
473910
9360
226058
144855
401527
203384
171348
42096
29352
74323
551924
43845
116056
151482
509670
274793
57453
332755
123477
10033
310113
416204
306957
6474
89132
22550
272873
120556
448659
573323
698628
85383
49936
99330
441848
432899
9040
186578
112964
26546
116895
773175
725542
297346
55840
363028
838932
131037
569272
265346
221596
349216
434073
12129
490830
346933
155880
154316
423037
20283
248738
154271
242025
11213
580167
223677
368779
85630
274570
527997
648844
310789
396150
314236
304868
251411
42479
35091
14056
167702
57950
489946
88650
261880
66549
116840
419125
228228
204066
14144
92462
163669
72939
865547
28959
39926
3378
375352
83604
88181
186523
45715
81133
314826
379610
189138
811313
103249
20990
209924
374513
103383
202724
96275
78818
281685
784880
831867
469801
82730
213339
658474
299385
174614
388388
466486
436627
487054
143154
67381
129079
247846
94414
97846
8718
663321
585357
313751
313455
124561
61657
64470
21598
93464
383416
55291
416184
140253
72598
322865
142047
1870
113332
117358
161328
438286
24464
521678
711745
919385
24471
5021
74564
33826
385915
355644
20099
186687
3483
91505
26146
132774
30954
141269
204831
192273
18745
152509
341411
189284
153514
821870
257756
243266
154975
244322
330
323357
36376
311197
11921
391305
78697
6241
233912
19303
70551
680554
126270
668666
85098
597774
222214
519039
22549
301214
18595
473911
51147
72257
106861
810425
222315
286183
167596
6623
60501
34585
1232
211835
141306
39832
282604
355662
4446
669546
101486
117458
317514
482683
163099
189837
121996
166882
51394
100790
157314
12528
234254
58384
309341
123930
111407
384377
576863
684881
795250
537580
118408
375006
20726
656723
31987
223931
281734
51225
179710
101335
305709
67106
623029
391239
286394
7997
107399
224000
10093
296532
218446
324302
390218
95457
295
672798
275293
196863
44767
129279
306054
84010
298768
161191
257304
450540
87503
700223
323182
301723
142813
656752
332061
211963
563328
193757
219636
47538
142872
103568
397829
34212
531245
244490
298289
297617
313152
110715
484979
81851
66723
42649
443483
130004
102313
47076
753413
290212
240588
474980
88412
341473
214710
19928
765441
583741
206237
616335
74388
32025
462675
279845
65405
113421
40108
7741
6369
176009
36773
28471
618673
208021
37207
15644
264802
658991
466313
427009
271781
723910
51176
117649
34893
105545
31409
310432
688545
429382
624420
143601
525197
94405
212937
197630
84611
561077
94914
486757
214305
192642
31955
157318
2773
47274
6786
52948
425414
13512
563192
1951
117219
707323
355845
82223
87367
211454
13298
288264
302759
26122
4030
81828
164932
245210
371607
13527
183700
125134
620216
335322
243496
119809
110919
52581
1037
20723
408899
504179
142132
4441
126921
422083
80946
66915
201610
193193
627644
440164
404283
36156
486099
914
460418
416429
145862
335068
677756
322178
9786
113991
503778
38338
46943
56589
441680
35200
389078
292661
593198
7343
420136
22845
44321
653564
619149
72950
372588
244327
147382
139027
274851
38732
376822
44944
148753
913710
48144
96332
296152
34048
51963
101315
415853
474760
901421
195977
212312
211805
12535
215608
229840
162347
310975
441338
56791
240723
592789
23530
311702
310149
372852
142747
656157
21937
287656
162181
659043
121170
10877
7773
122104
296491
276807
669360
15076
511423
203307
57358
107379
232484
222539
50719
300211
14298
14811
657801
5713
672549
216036
381286
25879
304291
31614
134721
455949
24898
71377
724346
235258
150908
276076
341082
194854
96552
68672
87793
486871
293888
73002
233683
330815
272763
134657
38472
571725
287056
471473
296901
263974
6705
378387
149274
21045
12933
11049
575144
254659
4683
437453
43039
267901
63788
388775
639822
67026
279440
285463
503300
349134
125864
980433
590014
178095
3024
55174
194803
38226
243907
759889
368577
299675
95326
294800
83195
158871
203305
221995
181893
733649
139306
177469
19799
180751
277734
328825
699788
38300
388871
664118
385666
331404
548166
20950
447594
11304
171991
189054
420946
617887
1610
314920
401773
203721
17412
198369
598046
124732
9243
227417
39898
302128
404368
140939
77600
59935
86891
297629
46024
633644
428323
23004
13320
4923
32328
152998
104764
768664
483730
190449
60800
532422
83245
305195
221567
332438
789997
116859
14332
276385
172414
833120
303385
791609
2436
34189
14255
242119
188048
12738
838486
295717
81239
20254
149086
12770
158460
533830
329793
403767
115769
620745
517070
185811
830840
811261
55263
72476
123909
44022
657701
164868
79090
588529
7793
122284
283539
125205
839219
66449
586416
50312
33056
17542
212866
426798
63539
83063
70674
174446
142279
148757
188431
747750
241485
298807
315908
227363
316618
55587
62155
31219
214109
4348
166360
10517
37164
451781
126267
105912
75618
27095
31376
578560
2224
699983
55779
334900
241679
325016
333149
19372
910868
122795
75463
16604
641343
53715
303640
609376
73569
153277
425870
577000
254168
6935
201554
34901
21474
284969
113208
174439
116158
483681
21240
221869
129593
477778
298735
592341
366654
91328
448451
72633
401275
497823
55787
150366
222314
94184
344885
685631
384019
80518
385996
362270
102086
783953
416845
469431
224786
536561
85746
458143
115824
81967
155664
246521
809953
143412
795289
40495
85662
47785
91045
84475
849488
256056
493464
49515
83381
24933
121574
590200
634074
145741
610320
134541
269692
466949
713554
252645
216707
6631
177389
296140
773416
33109
613275
301136
8975
59006
14519
553490
286847
831301
3826
155409
277081
360174
76932
392733
450572
462146
293550
47424
199991
573163
3898
27313
366323
249558
36369
332565
393087
549533
481368
650637
67388
704402
232392
262590
5178
108733
1242
82919
21651
74507
583292
3769
169556
490666
458626
559687
191465
111242
593153
87653
834592
87194
43806
198759
105420
263238
151376
529204
12852
927516
359821
215209
202325
666698
565875
704253
127315
275017
70442
139739
29712
378825
636531
75035
565988
172518
486087
93526
228906
221031
195553
547138
101126
574991
756284
471456
260653
44081
82448
303838
508412
56239
436947
814825
17225
259125
373021
789516
87449
540330
711924
176837
64813
187251
221091
190661
540219
303232
823752
241939
68101
173480
134314
67331
37895
594164
63858
128426
418598
372
6898
109504
345438
172323
110244
251362
44241
208173
593339
446224
419350
34878
63046
37268
310873
160912
570373
376108
260346
340255
395294
196181
400001
625348
57080
167
735909
188075
3254
60024
242781
162856
312610
318001
39726
61095
181619
531045
241704
683914
93371
