63167
28951
27358
19569
83707
48103
7847
32004
34746
67970
83838
51035
14291
78392
21517
43560
167
26495
54903
6328
15468
1089
3535
41623
103924
64471
61443
94741
88415
157
21225
76531
45966
1233
7286
74549
24398
38248
62013
67473
16776
266
5929
1500
26988
30582
223
49287
7461
47516
8325
33152
25974
13448
20903
68757
42088
72748
2915
43856
28069
14216
55433
2929
46600
108319
8411
4495
22214
42040
15318
3892
21946
36293
40498
27903
4634
6576
3384
4341
2202
12358
250
2915
3843
6447
4668
51241
41545
23638
6219
10052
12026
10153
6432
1122
962
34630
7950
70677
59365
36054
36739
7444
7298
49237
33277
497
20034
61813
12740
2989
43345
5291
54123
105204
45621
17228
3865
2584
1032
4345
93545
87451
31089
32620
55603
91590
20969
895
34355
20159
88286
2790
16107
43049
19228
40791
9346
11891
6385
18368
102487
47394
5274
76268
1902
6546
52330
48883
9679
48997
4215
83937
6232
646
25396
17753
51558
10694
13453
8994
61873
9693
21968
1510
62525
80306
4618
53282
23929
56566
4764
14995
105005
35231
90926
60341
12135
57685
861
4991
24519
16111
37998
1055
67490
14956
4949
53849
43150
24856
74973
84
30620
1425
37779
46358
95935
54800
51573
1608
88417
60785
13825
21981
6835
24284
9886
36404
32106
64255
66970
16918
1396
2630
51098
29321
50868
33574
102864
19209
39577
21036
20975
42872
6766
67381
29864
35575
217
26363
230
59156
8262
86084
890
23779
29914
84438
57487
868
17784
15618
1891
76952
6256
57983
19717
40164
42967
45784
46091
2824
9734
20423
966
26617
26186
47096
22598
53999
33259
65089
104100
6290
7026
2593
4510
12884
11910
10586
61117
16410
8919
2204
266
17611
5630
76467
1226
40108
1297
9808
46090
65709
7533
50040
58306
44401
15271
1990
11648
14365
67616
4661
68612
217
29302
17693
10606
22819
34056
26379
23507
12654
58043
8597
63463
9950
14040
986
77726
27472
28646
30196
31926
3747
6028
20780
95000
2406
93231
36303
1312
4980
11351
34184
15308
9908
19237
52987
2094
6689
7649
73260
11647
17581
99246
38513
23606
76865
1614
31625
17406
17291
56307
51396
5553
35225
697
392
68259
29131
15728
4918
20408
19309
21336
1219
3575
38367
66851
24930
17575
35615
6078
10836
14737
5263
24837
3312
29608
1946
50948
30545
84906
55321
62173
66267
6828
5331
23605
17640
12413
33718
46852
16199
114548
81055
11833
4070
12563
42661
1249
35321
42690
671
310
45240
76963
13885
671
15963
9537
5873
84553
2784
12665
1393
15430
5312
15047
21238
23275
57103
2016
54729
26848
106381
19575
9297
24834
6127
65338
58554
13526
29995
4101
19055
22612
5973
30549
95560
4965
55129
13876
7148
11951
5022
50926
72448
26768
75311
43595
13689
34355
71984
27531
20745
13632
2859
28906
34886
14969
9361
6010
14773
25827
32367
43800
17398
23570
9612
83497
16979
25815
67216
41184
44082
9373
18548
18381
307
7904
54784
2132
504
46798
873
69056
43109
10686
6952
9862
145
48936
1770
10014
29027
108423
2574
25769
53315
6300
1476
78670
637
37682
99137
59644
3492
1358
37650
12432
51210
87314
41254
41426
4402
20099
4634
54694
15154
11774
2197
693
11333
11640
5513
49948
49914
1417
79539
1045
27896
26962
2674
3833
1834
29355
4595
72219
23678
5140
19557
777
25600
29209
10467
50398
17496
37806
38804
82769
71635
4573
10816
64959
29428
34203
11527
61005
808
49184
22433
26823
30716
6283
26585
39498
33316
94943
43631
41699
1536
60437
1152
14413
39717
97967
27516
23117
41013
7821
25948
82885
12667
1402
35504
22857
4571
2530
42487
23558
92267
67967
302
23176
34501
59870
26440
15749
60
48065
22165
60505
73066
26004
6195
21079
5048
11335
24806
54522
25329
54122
108069
8583
15772
40934
57
34598
94040
18240
23007
43357
35516
164
5614
19806
38658
26763
88173
2957
62243
85540
37759
2928
10322
1222
22192
40416
4103
23512
24708
3613
6072
19625
12670
13329
58466
47016
11966
63136
42136
34889
33707
52973
14845
65936
19620
44630
42063
253
25121
8142
6376
39958
37437
46979
57577
34692
48800
7806
240
18671
74194
33771
1436
70741
58566
373
14541
12598
24766
47810
19693
26812
84490
46471
2544
55589
19707
32705
68132
19230
34264
65616
27327
12128
8945
50150
37095
54497
10422
68336
164
6020
13479
16777
2832
9277
18894
12033
90333
78588
65092
4156
16208
4129
11336
17856
48209
7179
15505
1185
5938
34167
42824
57685
16901
66667
82299
22158
55867
4962
21852
15964
12034
169
18873
28516
43396
14703
58189
41248
81307
59967
3466
63213
90328
2121
57457
27302
13707
1483
54632
4018
5332
2036
17400
16790
74714
3892
10218
98170
40946
23183
4387
74343
23968
32391
13527
14290
43418
11961
55893
45128
13399
52929
64155
63455
35583
499
47220
5021
2385
26625
16076
6243
40349
59334
108767
2597
56959
19944
4713
13519
94017
10135
5762
87107
7471
33562
1870
1095
370
35719
8096
3878
44863
5883
26086
34413
23943
98552
64188
13343
17
10629
38857
5418
65843
52375
15117
77176
41382
29271
23858
25369
9508
14339
8428
9659
29168
17391
78567
82838
6461
48681
6525
25128
11951
103108
36069
68217
48864
6684
72236
18105
7049
27065
43901
5433
6428
26221
68054
50147
96074
46489
20106
52791
6408
70070
3569
17518
1627
14975
59306
49211
4452
57906
8455
84208
44813
6591
52939
1003
3809
8630
95905
30647
16702
11217
3486
110639
7309
88076
491
9439
25054
16398
80218
17863
1572
7838
81168
18562
2849
3267
20313
41646
68599
24811
37667
30104
27555
10777
61658
42538
6278
32429
53450
13994
1450
70572
45163
12960
78445
34939
3307
10989
503
50955
85113
15974
6659
65301
5712
21628
46560
13071
3476
10985
2103
20758
23095
4032
2775
21748
1916
18232
60581
57932
24676
10068
697
2058
630
22973
583
17513
21392
105355
54291
41699
28427
65412
62993
58432
9151
15422
2578
10939
4369
3261
2601
15016
29144
5894
4910
18682
23322
37105
47597
92919
40730
36683
96816
2824
32732
74000
37942
6757
5038
681
3834
35
25070
7414
12954
2643
1076
19719
65785
26645
3349
747
28006
28295
43842
2737
47295
49445
66053
64721
57763
30124
8533
