292347
29169
47335
74973
70921
233961
186650
522592
9180
200951
24375
0
25244
406
279977
305553
639480
273055
105182
544165
268910
42140
291815
19005
221225
131280
27325
521304
359923
48674
32175
145557
53108
547620
96122
489000
408324
118502
27593
314194
110842
629078
105679
40841
372275
231482
44865
174487
236371
83235
144954
427752
288857
909289
296116
128446
101017
9851
91521
0
14476
143340
467839
891067
31774
114093
819508
919233
24464
19584
230898
349620
241078
108204
32175
284953
168210
27348
113930
724163
83235
30671
55899
440553
208316
16070
283631
818850
554737
232466
235094
0
160037
379564
525234
53958
191845
61239
161388
267060
5252
34505
59012
302619
471903
105840
511539
101017
174574
13613
96597
286920
226519
40556
252594
117771
0
732663
102962
313906
99158
187866
12972
17127
172975
47374
364569
13652
53808
0
591670
352982
146625
175013
115977
440849
726612
286920
658957
39114
166720
227055
192536
15043
576797
73289
85824
408716
456842
9744
15808
133274
6900
59005
24774
127606
227055
115977
687637
243433
209409
61545
273055
201899
367014
73961
94139
94529
268835
115070
581310
11517
16595
8617
203818
59357
174364
308022
237073
112141
65503
204541
145490
448847
97223
71448
104924
16367
412049
143302
112558
368878
211467
379896
97190
45375
616829
56998
72664
33682
100905
21549
42140
49812
249182
78956
312745
474876
722275
198862
143302
170326
604493
242769
179109
102221
108204
101283
28295
164704
105056
314711
807590
297832
520295
19463
40214
175812
105679
335714
488188
46611
308022
25393
98773
0
42140
646778
3731
199307
645551
132587
301701
219703
181526
6873
192947
130373
360518
36235
593660
132529
76379
505074
283176
15345
110486
555995
64734
362203
180559
690838
80435
126953
74080
246681
410676
115908
152371
53108
808340
231572
97790
143302
65845
378107
4685
299249
15199
218897
320514
440080
215379
101283
124169
202417
91339
393306
422311
132498
34471
247
302728
125023
215764
95756
448924
114823
47224
105679
560711
160273
164704
311966
397583
540952
14340
152733
0
6008
224339
431031
0
187451
16367
395470
506511
57565
124863
192952
302728
452385
34231
135360
74893
597300
164704
119306
951123
609632
10296
0
205505
490104
362178
620813
270655
571430
653323
28903
164704
481022
813514
213403
105679
559636
720374
204541
339594
581994
908189
126564
254894
194243
694890
568267
167855
646778
243763
6782
375392
29673
69706
399540
347319
421542
224181
334872
187451
125115
190460
576385
351848
474262
59305
250624
0
49227
143820
60465
6963
73365
83235
345721
165295
312745
289885
361624
20375
95700
391478
179903
587366
352566
215115
682323
83235
137279
456090
105840
111078
589232
39114
77284
346249
818850
156791
53454
128925
92327
354554
711
43373
42285
473533
173683
14642
0
581942
822122
184330
383082
3644
797
14930
445758
37132
626063
174574
0
616634
319336
193262
495890
251866
135781
695611
563823
230770
127376
192592
16367
108210
328090
30550
302104
118599
210850
427752
312745
182853
45919
3363
281674
43090
172975
313340
125895
27325
15993
49859
19183
134569
176508
746131
231482
11111
183718
553930
158117
167264
556100
65216
82275
353399
1644
479672
244559
71739
676451
262834
0
100862
64667
70013
45735
433072
259513
520774
479477
288566
395470
237642
185442
27385
261045
616382
145834
2841
84409
13865
577194
80994
288787
505335
19844
72424
2607
64688
225014
136246
283882
264913
154391
60230
314486
247430
19004
16367
174282
311966
182049
164195
18627
303434
377959
53808
111563
52683
0
542501
31559
305153
302619
186650
16629
166720
384900
320328
164630
60465
148337
63621
384307
670728
495033
98533
436632
540261
172823
258498
544335
361624
699521
164036
23816
215732
186878
108204
708389
258778
129558
205825
114678
74235
577293
77470
4325
160028
61239
729144
55876
756285
159538
114189
575040
283209
95752
66882
684327
260231
444947
158117
299679
681536
13865
568267
117295
101017
419019
10569
412134
96750
115977
335465
427333
76645
8617
288029
32208
292805
601968
143654
276187
15993
51824
138584
530253
13389
572269
55560
732486
313340
70501
245730
251506
406958
187352
879891
66064
236221
18706
81070
303898
742025
100921
126095
285485
297546
1385
31729
528402
66934
675756
27325
475106
91521
479371
748277
843935
31514
114823
6043
116488
172618
725519
31566
32978
466507
121796
434842
101083
173420
71448
456090
184659
105666
289397
537249
108824
700920
461336
351848
317087
335465
122676
87613
241246
112558
665177
656817
203818
0
37531
51459
15808
347894
79717
157778
284958
133380
448924
13865
428907
128925
233925
0
212095
71739
157778
302619
490221
59005
94213
293433
93039
348105
85802
315699
369055
16619
620409
65157
43667
694890
297546
608859
158131
633001
270239
704442
285384
328090
11506
74063
414467
13043
0
87613
101017
78721
112058
120142
196880
134569
129622
157484
125007
466507
5705
341733
384636
98773
359003
250583
225520
699521
48115
349945
625164
15043
239839
103524
491735
306202
156133
25529
80250
124551
16629
354554
454939
146658
646508
30812
505335
34505
521636
50570
39114
32929
539346
224307
256573
96750
149206
454766
76379
224181
10569
99219
579357
83485
537501
71958
548005
722404
217334
12314
266314
146625
363418
174904
6653
355025
10983
32978
139114
12972
236371
471252
602989
0
489000
0
14906
263138
224307
32371
29832
68623
47374
97181
628419
121796
177854
63998
143345
250758
62169
341997
503613
730944
865106
47254
696936
128446
94303
73365
51824
431031
244865
162996
196428
428999
544676
15199
16031
508040
587876
13865
109467
32224
37508
395767
4613
379959
204248
176508
132842
360518
439044
588219
448938
258688
66778
246946
89532
83383
14476
551900
34962
81565
217949
87943
74445
15043
474291
577194
734972
268910
596811
685215
80561
11803
346395
196368
27325
54182
239811
80435
392436
443675
156834
255741
528161
25529
471569
290063
429112
42285
329098
8239
84489
251927
128610
17732
896807
335455
246681
0
45386
281601
48115
13865
389223
332067
202347
0
83485
56998
483795
142417
323809
409107
32175
389223
168210
418112
108204
34041
84520
965770
254894
259252
263138
60835
45508
493236
103126
216857
823336
71206
56150
31004
91339
164704
153301
465502
419019
283912
337118
283701
243494
412047
83045
352566
111820
58864
477595
230041
507945
79133
490653
571845
65857
120140
805059
104599
88564
636431
11031
336785
0
56998
147304
128610
253620
631581
252353
34231
31566
189388
724
90448
30618
48610
174124
90823
169176
527527
82885
406958
34143
206741
393306
79133
708225
471569
267620
160028
412655
174289
348005
212938
253153
352570
870035
521304
23545
208071
657559
132842
32568
40661
788299
99636
253620
579779
37531
