161821
169076
671681
642013
111712
87700
39281
219512
105848
179603
199334
277814
198498
198725
667537
232701
457626
390619
10568
41741
260001
200998
140282
144636
413881
709803
707522
419190
682933
94944
43305
12984
2368
7216
30803
244018
210911
91940
4712
4380
591611
319038
88195
31024
244540
67632
36885
299518
261321
243488
180342
468083
288993
279514
34755
21382
332797
307162
494970
7241
300437
27423
748304
134275
50700
575874
318132
839426
720733
106819
355215
145974
137336
442302
333888
579079
485673
39583
436431
435741
107955
5847
362235
127292
52518
4423
181728
314003
39608
27214
593177
167044
333602
50700
9025
34678
174923
71562
31866
71351
136213
357683
45874
52545
141069
268964
60664
164992
483074
621232
8083
481115
189550
226152
489761
682829
497071
667610
210663
383435
147021
15383
654263
35264
492153
479592
91500
104500
12231
681420
243179
42252
237024
454455
78697
23210
98200
14055
278515
121285
210319
70459
30953
299017
295953
243815
324014
20992
593044
507121
261806
225620
270148
28585
253201
510066
136150
19079
216085
138107
773773
61972
438912
188575
114520
766035
174281
87759
70647
15896
212517
114078
547594
105685
648213
187917
144739
214522
53919
44491
282932
144171
666464
97661
448505
122516
623754
34760
134985
460770
243903
1141
140618
123120
371390
324790
323769
404819
290007
313091
590487
296176
58531
24427
560265
5942
41206
58319
1006
92883
496197
174718
99122
863339
44298
366100
133413
275306
281016
20087
344201
345457
67837
350251
459377
254046
60111
215565
284913
315029
453317
53543
438377
297162
22046
229950
779770
788508
31185
23317
10901
40586
164007
236318
167896
27614
247560
888494
13441
659257
322023
193065
184168
49919
859989
214055
89082
675043
105349
103494
801066
166023
114415
59020
160844
113142
9032
149555
189205
1098
21647
64596
373035
156716
114840
14416
408503
96943
353311
220098
177293
169096
441664
415437
107505
49437
779760
115125
749857
438405
119461
12751
116734
161418
142120
142922
29224
54213
282337
538132
709087
528362
45643
477495
207475
317042
299814
120855
65511
22689
662077
52676
91775
833831
423444
90591
929509
33274
300872
109414
84676
227881
96135
58363
117351
114808
150806
186274
794496
18667
296551
260280
165269
519176
12781
203980
845380
270420
370434
116065
100230
226995
608148
574994
188347
825921
301836
128253
625048
303872
477751
325086
57715
385062
322404
205591
393978
298970
363386
358055
263161
340293
567429
230076
172350
22149
134645
508070
597538
31211
54345
474179
721293
264344
34918
449650
139589
32336
96152
657784
279932
338440
195459
583591
462638
182298
182648
47747
243942
48175
909
128698
85622
58394
897361
123523
581630
784191
22386
705343
91101
418770
19218
232749
604090
530122
486121
3600
296606
659274
72445
189099
259161
296084
136251
320665
138748
257204
66202
3854
471659
330963
333889
344924
656970
301982
66491
495225
516654
503107
80450
190880
323637
113500
40299
487303
1328
123329
107380
17691
893670
84685
320843
106802
57878
225
4593
246688
69727
150379
7981
626252
240552
43878
34518
38464
280314
66361
12115
8256
48122
196115
355366
594995
149566
269835
53015
337146
176545
414105
312706
139271
117928
135663
63035
22512
144244
67164
1017
181899
8087
94325
408301
136602
437602
8931
637409
490908
125917
375958
616598
1611
103984
701503
280211
460930
560634
11876
891243
289137
40379
390664
21607
164588
143841
57017
208027
475120
338337
301765
65873
99815
21480
584145
231188
138650
375362
85032
21753
229233
17251
103808
727741
205180
195892
362858
850143
88545
246375
146122
730574
723077
145463
413475
178343
696739
319199
13724
19356
28626
114651
514039
645866
92974
12366
443001
51071
45240
240164
55364
142365
208326
2378
471592
122029
181542
18271
201463
308987
148048
431638
86319
356951
247141
746535
165420
99208
82153
310952
284108
45155
201515
84569
53603
203213
138978
325223
199619
9367
450945
261834
518373
549865
326240
200209
119865
107103
52773
311295
107090
40846
578666
331675
79896
203270
25821
128678
577488
63103
1544
161357
409726
446887
333568
577206
295369
4729
139970
198084
265411
340484
291198
249578
90739
232632
137727
216059
1936
182542
14693
46040
50184
12369
421259
53337
622800
240284
383398
87061
21188
471761
53435
494110
53462
402815
69058
397171
85433
73917
254391
311201
40394
379289
95717
275290
190976
352507
181583
423168
338949
41684
128284
376035
424751
52246
140769
13783
103556
37576
53454
555274
29946
111772
136188
275873
638793
139634
367264
33044
10310
86024
44262
776835
600658
76162
591178
13683
349438
110265
607988
598479
329784
64863
282090
694221
305127
73653
18621
87643
487973
90259
318161
6689
345052
798625
32158
269200
115561
81088
612339
69529
12878
74039
171761
467436
42876
205668
165328
176178
816555
7442
37742
384094
94128
417176
103230
38349
484517
219593
134752
253605
397641
239412
103684
160863
53072
282219
679859
181782
300913
497970
9160
7758
12838
259874
87355
51239
789224
232453
527203
214348
231315
206177
183215
499401
199798
188924
3710
396873
344423
31721
46023
74636
671007
342452
190196
55172
281894
135381
71169
1726
356214
191326
113167
70185
249634
75884
63582
197649
10860
25231
29357
550696
8852
126308
825973
530033
99121
27270
30423
53134
96997
224778
116110
185829
476097
232208
144339
130087
652042
38159
483414
11816
43244
641810
45310
65267
66239
60214
395382
68447
325153
674869
49994
214762
148890
225116
48127
168430
686680
139363
347425
363002
414550
213729
220476
268579
20296
20023
171372
62984
142782
632465
172893
17894
45366
706461
601729
171465
121358
46283
147208
136645
27572
547254
445472
52583
50077
151411
383802
47553
333510
311728
4270
32815
326228
130948
37051
493341
43347
131833
121961
44217
104279
58102
4241
2877
96605
29475
376516
79838
545275
315082
236641
42248
91812
330162
624989
544628
22715
6065
667392
430005
267330
552422
707221
603401
277895
419343
71292
448009
89435
364027
2261
724893
20190
279432
286878
25972
241633
42393
89730
41006
607163
292233
171169
296634
731745
217185
152800
298898
632688
7778
19706
160776
163428
532537
217426
74233
499068
198277
67062
2638
560943
50630
283057
484613
126785
557856
775227
42265
547283
417049
185381
38666
658516
200761
22117
27183
433311
763440
222470
385224
371787
82549
265241
15783
252383
177151
122229
2853
147865
103091
41639
207884
87682
116777
247292
10405
36411
40377
12844
540037
367977
59787
145854
157263
465580
664188
701761
260766
188110
71755
256278
148375
158894
124756
114031
199411
122807
8706
591561
287817
13372
217299
97358
264668
75824
538193
16358
896629
31015
192032
318225
103038
32
99753
132247
70144
161331
314618
754228
297580
431888
613772
107184
255171
312214
627969
411382
