50 1000 2500 1000
1 1 12
1 14 27
1 29 36
1 38 43
1 45 54
1 56 67
1 69 76
1 78 83
1 85 98
1 100 105
1 107 118
1 120 121
1 123 134
1 136 145
1 147 154
1 156 173
1 175 184
1 186 193
1 195 202
1 204 207
1 209 224
1 226 235
1 237 244
1 246 263
1 265 266
1 268 287
1 289 290
1 292 301
1 303 310
1 312 321
1 323 330
1 332 345
1 347 364
1 366 375
1 377 380
1 382 393
1 395 406
1 408 425
1 427 438
1 440 453
1 455 456
1 458 475
1 477 478
1 480 489
1 491 496
1 498 509
1 511 514
1 516 523
1 525 526
1 528 539
2 1 6
2 8 13
2 15 22
2 24 41
2 43 52
2 54 67
2 69 86
2 88 101
2 103 108
2 110 123
2 125 134
2 136 145
2 147 162
2 164 173
2 175 192
2 194 209
2 211 224
2 226 233
2 235 254
2 256 263
2 265 272
2 274 293
2 295 312
2 314 329
2 331 344
2 346 355
2 357 368
2 370 373
2 375 380
2 382 395
2 397 416
2 418 423
2 425 432
2 434 453
2 455 462
2 464 481
2 483 502
2 504 505
2 507 512
2 514 517
2 519 530
2 532 549
2 551 552
2 554 559
2 561 562
2 564 571
2 573 582
2 584 587
2 589 604
2 606 617
3 1 6
3 8 15
3 17 30
3 32 47
3 49 50
3 52 61
3 63 78
3 80 97
3 99 104
3 106 115
3 117 120
3 122 123
3 125 144
3 146 163
3 165 178
3 180 185
3 187 194
3 196 207
3 209 216
3 218 231
3 233 246
3 248 263
3 265 268
3 270 277
3 279 290
3 292 301
3 303 312
3 314 319
3 321 336
3 338 349
3 351 362
3 364 377
3 379 380
3 382 399
3 401 414
3 416 427
3 429 438
3 440 447
3 449 450
3 452 469
3 471 480
3 482 495
3 497 498
3 500 511
3 513 530
3 532 543
3 545 550
3 552 561
3 563 580
3 582 595
4 1 18
4 20 23
4 25 44
4 46 59
4 61 78
4 80 91
4 93 98
4 100 113
4 115 124
4 126 129
4 131 138
4 140 155
4 157 174
4 176 187
4 189 192
4 194 205
4 207 212
4 214 225
4 227 240
4 242 255
4 257 268
4 270 289
4 291 296
4 298 307
4 309 326
4 328 347
4 349 366
4 368 383
4 385 396
4 398 409
4 411 414
4 416 433
4 435 446
4 448 455
4 457 476
4 478 493
4 495 502
4 504 521
4 523 542
4 544 553
4 555 568
4 570 587
4 589 600
4 602 609
4 611 614
4 616 631
4 633 646
4 648 663
4 665 682
4 684 693
5 1 2
5 4 11
5 13 28
5 30 35
5 37 46
5 48 53
5 55 60
5 62 65
5 67 80
5 82 85
5 87 94
5 96 109
5 111 114
5 116 135
5 137 140
5 142 159
5 161 168
5 170 179
5 181 186
5 188 197
5 199 202
5 204 213
5 215 218
5 220 231
5 233 248
5 250 255
5 257 262
5 264 283
5 285 300
5 302 305
5 307 312
5 314 333
5 335 348
5 350 367
5 369 384
5 386 393
5 395 406
5 408 427
5 429 432
5 434 445
5 447 454
5 456 471
5 473 474
5 476 491
5 493 500
5 502 503
5 505 510
5 512 521
5 523 526
5 528 537
6 1 14
6 16 27
6 29 46
6 48 57
6 59 74
6 76 83
6 85 86
6 88 93
6 95 110
6 112 129
6 131 142
6 144 155
6 157 160
6 162 181
6 183 200
6 202 205
6 207 220
6 222 225
6 227 228
6 230 247
6 249 254
6 256 259
6 261 278
6 280 289
6 291 298
6 300 319
6 321 338
6 340 349
6 351 360
6 362 363
6 365 370
6 372 383
6 385 392
6 394 411
6 413 422
6 424 435
6 437 448
6 450 455
6 457 470
6 472 475
6 477 486
6 488 489
6 491 500
6 502 513
6 515 524
6 526 543
6 545 552
6 554 561
6 563 576
6 578 581
7 1 12
7 14 33
7 35 42
7 44 55
7 57 58
7 60 65
7 67 86
7 88 91
7 93 100
7 102 103
7 105 106
7 108 109
7 111 120
7 122 125
7 127 128
7 130 139
7 141 144
7 146 149
7 151 154
7 156 161
7 163 182
7 184 203
7 205 210
7 212 219
7 221 232
7 234 245
7 247 260
7 262 263
7 265 278
7 280 291
7 293 294
7 296 311
7 313 328
7 330 345
7 347 364
7 366 375
7 377 394
7 396 407
7 409 426
7 428 437
7 439 440
7 442 461
7 463 472
7 474 475
7 477 480
7 482 485
7 487 496
7 498 499
7 501 504
7 506 521
8 1 12
8 14 19
8 21 28
8 30 35
8 37 40
8 42 47
8 49 52
8 54 55
8 57 72
8 74 87
8 89 104
8 106 115
8 117 130
8 132 137
8 139 144
8 146 149
8 151 158
8 160 163
8 165 172
8 174 189
8 191 208
8 210 217
8 219 222
8 224 233
8 235 236
8 238 249
8 251 258
8 260 269
8 271 276
8 278 295
8 297 310
8 312 327
8 329 342
8 344 359
8 361 362
8 364 371
8 373 380
8 382 395
8 397 412
8 414 429
8 431 448
8 450 461
8 463 478
8 480 499
8 501 506
8 508 515
8 517 532
8 534 553
8 555 564
8 566 579
9 1 16
9 18 21
9 23 26
9 28 29
9 31 44
9 46 49
9 51 58
9 60 67
9 69 76
9 78 95
9 97 114
9 116 127
9 129 138
9 140 155
9 157 162
9 164 169
9 171 180
9 182 185
9 187 194
9 196 203
9 205 224
9 226 243
9 245 246
9 248 249
9 251 268
9 270 277
9 279 282
9 284 301
9 303 322
9 324 333
9 335 354
9 356 359
9 361 368
9 370 385
9 387 392
9 394 411
9 413 416
9 418 423
9 425 436
9 438 439
9 441 460
9 462 463
9 465 478
9 480 481
9 483 492
9 494 505
9 507 526
9 528 541
9 543 558
9 560 571
10 1 12
10 14 15
10 17 26
10 28 33
10 35 40
10 42 47
10 49 68
10 70 81
10 83 94
10 96 99
10 101 114
10 116 133
10 135 146
10 148 159
10 161 178
10 180 189
10 191 194
10 196 199
10 201 216
10 218 223
10 225 240
10 242 257
10 259 276
10 278 293
10 295 310
10 312 329
10 331 340
10 342 357
10 359 362
10 364 373
10 375 378
10 380 395
10 397 408
10 410 425
10 427 436
10 438 439
10 441 460
10 462 473
10 475 494
10 496 507
10 509 518
10 520 531
10 533 542
10 544 553
10 555 572
10 574 579
10 581 596
10 598 599
10 601 610
10 612 613
11 1 6
11 8 23
11 25 34
11 36 49
11 51 62
11 64 71
11 73 86
11 88 91
11 93 98
11 100 113
11 115 128
11 130 133
11 135 136
11 138 143
11 145 154
11 156 159
11 161 180
11 182 187
11 189 192
11 194 211
11 213 216
11 218 221
11 223 240
11 242 257
11 259 264
11 266 279
11 281 298
11 300 309
11 311 320
11 322 337
11 339 354
11 356 365
11 367 376
11 378 395
11 397 412
11 414 429
11 431 438
11 440 455
11 457 462
11 464 477
11 479 488
11 490 493
11 495 504
11 506 523
11 525 542
11 544 559
11 561 570
11 572 587
11 589 598
11 600 617
12 1 20
12 22 37
12 39 42
12 44 45
12 47 64
12 66 75
12 77 84
12 86 99
12 101 118
12 120 121
12 123 136
12 138 147
12 149 156
12 158 173
12 175 182
12 184 201
12 203 216
12 218 225
12 227 244
12 246 247
12 249 256
12 258 259
12 261 266
12 268 277
12 279 292
12 294 305
12 307 314
12 316 317
12 319 320
12 322 325
12 327 334
12 336 351
12 353 362
12 364 373
12 375 384
12 386 403
12 405 416
12 418 419
12 421 432
12 434 437
12 439 458
12 460 479
12 481 486
12 488 499
12 501 510
12 512 519
12 521 528
12 530 543
12 545 556
12 558 561
13 1 14
13 16 25
13 27 42
13 44 57
13 59 64
13 66 81
13 83 92
13 94 101
13 103 120
13 122 133
13 135 150
13 152 169
13 171 182
13 184 193
13 195 200
13 202 209
13 211 224
13 226 241
13 243 248
13 250 255
13 257 262
13 264 277
13 279 280
13 282 283
13 285 304
13 306 321
13 323 336
13 338 353
13 355 358
13 360 361
13 363 364
13 366 379
13 381 398
13 400 409
13 411 416
13 418 429
13 431 444
13 446 461
13 463 480
13 482 483
13 485 486
13 488 493
13 495 512
13 514 529
13 531 548
13 550 557
13 559 570
13 572 575
13 577 584
13 586 587
14 1 18
14 20 25
14 27 32
14 34 35
14 37 52
14 54 63
14 65 66
14 68 71
14 73 74
14 76 77
14 79 86
14 88 103
14 105 112
14 114 125
14 127 130
14 132 133
14 135 142
14 144 147
14 149 152
14 154 165
14 167 184
14 186 199
14 201 212
14 214 215
14 217 224
14 226 227
14 229 246
14 248 265
14 267 282
14 284 301
14 303 318
14 320 321
14 323 334
14 336 349
14 351 358
14 360 367
14 369 376
14 378 379
14 381 388
14 390 395
14 397 414
14 416 431
14 433 446
14 448 461
14 463 478
14 480 495
14 497 514
14 516 519
14 521 522
14 524 537
15 1 2
15 4 17
15 19 24
15 26 43
15 45 52
15 54 55
15 57 74
15 76 83
15 85 92
15 94 99
15 101 108
15 110 115
15 117 126
15 128 147
15 149 160
15 162 171
15 173 178
15 180 191
15 193 194
15 196 201
15 203 206
15 208 215
15 217 234
15 236 255
15 257 266
15 268 269
15 271 288
15 290 307
15 309 322
15 324 335
15 337 350
15 352 361
15 363 366
15 368 369
15 371 380
15 382 385
15 387 398
15 400 417
15 419 428
15 430 443
15 445 456
15 458 475
15 477 480
15 482 491
15 493 498
15 500 505
15 507 518
15 520 531
15 533 542
15 544 561
16 1 4
16 6 25
16 27 34
16 36 51
16 53 60
16 62 71
16 73 80
16 82 91
16 93 104
16 106 119
16 121 138
16 140 149
16 151 162
16 164 169
16 171 186
16 188 193
16 195 202
16 204 215
16 217 222
16 224 237
16 239 256
16 258 267
16 269 274
16 276 281
16 283 294
16 296 299
16 301 306
16 308 317
16 319 330
16 332 347
16 349 350
16 352 369
16 371 378
16 380 393
16 395 406
16 408 427
16 429 430
16 432 439
16 441 442
16 444 463
16 465 478
16 480 495
16 497 502
16 504 521
16 523 532
16 534 539
16 541 552
16 554 557
16 559 574
16 576 577
17 1 4
17 6 7
17 9 14
17 16 29
17 31 50
17 52 65
17 67 68
17 70 71
17 73 84
17 86 101
17 103 104
17 106 107
17 109 126
17 128 137
17 139 140
17 142 157
17 159 162
17 164 183
17 185 194
17 196 201
17 203 218
17 220 221
17 223 232
17 234 251
17 253 266
17 268 269
17 271 272
17 274 285
17 287 294
17 296 299
17 301 304
17 306 313
17 315 318
17 320 337
17 339 356
17 358 373
17 375 392
17 394 405
17 407 422
17 424 431
17 433 448
17 450 459
17 461 466
17 468 485
17 487 498
17 500 501
17 503 514
17 516 523
17 525 532
17 534 547
18 1 14
18 16 29
18 31 36
18 38 55
18 57 66
18 68 77
18 79 84
18 86 93
18 95 112
18 114 119
18 121 126
18 128 137
18 139 158
18 160 165
18 167 180
18 182 191
18 193 206
18 208 211
18 213 228
18 230 237
18 239 242
18 244 255
18 257 270
18 272 289
18 291 296
18 298 303
18 305 306
18 308 315
18 317 332
18 334 351
18 353 368
18 370 375
18 377 384
18 386 395
18 397 402
18 404 407
18 409 416
18 418 421
18 423 434
18 436 449
18 451 462
18 464 465
18 467 468
18 470 485
18 487 494
18 496 505
18 507 520
18 522 535
18 537 548
18 550 565
19 1 14
19 16 23
19 25 26
19 28 47
19 49 60
19 62 71
19 73 86
19 88 89
19 91 92
19 94 107
19 109 126
19 128 137
19 139 150
19 152 167
19 169 186
19 188 207
19 209 220
19 222 239
19 241 252
19 254 257
19 259 260
19 262 281
19 283 298
19 300 313
19 315 320
19 322 337
19 339 344
19 346 361
19 363 380
19 382 383
19 385 402
19 404 409
19 411 420
19 422 427
19 429 432
19 434 445
19 447 450
19 452 465
19 467 474
19 476 489
19 491 508
19 510 513
19 515 528
19 530 531
19 533 544
19 546 547
19 549 554
19 556 567
19 569 578
19 580 593
20 1 20
20 22 35
20 37 52
20 54 57
20 59 70
20 72 79
20 81 98
20 100 105
20 107 124
20 126 137
20 139 152
20 154 159
20 161 178
20 180 199
20 201 202
20 204 209
20 211 220
20 222 231
20 233 242
20 244 251
20 253 256
20 258 263
20 265 278
20 280 295
20 297 306
20 308 311
20 313 316
20 318 333
20 335 352
20 354 367
20 369 386
20 388 395
20 397 416
20 418 427
20 429 432
20 434 439
20 441 458
20 460 477
20 479 492
20 494 499
20 501 520
20 522 531
20 533 548
20 550 559
20 561 566
20 568 571
20 573 590
20 592 603
20 605 610
20 612 629
21 1 4
21 6 23
21 25 38
21 40 51
21 53 54
21 56 69
21 71 72
21 74 91
21 93 108
21 110 117
21 119 134
21 136 149
21 151 162
21 164 173
21 175 184
21 186 205
21 207 218
21 220 239
21 241 260
21 262 271
21 273 292
21 294 313
21 315 330
21 332 345
21 347 350
21 352 355
21 357 366
21 368 379
21 381 398
21 400 417
21 419 420
21 422 439
21 441 442
21 444 453
21 455 468
21 470 479
21 481 486
21 488 497
21 499 510
21 512 515
21 517 530
21 532 551
21 553 558
21 560 567
21 569 578
21 580 587
21 589 594
21 596 615
21 617 624
21 626 637
22 1 14
22 16 19
22 21 32
22 34 39
22 41 42
22 44 59
22 61 68
22 70 73
22 75 76
22 78 91
22 93 106
22 108 119
22 121 140
22 142 159
22 161 166
22 168 179
22 181 184
22 186 199
22 201 210
22 212 215
22 217 224
22 226 233
22 235 242
22 244 257
22 259 272
22 274 289
22 291 296
22 298 315
22 317 328
22 330 335
22 337 342
22 344 349
22 351 362
22 364 381
22 383 402
22 404 405
22 407 426
22 428 443
22 445 460
22 462 475
22 477 480
22 482 483
22 485 490
22 492 499
22 501 512
22 514 523
22 525 544
22 546 547
22 549 552
22 554 573
23 1 4
23 6 11
23 13 18
23 20 39
23 41 50
23 52 71
23 73 74
23 76 95
23 97 104
23 106 117
23 119 134
23 136 151
23 153 172
23 174 187
23 189 202
23 204 205
23 207 214
23 216 229
23 231 234
23 236 255
23 257 270
23 272 291
23 293 298
23 300 303
23 305 322
23 324 325
23 327 344
23 346 359
23 361 370
23 372 391
23 393 402
23 404 417
23 419 424
23 426 427
23 429 438
23 440 455
23 457 474
23 476 485
23 487 496
23 498 513
23 515 530
23 532 539
23 541 558
23 560 571
23 573 580
23 582 599
23 601 610
23 612 617
23 619 624
23 626 633
24 1 4
24 6 19
24 21 38
24 40 57
24 59 66
24 68 85
24 87 94
24 96 97
24 99 118
24 120 125
24 127 132
24 134 145
24 147 152
24 154 165
24 167 178
24 180 183
24 185 194
24 196 201
24 203 206
24 208 209
24 211 212
24 214 221
24 223 234
24 236 247
24 249 258
24 260 261
24 263 268
24 270 285
24 287 302
24 304 311
24 313 328
24 330 335
24 337 348
24 350 351
24 353 362
24 364 371
24 373 382
24 384 393
24 395 412
24 414 431
24 433 450
24 452 465
24 467 478
24 480 481
24 483 486
24 488 501
24 503 520
24 522 523
24 525 534
24 536 537
25 1 14
25 16 27
25 29 36
25 38 41
25 43 54
25 56 63
25 65 84
25 86 95
25 97 110
25 112 125
25 127 144
25 146 153
25 155 172
25 174 191
25 193 204
25 206 225
25 227 234
25 236 237
25 239 248
25 250 255
25 257 264
25 266 279
25 281 298
25 300 307
25 309 318
25 320 329
25 331 336
25 338 339
25 341 352
25 354 367
25 369 372
25 374 377
25 379 396
25 398 399
25 401 416
25 418 431
25 433 442
25 444 451
25 453 468
25 470 475
25 477 478
25 480 491
25 493 502
25 504 519
25 521 528
25 530 533
25 535 546
25 548 563
25 565 582
25 584 601
26 1 20
26 22 27
26 29 48
26 50 53
26 55 60
26 62 63
26 65 66
26 68 85
26 87 88
26 90 101
26 103 116
26 118 121
26 123 128
26 130 149
26 151 152
26 154 169
26 171 182
26 184 195
26 197 202
26 204 207
26 209 218
26 220 235
26 237 252
26 254 267
26 269 280
26 282 283
26 285 290
26 292 299
26 301 308
26 310 315
26 317 322
26 324 325
26 327 334
26 336 343
26 345 348
26 350 365
26 367 384
26 386 397
26 399 406
26 408 411
26 413 414
26 416 423
26 425 428
26 430 445
26 447 450
26 452 459
26 461 476
26 478 481
26 483 488
26 490 503
27 1 2
27 4 5
27 7 10
27 12 27
27 29 38
27 40 43
27 45 58
27 60 61
27 63 78
27 80 99
27 101 116
27 118 135
27 137 152
27 154 159
27 161 178
27 180 187
27 189 196
27 198 211
27 213 232
27 234 247
27 249 252
27 254 267
27 269 280
27 282 283
27 285 296
27 298 313
27 315 316
27 318 335
27 337 350
27 352 365
27 367 372
27 374 387
27 389 396
27 398 403
27 405 414
27 416 423
27 425 430
27 432 445
27 447 452
27 454 467
27 469 474
27 476 477
27 479 486
27 488 503
27 505 516
27 518 533
27 535 546
27 548 563
27 565 574
27 576 577
28 1 4
28 6 19
28 21 22
28 24 27
28 29 46
28 48 53
28 55 64
28 66 79
28 81 98
28 100 113
28 115 132
28 134 135
28 137 138
28 140 157
28 159 166
28 168 175
28 177 178
28 180 183
28 185 192
28 194 201
28 203 216
28 218 235
28 237 246
28 248 261
28 263 272
28 274 279
28 281 282
28 284 289
28 291 294
28 296 311
28 313 324
28 326 335
28 337 342
28 344 355
28 357 364
28 366 373
28 375 376
28 378 381
28 383 386
28 388 391
28 393 408
28 410 423
28 425 436
28 438 447
28 449 450
28 452 465
28 467 478
28 480 487
28 489 498
28 500 501
29 1 4
29 6 17
29 19 24
29 26 33
29 35 40
29 42 47
29 49 58
29 60 61
29 63 68
29 70 79
29 81 86
29 88 93
29 95 96
29 98 115
29 117 132
29 134 141
29 143 148
29 150 169
29 171 180
29 182 185
29 187 200
29 202 215
29 217 236
29 238 247
29 249 252
29 254 255
29 257 272
29 274 287
29 289 306
29 308 323
29 325 334
29 336 339
29 341 352
29 354 371
29 373 378
29 380 387
29 389 404
29 406 417
29 419 420
29 422 429
29 431 438
29 440 455
29 457 474
29 476 481
29 483 488
29 490 509
29 511 518
29 520 533
29 535 552
29 554 555
30 1 12
30 14 15
30 17 26
30 28 31
30 33 48
30 50 51
30 53 70
30 72 79
30 81 88
30 90 95
30 97 114
30 116 123
30 125 126
30 128 129
30 131 144
30 146 155
30 157 164
30 166 177
30 179 194
30 196 201
30 203 218
30 220 227
30 229 246
30 248 261
30 263 270
30 272 285
30 287 298
30 300 303
30 305 320
30 322 329
30 331 350
30 352 367
30 369 380
30 382 395
30 397 404
30 406 409
30 411 414
30 416 417
30 419 430
30 432 441
30 443 458
30 460 467
30 469 484
30 486 497
30 499 500
30 502 509
30 511 522
30 524 525
30 527 532
30 534 541
31 1 16
31 18 25
31 27 38
31 40 57
31 59 74
31 76 89
31 91 94
31 96 103
31 105 114
31 116 119
31 121 124
31 126 143
31 145 152
31 154 161
31 163 168
31 170 175
31 177 178
31 180 181
31 183 198
31 200 203
31 205 214
31 216 221
31 223 240
31 242 257
31 259 266
31 268 283
31 285 302
31 304 319
31 321 330
31 332 343
31 345 346
31 348 351
31 353 368
31 370 373
31 375 388
31 390 401
31 403 416
31 418 431
31 433 434
31 436 437
31 439 448
31 450 463
31 465 482
31 484 487
31 489 500
31 502 517
31 519 532
31 534 547
31 549 554
31 556 571
32 1 18
32 20 39
32 41 58
32 60 77
32 79 98
32 100 113
32 115 128
32 130 141
32 143 158
32 160 167
32 169 176
32 178 179
32 181 184
32 186 201
32 203 218
32 220 235
32 237 252
32 254 259
32 261 278
32 280 297
32 299 312
32 314 319
32 321 336
32 338 341
32 343 354
32 356 371
32 373 378
32 380 385
32 387 394
32 396 397
32 399 408
32 410 419
32 421 424
32 426 431
32 433 442
32 444 457
32 459 468
32 470 483
32 485 498
32 500 507
32 509 516
32 518 519
32 521 534
32 536 549
32 551 558
32 560 567
32 569 588
32 590 607
32 609 610
32 612 619
33 1 14
33 16 29
33 31 50
33 52 71
33 73 76
33 78 81
33 83 98
33 100 103
33 105 112
33 114 129
33 131 138
33 140 151
33 153 154
33 156 157
33 159 166
33 168 169
33 171 176
33 178 191
33 193 202
33 204 213
33 215 220
33 222 241
33 243 254
33 256 257
33 259 274
33 276 291
33 293 300
33 302 313
33 315 330
33 332 347
33 349 356
33 358 373
33 375 384
33 386 395
33 397 412
33 414 423
33 425 428
33 430 435
33 437 438
33 440 443
33 445 464
33 466 479
33 481 490
33 492 509
33 511 528
33 530 533
33 535 552
33 554 565
33 567 584
33 586 587
34 1 4
34 6 19
34 21 22
34 24 29
34 31 40
34 42 57
34 59 66
34 68 71
34 73 74
34 76 77
34 79 92
34 94 103
34 105 114
34 116 117
34 119 120
34 122 133
34 135 152
34 154 161
34 163 168
34 170 171
34 173 188
34 190 191
34 193 202
34 204 219
34 221 232
34 234 251
34 253 260
34 262 269
34 271 272
34 274 283
34 285 288
34 290 301
34 303 312
34 314 321
34 323 342
34 344 359
34 361 374
34 376 383
34 385 388
34 390 395
34 397 402
34 404 409
34 411 418
34 420 431
34 433 450
34 452 465
34 467 482
34 484 497
34 499 514
34 516 517
35 1 14
35 16 33
35 35 36
35 38 53
35 55 68
35 70 71
35 73 74
35 76 83
35 85 96
35 98 113
35 115 118
35 120 133
35 135 150
35 152 161
35 163 172
35 174 189
35 191 208
35 210 221
35 223 240
35 242 243
35 245 260
35 262 269
35 271 286
35 288 289
35 291 308
35 310 315
35 317 328
35 330 347
35 349 352
35 354 371
35 373 380
35 382 383
35 385 398
35 400 415
35 417 420
35 422 433
35 435 446
35 448 461
35 463 474
35 476 477
35 479 498
35 500 515
35 517 532
35 534 547
35 549 564
35 566 583
35 585 594
35 596 611
35 613 624
35 626 645
36 1 14
36 16 21
36 23 38
36 40 47
36 49 66
36 68 77
36 79 82
36 84 89
36 91 98
36 100 103
36 105 124
36 126 131
36 133 140
36 142 155
36 157 162
36 164 169
36 171 180
36 182 193
36 195 204
36 206 211
36 213 222
36 224 227
36 229 236
36 238 241
36 243 254
36 256 265
36 267 278
36 280 293
36 295 308
36 310 317
36 319 330
36 332 343
36 345 348
36 350 355
36 357 360
36 362 367
36 369 380
36 382 385
36 387 388
36 390 391
36 393 400
36 402 419
36 421 430
36 432 437
36 439 446
36 448 467
36 469 476
36 478 479
36 481 496
36 498 513
37 1 8
37 10 11
37 13 20
37 22 37
37 39 56
37 58 73
37 75 90
37 92 111
37 113 118
37 120 121
37 123 128
37 130 147
37 149 158
37 160 167
37 169 182
37 184 193
37 195 198
37 200 201
37 203 220
37 222 231
37 233 234
37 236 255
37 257 266
37 268 271
37 273 288
37 290 299
37 301 314
37 316 321
37 323 332
37 334 339
37 341 358
37 360 361
37 363 378
37 380 397
37 399 410
37 412 417
37 419 432
37 434 451
37 453 468
37 470 473
37 475 488
37 490 507
37 509 524
37 526 541
37 543 546
37 548 559
37 561 564
37 566 573
37 575 590
37 592 601
38 1 14
38 16 17
38 19 36
38 38 49
38 51 68
38 70 85
38 87 102
38 104 109
38 111 122
38 124 133
38 135 154
38 156 169
38 171 190
38 192 197
38 199 214
38 216 233
38 235 252
38 254 263
38 265 274
38 276 291
38 293 296
38 298 313
38 315 332
38 334 335
38 337 340
38 342 361
38 363 370
38 372 377
38 379 394
38 396 411
38 413 428
38 430 441
38 443 456
38 458 471
38 473 476
38 478 491
38 493 508
38 510 523
38 525 528
38 530 539
38 541 542
38 544 551
38 553 572
38 574 577
38 579 588
38 590 599
38 601 606
38 608 627
38 629 636
38 638 651
39 1 14
39 16 27
39 29 38
39 40 43
39 45 48
39 50 51
39 53 64
39 66 83
39 85 100
39 102 115
39 117 128
39 130 131
39 133 148
39 150 151
39 153 164
39 166 175
39 177 188
39 190 201
39 203 222
39 224 237
39 239 242
39 244 247
39 249 260
39 262 267
39 269 288
39 290 309
39 311 326
39 328 331
39 333 334
39 336 347
39 349 356
39 358 371
39 373 376
39 378 385
39 387 400
39 402 405
39 407 414
39 416 433
39 435 436
39 438 439
39 441 458
39 460 473
39 475 478
39 480 485
39 487 502
39 504 505
39 507 516
39 518 527
39 529 538
39 540 541
40 1 6
40 8 9
40 11 22
40 24 39
40 41 50
40 52 65
40 67 82
40 84 95
40 97 100
40 102 121
40 123 136
40 138 151
40 153 158
40 160 161
40 163 168
40 170 185
40 187 194
40 196 213
40 215 230
40 232 235
40 237 242
40 244 257
40 259 274
40 276 285
40 287 290
40 292 311
40 313 332
40 334 335
40 337 342
40 344 357
40 359 364
40 366 383
40 385 388
40 390 395
40 397 402
40 404 419
40 421 434
40 436 441
40 443 454
40 456 465
40 467 480
40 482 487
40 489 506
40 508 521
40 523 538
40 540 543
40 545 560
40 562 567
40 569 572
40 574 575
41 1 10
41 12 29
41 31 46
41 48 55
41 57 72
41 74 87
41 89 102
41 104 111
41 113 128
41 130 145
41 147 152
41 154 157
41 159 168
41 170 183
41 185 200
41 202 215
41 217 224
41 226 233
41 235 246
41 248 253
41 255 260
41 262 277
41 279 298
41 300 317
41 319 334
41 336 353
41 355 364
41 366 375
41 377 382
41 384 385
41 387 402
41 404 419
41 421 422
41 424 425
41 427 428
41 430 435
41 437 444
41 446 453
41 455 458
41 460 479
41 481 488
41 490 503
41 505 510
41 512 523
41 525 526
41 528 535
41 537 546
41 548 557
41 559 572
41 574 591
42 1 16
42 18 27
42 29 36
42 38 45
42 47 56
42 58 59
42 61 74
42 76 87
42 89 102
42 104 115
42 117 122
42 124 125
42 127 144
42 146 153
42 155 168
42 170 183
42 185 188
42 190 209
42 211 222
42 224 237
42 239 250
42 252 265
42 267 274
42 276 283
42 285 302
42 304 311
42 313 316
42 318 319
42 321 326
42 328 345
42 347 350
42 352 363
42 365 374
42 376 379
42 381 400
42 402 411
42 413 424
42 426 441
42 443 460
42 462 463
42 465 472
42 474 475
42 477 478
42 480 491
42 493 494
42 496 507
42 509 522
42 524 543
42 545 546
42 548 555
43 1 10
43 12 17
43 19 32
43 34 35
43 37 44
43 46 49
43 51 54
43 56 63
43 65 68
43 70 87
43 89 106
43 108 119
43 121 138
43 140 153
43 155 166
43 168 181
43 183 192
43 194 199
43 201 210
43 212 213
43 215 232
43 234 251
43 253 266
43 268 279
43 281 282
43 284 297
43 299 312
43 314 321
43 323 324
43 326 337
43 339 342
43 344 349
43 351 358
43 360 361
43 363 378
43 380 391
43 393 404
43 406 407
43 409 422
43 424 439
43 441 450
43 452 463
43 465 466
43 468 483
43 485 488
43 490 497
43 499 514
43 516 517
43 519 524
43 526 541
44 1 8
44 10 23
44 25 26
44 28 37
44 39 48
44 50 51
44 53 58
44 60 73
44 75 90
44 92 95
44 97 112
44 114 119
44 121 126
44 128 139
44 141 144
44 146 159
44 161 168
44 170 173
44 175 182
44 184 193
44 195 196
44 198 207
44 209 216
44 218 221
44 223 224
44 226 241
44 243 254
44 256 267
44 269 274
44 276 289
44 291 296
44 298 313
44 315 334
44 336 341
44 343 350
44 352 361
44 363 374
44 376 385
44 387 406
44 408 425
44 427 440
44 442 449
44 451 458
44 460 461
44 463 464
44 466 471
44 473 488
44 490 507
44 509 514
44 516 529
45 1 2
45 4 19
45 21 34
45 36 45
45 47 58
45 60 65
45 67 78
45 80 97
45 99 100
45 102 119
45 121 138
45 140 147
45 149 156
45 158 173
45 175 180
45 182 197
45 199 214
45 216 219
45 221 224
45 226 231
45 233 244
45 246 255
45 257 272
45 274 279
45 281 290
45 292 301
45 303 306
45 308 323
45 325 330
45 332 345
45 347 350
45 352 359
45 361 378
45 380 397
45 399 416
45 418 435
45 437 454
45 456 473
45 475 488
45 490 509
45 511 514
45 516 531
45 533 542
45 544 553
45 555 566
45 568 575
45 577 594
45 596 605
45 607 614
45 616 625
46 1 2
46 4 9
46 11 12
46 14 23
46 25 36
46 38 43
46 45 58
46 60 67
46 69 78
46 80 81
46 83 84
46 86 97
46 99 116
46 118 131
46 133 138
46 140 159
46 161 168
46 170 179
46 181 198
46 200 205
46 207 214
46 216 225
46 227 228
46 230 243
46 245 248
46 250 255
46 257 274
46 276 289
46 291 306
46 308 325
46 327 328
46 330 333
46 335 352
46 354 357
46 359 370
46 372 387
46 389 390
46 392 407
46 409 412
46 414 423
46 425 430
46 432 439
46 441 444
46 446 447
46 449 464
46 466 481
46 483 486
46 488 493
46 495 502
46 504 509
47 1 18
47 20 27
47 29 36
47 38 51
47 53 60
47 62 71
47 73 88
47 90 95
47 97 98
47 100 111
47 113 120
47 122 139
47 141 144
47 146 147
47 149 160
47 162 171
47 173 178
47 180 187
47 189 190
47 192 209
47 211 214
47 216 217
47 219 234
47 236 255
47 257 264
47 266 277
47 279 284
47 286 301
47 303 310
47 312 329
47 331 350
47 352 363
47 365 380
47 382 383
47 385 392
47 394 403
47 405 412
47 414 421
47 423 440
47 442 459
47 461 464
47 466 481
47 483 484
47 486 491
47 493 512
47 514 521
47 523 528
47 530 537
47 539 556
47 558 563
48 1 20
48 22 39
48 41 42
48 44 47
48 49 62
48 64 83
48 85 92
48 94 97
48 99 108
48 110 123
48 125 142
48 144 159
48 161 178
48 180 191
48 193 196
48 198 215
48 217 220
48 222 223
48 225 240
48 242 257
48 259 272
48 274 275
48 277 284
48 286 293
48 295 310
48 312 319
48 321 332
48 334 343
48 345 360
48 362 379
48 381 396
48 398 415
48 417 420
48 422 437
48 439 444
48 446 457
48 459 476
48 478 497
48 499 518
48 520 525
48 527 534
48 536 545
48 547 562
48 564 569
48 571 586
48 588 591
48 593 610
48 612 615
48 617 624
48 626 629
49 1 10
49 12 25
49 27 42
49 44 51
49 53 64
49 66 73
49 75 78
49 80 83
49 85 90
49 92 97
49 99 116
49 118 123
49 125 138
49 140 153
49 155 158
49 160 163
49 165 166
49 168 183
49 185 188
49 190 197
49 199 212
49 214 227
49 229 248
49 250 257
49 259 266
49 268 279
49 281 298
49 300 301
49 303 318
49 320 337
49 339 358
49 360 377
49 379 388
49 390 391
49 393 398
49 400 411
49 413 418
49 420 439
49 441 442
49 444 455
49 457 470
49 472 483
49 485 490
49 492 499
49 501 514
49 516 525
49 527 542
49 544 547
49 549 556
49 558 575
50 1 10
50 12 25
50 27 32
50 34 49
50 51 62
50 64 79
50 81 86
50 88 105
50 107 126
50 128 133
50 135 144
50 146 163
50 165 182
50 184 201
50 203 212
50 214 233
50 235 238
50 240 253
50 255 274
50 276 279
50 281 296
50 298 311
50 313 320
50 322 329
50 331 336
50 338 341
50 343 348
50 350 359
50 361 370
50 372 389
50 391 410
50 412 421
50 423 436
50 438 441
50 443 456
50 458 473
50 475 480
50 482 485
50 487 500
50 502 511
50 513 522
50 524 533
50 535 538
50 540 543
50 545 560
50 562 567
50 569 586
50 588 599
50 601 604
50 606 623
922 983
971 996
89 496
202 949
877 986
801 853
917 925
621 743
528 832
150 637
190 631
90 458
719 857
179 185
151 196
860 892
794 910
26 212
824 929
146 931
196 420
192 496
508 535
899 957
643 937
43 556
669 907
331 680
115 831
524 927
335 528
124 613
324 857
382 904
526 896
411 555
952 985
113 733
923 937
896 980
346 464
220 773
431 774
328 776
480 708
262 456
139 979
9 537
247 350
590 864
624 681
675 967
739 974
795 983
123 326
89 740
933 985
235 652
802 911
654 922
400 952
943 993
19 779
210 708
230 429
227 671
486 903
771 871
603 809
335 728
256 701
987 987
254 326
447 678
13 199
948 968
620 973
686 700
441 506
803 903
352 744
932 961
404 967
13 505
465 680
530 968
332 824
167 608
872 969
116 975
541 834
946 970
736 898
703 773
452 668
224 357
570 787
917 1000
634 747
656 717
14 379
414 837
466 641
328 437
878 920
704 824
986 986
434 906
94 380
141 548
83 421
21 950
14 459
691 745
607 844
511 562
340 714
541 750
15 974
67 416
974 985
835 844
492 538
649 723
836 985
218 986
417 990
420 520
639 947
40 530
962 974
863 979
332 791
631 905
588 907
12 588
833 884
331 611
57 872
641 644
443 627
36 936
946 970
302 858
609 875
629 736
115 746
685 686
57 894
652 664
915 953
242 625
429 956
427 785
240 892
971 988
126 614
505 635
922 959
23 907
764 944
275 532
282 989
571 770
577 701
152 231
463 545
450 990
269 824
480 561
167 303
626 626
573 898
391 661
244 952
486 735
851 978
958 970
903 926
750 861
485 501
52 790
527 865
325 517
847 862
270 654
514 607
412 873
719 920
349 746
930 993
897 962
108 533
973 977
750 951
162 391
238 613
37 428
796 884
288 995
30 205
382 932
223 777
622 995
947 974
768 878
878 885
219 593
712 941
665 841
563 707
932 935
174 804
274 970
849 924
557 945
18 835
11 499
257 275
438 749
933 966
508 650
671 721
390 584
43 618
956 983
420 753
479 794
476 782
456 559
918 970
348 917
754 885
811 902
88 469
904 933
853 946
306 362
151 606
840 916
984 992
826 888
163 597
281 955
196 774
146 813
981 997
629 807
485 973
530 853
10 899
718 739
155 260
841 979
604 710
284 700
589 638
684 704
794 796
172 522
201 689
559 972
419 783
679 808
724 987
140 813
43 777
430 903
454 625
898 948
660 986
451 913
949 953
670 895
806 837
136 509
225 492
623 672
285 526
166 744
370 790
803 940
756 764
212 881
261 342
278 638
914 925
63 593
491 755
646 741
261 283
11 426
888 918
497 653
281 593
908 915
176 564
228 842
987 991
482 730
15 963
907 999
55 487
194 265
11 437
31 378
717 880
215 783
142 480
740 753
979 992
608 993
827 828
751 784
334 463
24 397
287 785
234 804
768 826
427 847
258 709
213 391
303 490
995 997
934 940
275 945
19 419
80 137
362 655
301 867
200 223
647 885
120 624
21 624
533 589
432 626
284 959
168 209
311 906
82 926
778 839
535 693
147 606
459 561
795 814
532 734
524 725
840 859
718 770
768 782
468 831
838 875
954 991
291 330
809 861
634 667
416 678
822 980
167 799
38 592
606 862
278 443
78 609
414 628
692 752
32 507
541 680
941 989
32 593
948 965
683 698
267 932
146 329
925 959
100 614
532 600
534 851
264 504
270 969
149 295
890 939
602 836
58 352
761 763
967 998
891 917
288 998
868 925
550 918
541 813
283 698
272 353
227 992
944 948
789 963
207 246
104 855
820 1000
454 589
526 730
237 546
484 897
398 556
405 498
561 593
94 169
566 574
174 346
931 945
787 952
118 411
920 983
690 723
476 810
101 803
307 937
277 328
880 969
920 937
5 151
320 898
850 993
970 983
208 555
886 902
764 818
31 499
716 820
191 382
728 961
644 810
165 651
303 674
542 608
28 959
190 403
814 892
887 915
48 635
923 946
391 664
726 736
258 845
263 708
851 853
500 822
692 950
572 953
181 790
17 777
938 965
790 990
367 396
181 183
980 993
341 563
973 992
849 901
976 995
928 974
683 873
893 896
588 673
450 663
758 864
760 956
462 926
990 994
464 589
887 981
168 306
72 847
165 481
375 690
994 998
512 674
809 972
36 817
228 339
944 979
409 679
688 862
503 683
334 641
312 510
559 945
35 474
753 779
360 511
911 973
410 720
925 931
13 823
515 524
412 625
608 940
704 772
115 836
403 601
896 904
339 583
315 402
590 633
300 481
817 901
207 596
342 563
91 881
706 942
327 658
442 793
574 641
25 367
193 297
144 358
408 981
624 977
433 498
79 894
29 577
813 826
713 837
748 833
872 943
575 785
727 791
558 662
93 405
547 629
197 233
970 998
135 567
606 811
136 799
386 489
979 985
478 552
543 636
830 942
649 695
915 946
54 202
882 964
21 438
942 948
156 357
530 872
336 693
287 392
687 780
220 691
598 904
247 650
981 984
900 903
429 892
622 664
587 823
218 424
596 606
149 735
524 784
76 768
335 580
23 967
679 817
820 954
273 277
765 999
767 872
981 986
516 631
460 896
135 607
518 662
480 946
490 612
792 944
817 958
280 953
560 928
650 860
573 970
463 831
778 793
777 932
41 186
64 860
625 818
785 895
245 734
164 272
528 864
599 702
74 689
679 822
159 537
147 681
953 959
367 826
810 922
373 627
602 908
8 513
332 731
427 593
529 776
949 999
747 801
283 501
43 745
326 484
289 774
950 988
127 693
362 742
986 993
362 908
447 960
51 415
429 959
799 941
240 621
886 911
429 548
468 881
506 528
340 796
592 642
246 911
618 889
22 406
943 977
462 795
482 774
508 959
762 984
853 913
862 962
739 812
955 976
877 955
782 944
903 971
972 988
852 950
573 682
268 750
651 940
184 494
473 920
930 968
572 872
344 774
383 596
613 703
715 720
149 746
52 359
295 622
371 881
453 860
690 739
980 993
175 887
622 689
49 744
205 255
636 695
536 600
871 875
706 941
605 843
924 931
139 234
847 933
944 970
363 565
428 759
295 411
300 963
757 796
194 849
693 893
967 990
72 734
580 598
45 212
447 815
184 352
492 740
5 287
329 797
132 439
658 889
896 978
784 858
413 559
489 864
375 723
166 367
101 613
953 969
461 688
868 982
665 669
260 843
216 708
236 502
416 642
952 955
960 972
524 975
827 958
321 704
95 709
981 994
262 787
490 881
259 467
277 539
423 613
971 975
964 964
361 910
266 722
69 960
592 924
159 399
614 824
617 901
106 767
150 383
682 859
816 852
512 814
536 871
490 905
8 846
934 953
305 390
736 849
185 210
981 984
278 667
72 907
282 565
628 632
329 464
145 433
98 786
871 877
247 597
276 746
363 764
377 536
387 472
186 986
364 582
97 392
758 909
124 146
359 435
389 873
822 962
840 998
412 979
34 675
40 435
701 857
640 987
65 670
955 999
58 791
530 852
241 408
689 760
169 604
329 937
933 947
462 575
45 481
155 741
125 231
501 593
339 477
679 883
863 981
278 837
645 831
376 435
775 883
154 685
674 829
597 952
298 717
544 615
657 883
887 938
405 843
13 869
537 842
135 675
939 959
185 260
124 665
185 987
198 852
692 973
853 923
121 710
956 980
73 102
450 569
645 695
874 923
839 860
330 719
645 946
944 947
977 984
106 907
115 233
375 763
474 976
196 415
646 669
928 993
947 979
993 998
27 738
165 799
995 999
141 697
140 779
449 588
185 691
25 249
571 884
642 935
882 957
687 947
496 500
745 749
761 783
725 879
476 1000
821 970
860 959
18 495
148 759
937 977
843 946
770 961
658 941
786 892
454 969
501 522
522 555
911 979
62 518
862 911
788 978
176 876
133 877
115 663
58 459
384 919
705 853
555 754
18 87
900 946
844 949
681 690
621 732
515 621
379 713
216 467
17 493
559 987
153 567
385 500
524 1000
543 954
465 887
186 355
878 950
408 589
458 877
704 740
361 555
199 556
919 922
547 574
924 989
609 791
116 392
31 233
27 977
390 588
827 953
951 998
701 934
343 989
77 123
432 460
238 885
375 682
460 795
675 928
43 973
234 986
578 819
463 875
458 770
483 892
86 667
577 632
19 949
774 853
430 639
425 693
822 990
9 318
673 849
115 201
250 786
284 464
287 383
875 977
325 632
991 991
525 742
382 589
179 670
22 273
803 931
731 847
145 906
277 345
410 602
907 965
961 965
743 980
499 897
414 536
720 992
886 897
973 981
945 967
286 698
250 786
828 956
973 994
627 713
751 937
716 842
748 907
556 583
324 580
521 921
921 924
420 576
69 146
398 427
624 751
628 870
993 996
272 728
178 215
533 683
915 978
617 710
875 947
376 545
220 834
885 960
341 534
751 948
19 846
55 204
499 761
660 959
589 924
305 631
565 722
168 204
960 975
952 956
425 748
894 940
840 920
53 327
791 978
472 907
922 938
450 711
836 942
116 648
646 759
