50 1000 50 1000
1 450 549
2 451 548
3 452 547
4 453 546
5 454 545
6 455 544
7 456 543
8 457 542
9 458 541
10 459 540
11 460 539
12 461 538
13 462 537
14 463 536
15 464 535
16 465 534
17 466 533
18 467 532
19 468 531
20 469 530
21 470 529
22 471 528
23 472 527
24 473 526
25 474 525
26 475 524
27 476 523
28 477 522
29 478 521
30 479 520
31 480 519
32 481 518
33 482 517
34 483 516
35 484 515
36 485 514
37 486 513
38 487 512
39 488 511
40 489 510
41 490 509
42 491 508
43 492 507
44 493 506
45 494 505
46 495 504
47 496 503
48 497 502
49 498 501
50 499 500
585 811
294 602
185 669
321 492
407 762
315 436
736 802
131 315
222 249
491 867
145 814
667 743
50 141
272 564
38 505
749 904
6 113
970 972
697 830
472 641
86 406
740 943
841 959
806 848
989 999
939 981
292 730
182 346
544 763
880 998
938 958
396 588
287 756
60 540
328 393
15 581
917 949
42 981
989 1000
444 559
794 970
386 783
222 552
925 926
279 953
14 32
390 989
52 684
144 351
573 905
293 942
669 933
980 991
347 478
710 847
952 975
446 833
970 1000
558 722
35 235
66 217
994 995
832 891
866 889
828 885
402 778
887 937
484 689
71 474
956 974
480 626
649 864
807 990
453 809
252 293
178 758
261 391
396 396
834 852
814 997
482 929
374 900
761 799
755 969
918 986
848 974
909 972
505 788
562 597
483 880
444 986
587 859
260 531
765 872
323 989
219 501
766 847
308 677
752 769
60 548
764 812
802 910
9 260
106 463
548 558
112 678
499 936
23 355
983 995
317 594
371 912
829 954
514 965
794 986
296 595
615 879
321 589
928 993
161 524
434 985
326 478
947 988
368 389
351 962
651 754
248 688
362 462
328 938
631 801
379 930
930 996
982 993
861 872
20 451
214 698
78 423
934 940
14 343
211 718
969 999
696 922
853 932
900 983
128 527
203 684
222 427
435 767
786 825
467 642
380 698
450 786
605 947
937 937
625 702
662 727
826 977
980 989
628 994
20 115
736 986
306 799
18 324
109 171
906 986
696 985
418 589
471 785
968 990
682 832
530 837
950 961
8 373
128 746
646 749
178 580
135 782
364 469
167 185
916 917
395 791
637 961
685 811
675 782
158 691
646 792
525 735
27 660
15 617
47 397
649 934
877 915
458 639
666 963
173 800
945 988
744 808
999 999
694 938
458 719
873 924
951 988
698 817
776 959
321 635
677 854
791 888
662 980
570 937
874 876
890 945
252 478
980 991
238 302
334 430
532 970
76 198
878 944
830 858
959 968
151 173
702 754
791 975
58 637
45 530
670 871
465 494
531 626
158 741
337 831
853 915
341 771
725 897
32 995
180 715
818 938
283 703
530 757
455 812
79 197
731 770
589 836
5 832
404 683
841 845
204 772
551 651
984 984
634 835
837 873
426 606
444 805
85 590
363 566
746 770
264 522
944 993
15 217
136 944
377 738
398 667
614 665
534 806
837 998
616 989
122 266
649 859
901 940
65 299
337 506
888 938
349 883
940 983
188 252
479 961
716 999
645 825
863 964
989 991
4 701
660 738
678 905
404 775
10 491
300 385
594 821
128 891
868 986
177 770
576 808
607 824
113 495
794 900
924 987
275 765
456 934
520 919
465 514
311 514
254 940
754 758
586 809
318 913
843 870
29 305
796 812
999 1000
733 926
619 766
714 746
556 795
110 291
527 579
127 422
791 939
617 933
139 985
992 996
983 985
715 767
317 956
707 878
224 252
582 805
436 682
998 999
210 599
412 540
81 782
469 980
899 938
293 558
510 720
220 234
135 559
918 933
73 459
153 330
605 709
102 655
162 292
441 520
171 644
295 999
155 235
205 939
67 463
442 932
159 802
174 933
523 810
570 870
900 951
257 660
257 502
277 284
56 518
613 660
151 587
551 639
327 959
858 953
961 986
490 840
192 564
487 514
19 197
278 729
914 967
778 996
942 988
794 874
227 831
506 618
40 511
764 926
270 681
281 290
362 990
157 596
913 973
677 732
456 995
67 680
287 398
319 897
682 771
983 997
731 860
350 795
110 861
839 858
883 962
135 461
972 982
981 981
239 619
879 932
366 547
908 923
765 904
213 386
422 857
327 987
761 965
264 669
275 851
742 837
413 933
932 968
726 743
191 192
548 744
968 990
585 595
238 265
228 674
272 891
825 852
113 854
716 953
8 979
624 683
200 279
455 630
340 855
222 843
478 821
17 959
263 691
98 979
99 267
299 422
824 941
348 519
847 934
870 887
846 987
391 615
322 471
625 629
781 788
751 865
407 956
429 505
541 847
77 131
304 490
507 626
266 711
398 484
355 355
279 385
810 818
247 306
960 961
749 760
614 970
271 832
531 948
709 757
942 997
566 879
545 649
513 654
396 647
92 155
236 925
647 943
585 827
891 905
665 962
12 485
326 785
639 804
10 579
747 982
808 962
518 579
627 800
873 907
295 936
859 911
837 992
705 779
538 596
802 1000
84 335
615 878
825 882
55 911
910 920
799 806
148 938
224 562
6 363
408 776
277 823
584 707
593 959
713 727
801 867
736 874
410 744
746 883
209 984
157 510
368 607
172 653
731 937
51 107
697 942
136 518
663 808
188 710
509 574
228 718
159 340
510 668
20 829
477 744
661 788
401 896
437 478
172 569
703 744
221 343
726 787
200 686
582 604
655 690
655 987
661 709
231 571
375 996
314 502
371 526
1000 1000
266 991
979 989
227 578
532 598
649 906
897 976
193 712
545 714
495 594
948 985
228 851
308 528
416 787
667 680
18 690
823 875
163 968
686 730
833 912
544 863
231 348
584 602
347 677
248 774
537 679
920 933
407 478
669 975
889 893
680 975
761 948
441 956
595 719
164 780
481 838
350 561
366 490
693 710
667 778
26 446
591 1000
877 953
905 936
229 608
478 612
476 791
217 653
353 495
425 847
758 769
609 685
713 899
796 871
584 774
890 964
861 974
626 978
897 989
459 646
124 740
729 898
496 676
584 694
287 323
687 930
524 881
30 577
612 793
526 559
610 900
761 805
906 958
222 750
419 758
62 375
548 874
766 850
184 217
478 840
843 958
594 903
119 269
778 959
257 998
547 857
755 796
203 971
188 260
960 983
225 295
521 967
211 870
324 542
1 465
200 943
524 911
84 548
698 886
950 979
497 815
128 227
427 862
661 779
867 892
162 187
890 943
409 980
560 602
790 916
116 734
787 855
879 893
461 913
676 934
775 872
10 233
549 587
11 220
380 850
553 946
533 891
590 751
891 941
384 861
720 774
977 977
338 514
518 862
692 950
997 1000
8 974
611 973
166 398
831 884
657 666
943 991
262 519
280 885
373 582
246 860
802 934
862 983
472 592
150 666
911 916
70 180
269 829
156 338
827 949
26 88
656 803
298 623
314 781
622 706
447 748
173 806
786 970
763 969
911 963
587 997
893 991
524 529
982 992
476 618
303 321
657 895
922 976
805 819
675 911
656 758
411 814
841 867
399 637
287 514
28 34
994 995
52 335
168 288
168 750
379 946
239 244
177 971
326 805
642 892
931 941
498 713
692 939
475 945
769 810
890 922
361 456
627 828
540 772
602 646
680 815
210 496
46 177
954 998
496 728
414 421
947 987
430 926
714 742
334 689
425 940
255 656
837 880
556 982
226 476
417 634
848 952
837 887
224 429
22 118
577 716
852 904
531 760
325 489
928 994
483 874
224 243
205 469
367 559
553 818
515 829
50 841
356 532
859 992
802 932
169 208
306 805
811 979
633 968
832 989
60 384
62 901
391 978
415 562
974 992
398 628
474 482
736 938
160 575
59 758
513 571
807 859
740 891
318 946
91 795
489 803
42 478
142 974
441 975
996 1000
372 662
351 425
1 928
239 742
866 991
65 849
645 718
584 927
556 933
972 997
793 919
238 802
57 494
928 936
64 808
674 791
768 783
746 918
600 881
383 985
478 957
377 856
829 959
906 944
696 862
895 993
496 728
439 912
816 974
270 788
682 757
868 959
936 994
338 538
455 772
488 541
854 908
189 283
510 691
642 826
456 825
790 979
77 948
729 747
95 498
773 807
13 98
632 883
306 784
973 974
293 915
605 630
451 594
328 361
723 803
984 986
380 709
506 917
814 938
373 451
505 529
575 977
467 480
44 682
350 916
90 374
51 903
891 906
643 964
875 940
705 936
966 986
784 826
682 917
931 942
391 867
378 891
739 925
734 804
339 630
286 407
425 838
338 655
817 931
944 993
24 812
421 980
476 533
42 146
800 993
959 993
462 536
547 935
160 355
177 585
640 965
934 957
233 587
713 968
938 968
514 683
322 671
136 523
71 171
82 981
997 999
121 574
542 706
205 802
244 476
470 535
27 107
768 881
141 787
660 775
665 778
343 828
378 538
316 912
746 892
526 932
56 810
807 877
105 583
858 996
490 581
133 208
469 921
577 674
387 479
295 885
288 846
227 787
647 879
327 552
669 793
536 789
236 484
751 922
230 789
559 778
692 794
33 910
380 411
297 504
566 798
95 692
473 662
996 999
84 329
634 825
283 295
758 988
496 831
626 837
805 902
571 944
758 980
239 997
938 939
949 974
95 282
505 918
158 487
813 917
366 516
153 611
169 411
553 917
673 697
626 847
89 324
172 589
282 647
711 949
277 491
704 917
211 807
503 670
903 937
400 562
968 974
542 699
66 412
40 209
162 734
236 240
712 918
829 833
878 891
694 737
379 713
27 204
126 222
394 858
295 570
548 933
288 632
322 837
989 994
784 876
630 679
508 589
886 960
430 846
627 774
798 988
200 677
1000 1000
