100 1000000 5000 1000
78 1 28
78 30 129
78 131 214
78 216 235
78 237 260
78 262 289
78 291 382
78 384 473
78 475 570
78 572 667
78 669 700
78 702 797
78 799 816
78 818 841
78 843 860
78 862 873
78 875 916
78 918 973
78 975 1010
78 1012 1095
78 1097 1110
78 1112 1167
78 1169 1210
78 1212 1257
78 1259 1306
78 1308 1371
78 1373 1382
78 1384 1429
78 1431 1502
78 1504 1587
78 1589 1590
78 1592 1609
78 1611 1628
78 1630 1713
78 1715 1724
78 1726 1807
78 1809 1884
78 1886 1931
78 1933 2022
78 2024 2121
78 2123 2170
78 2172 2191
98 1 12
98 14 27
98 29 60
98 62 139
98 141 232
98 234 327
98 329 364
98 366 457
98 459 490
98 492 543
98 545 606
98 608 655
98 657 712
98 714 791
98 793 810
98 812 881
98 883 894
98 896 941
98 943 1008
98 1010 1093
98 1095 1116
98 1118 1141
98 1143 1174
98 1176 1215
98 1217 1306
98 1308 1363
98 1365 1372
98 1374 1405
98 1407 1488
98 1490 1581
98 1583 1674
98 1676 1681
98 1683 1712
98 1714 1751
98 1753 1844
98 1846 1905
98 1907 1948
98 1950 1963
98 1965 2020
98 2022 2101
98 2103 2160
98 2162 2181
98 2183 2208
98 2210 2247
98 2249 2300
98 2302 2363
98 2365 2392
98 2394 2473
98 2475 2502
98 2504 2533
98 2535 2624
98 2626 2721
98 2723 2730
98 2732 2747
98 2749 2826
98 2828 2865
98 2867 2896
98 2898 2907
98 2909 2962
98 2964 2989
98 2991 3058
98 3060 3081
98 3083 3168
98 3170 3263
44 1 88
44 90 127
44 129 180
44 182 271
44 273 364
44 366 459
44 461 478
44 480 485
44 487 570
44 572 621
44 623 686
44 688 755
44 757 812
44 814 883
44 885 924
44 926 969
44 971 1032
44 1034 1107
44 1109 1192
44 1194 1211
44 1213 1284
44 1286 1349
44 1351 1374
44 1376 1463
44 1465 1530
44 1532 1563
44 1565 1602
44 1604 1617
44 1619 1662
44 1664 1763
44 1765 1772
44 1774 1871
44 1873 1966
44 1968 2065
44 2067 2074
44 2076 2101
44 2103 2130
44 2132 2199
44 2201 2208
44 2210 2297
44 2299 2358
44 2360 2423
44 2425 2434
44 2436 2487
44 2489 2542
44 2544 2607
44 2609 2638
44 2640 2731
44 2733 2764
44 2766 2769
44 2771 2790
44 2792 2839
44 2841 2846
44 2848 2877
44 2879 2960
44 2962 3005
44 3007 3104
44 3106 3183
44 3185 3196
44 3198 3209
44 3211 3228
44 3230 3299
44 3301 3356
44 3358 3425
44 3427 3456
44 3458 3485
44 3487 3496
44 3498 3573
44 3575 3594
44 3596 3613
40 1 48
40 50 89
40 91 178
40 180 211
40 213 220
40 222 309
40 311 342
40 344 347
40 349 372
40 374 467
40 469 568
40 570 587
40 589 660
40 662 695
40 697 744
40 746 809
40 811 860
40 862 937
40 939 976
40 978 1033
40 1035 1036
40 1038 1063
40 1065 1136
40 1138 1165
40 1167 1218
40 1220 1307
40 1309 1380
40 1382 1431
40 1433 1490
40 1492 1495
40 1497 1520
40 1522 1537
40 1539 1610
40 1612 1653
40 1655 1750
40 1752 1801
40 1803 1868
40 1870 1877
40 1879 1922
40 1924 2013
40 2015 2046
40 2048 2081
40 2083 2158
40 2160 2185
40 2187 2268
40 2270 2319
40 2321 2380
40 2382 2401
40 2403 2488
40 2490 2583
40 2585 2670
40 2672 2767
40 2769 2814
40 2816 2833
40 2835 2862
40 2864 2933
40 2935 2984
40 2986 3057
40 3059 3104
40 3106 3151
40 3153 3154
40 3156 3209
40 3211 3234
99 1 18
99 20 61
99 63 114
99 116 163
99 165 200
99 202 245
99 247 292
99 294 379
99 381 432
99 434 501
99 503 522
99 524 609
99 611 702
99 704 785
99 787 850
99 852 929
99 931 960
99 962 1031
99 1033 1126
99 1128 1163
99 1165 1228
99 1230 1273
99 1275 1372
99 1374 1449
99 1451 1534
99 1536 1559
99 1561 1620
99 1622 1673
99 1675 1676
99 1678 1775
99 1777 1814
99 1816 1881
99 1883 1930
99 1932 1977
99 1979 2026
99 2028 2089
99 2091 2184
99 2186 2283
99 2285 2302
99 2304 2311
99 2313 2360
99 2362 2421
99 2423 2472
99 2474 2525
99 2527 2572
99 2574 2641
99 2643 2680
99 2682 2683
99 2685 2766
99 2768 2815
99 2817 2872
99 2874 2931
99 2933 2984
99 2986 3041
99 3043 3102
99 3104 3153
99 3155 3200
99 3202 3251
99 3253 3268
99 3270 3355
99 3357 3398
21 1 86
21 88 129
21 131 138
21 140 161
21 163 210
21 212 309
21 311 340
21 342 429
21 431 462
21 464 479
21 481 510
21 512 609
21 611 614
21 616 643
21 645 738
21 740 801
21 803 892
21 894 945
21 947 948
21 950 991
21 993 1062
21 1064 1157
21 1159 1252
21 1254 1329
21 1331 1372
21 1374 1451
21 1453 1538
21 1540 1629
21 1631 1674
21 1676 1759
21 1761 1834
21 1836 1893
21 1895 1926
21 1928 1961
21 1963 2060
21 2062 2095
21 2097 2156
21 2158 2195
7 1 72
7 74 93
7 95 132
7 134 199
7 201 236
7 238 335
7 337 428
7 430 507
7 509 538
7 540 627
7 629 684
7 686 753
7 755 792
7 794 873
7 875 898
7 900 985
7 987 1026
7 1028 1073
7 1075 1148
7 1150 1199
7 1201 1288
7 1290 1323
7 1325 1398
7 1400 1429
7 1431 1444
7 1446 1485
7 1487 1500
7 1502 1513
7 1515 1598
7 1600 1627
7 1629 1712
7 1714 1729
7 1731 1772
7 1774 1865
7 1867 1882
7 1884 1925
7 1927 1928
7 1930 1949
7 1951 1958
7 1960 2037
7 2039 2066
7 2068 2095
7 2097 2186
7 2188 2211
7 2213 2242
7 2244 2335
7 2337 2338
7 2340 2427
7 2429 2436
7 2438 2457
7 2459 2516
7 2518 2593
7 2595 2628
7 2630 2713
7 2715 2716
7 2718 2811
7 2813 2904
7 2906 2983
7 2985 3030
19 1 22
19 24 51
19 53 146
19 148 157
19 159 230
19 232 325
19 327 408
19 410 453
19 455 512
19 514 529
19 531 584
19 586 663
19 665 674
19 676 767
19 769 778
19 780 789
19 791 856
19 858 939
19 941 960
19 962 1029
19 1031 1034
19 1036 1097
19 1099 1194
19 1196 1207
19 1209 1256
19 1258 1279
19 1281 1284
19 1286 1295
19 1297 1320
19 1322 1413
19 1415 1438
19 1440 1479
19 1481 1492
19 1494 1547
19 1549 1634
19 1636 1721
19 1723 1732
19 1734 1821
19 1823 1840
19 1842 1873
19 1875 1888
19 1890 1963
19 1965 2024
19 2026 2123
19 2125 2218
19 2220 2319
19 2321 2340
19 2342 2381
19 2383 2462
19 2464 2525
19 2527 2550
19 2552 2593
19 2595 2672
19 2674 2761
55 1 30
55 32 63
55 65 106
55 108 135
55 137 226
55 228 279
55 281 292
55 294 343
55 345 426
55 428 475
55 477 538
55 540 599
55 601 634
55 636 713
55 715 796
55 798 819
55 821 886
55 888 953
55 955 1022
55 1024 1087
55 1089 1172
55 1174 1215
55 1217 1276
55 1278 1287
55 1289 1318
55 1320 1389
55 1391 1428
55 1430 1459
55 1461 1474
55 1476 1557
55 1559 1630
55 1632 1683
55 1685 1754
55 1756 1795
55 1797 1806
55 1808 1839
55 1841 1926
55 1928 2019
55 2021 2042
55 2044 2127
55 2129 2132
55 2134 2161
55 2163 2250
55 2252 2317
55 2319 2366
55 2368 2369
55 2371 2450
55 2452 2519
55 2521 2592
55 2594 2623
55 2625 2642
55 2644 2683
55 2685 2744
55 2746 2801
55 2803 2828
55 2830 2911
55 2913 3004
55 3006 3025
55 3027 3060
55 3062 3117
55 3119 3196
49 1 26
49 28 123
49 125 166
49 168 175
49 177 204
49 206 267
49 269 354
49 356 449
49 451 482
49 484 505
49 507 586
49 588 645
49 647 726
49 728 781
49 783 784
49 786 851
49 853 908
49 910 931
49 933 1016
49 1018 1083
49 1085 1176
49 1178 1185
49 1187 1210
49 1212 1279
49 1281 1354
49 1356 1423
49 1425 1504
49 1506 1549
49 1551 1646
49 1648 1707
49 1709 1776
49 1778 1859
49 1861 1922
49 1924 1979
49 1981 2030
49 2032 2095
49 2097 2106
49 2108 2117
49 2119 2156
49 2158 2195
49 2197 2236
49 2238 2243
49 2245 2292
49 2294 2385
49 2387 2478
49 2480 2515
49 2517 2566
49 2568 2659
49 2661 2702
49 2704 2775
49 2777 2802
4 1 54
4 56 95
4 97 118
4 120 215
4 217 286
4 288 359
4 361 460
4 462 537
4 539 568
4 570 625
4 627 670
4 672 715
4 717 764
4 766 803
4 805 862
4 864 893
4 895 916
4 918 923
4 925 1016
4 1018 1067
4 1069 1100
4 1102 1109
4 1111 1158
4 1160 1221
4 1223 1226
4 1228 1271
4 1273 1274
4 1276 1357
4 1359 1392
4 1394 1439
4 1441 1442
4 1444 1481
4 1483 1496
4 1498 1525
4 1527 1530
4 1532 1589
4 1591 1602
4 1604 1655
4 1657 1720
4 1722 1745
4 1747 1816
4 1818 1909
4 1911 1996
4 1998 2095
4 2097 2118
4 2120 2159
4 2161 2174
4 2176 2217
100 1 44
100 46 117
100 119 148
100 150 195
100 197 292
100 294 343
100 345 410
100 412 507
100 509 596
100 598 667
100 669 720
100 722 753
100 755 756
100 758 799
100 801 810
100 812 835
100 837 924
100 926 973
100 975 1026
100 1028 1071
100 1073 1158
100 1160 1179
100 1181 1256
100 1258 1283
100 1285 1320
100 1322 1353
100 1355 1364
100 1366 1463
100 1465 1510
100 1512 1533
100 1535 1578
100 1580 1663
100 1665 1670
100 1672 1729
100 1731 1734
100 1736 1747
100 1749 1760
100 1762 1851
100 1853 1892
100 1894 1949
100 1951 1980
100 1982 2015
100 2017 2084
100 2086 2103
100 2105 2132
100 2134 2135
100 2137 2176
100 2178 2187
100 2189 2254
100 2256 2353
100 2355 2406
58 1 80
58 82 95
58 97 102
58 104 199
58 201 264
58 266 311
58 313 396
58 398 443
58 445 528
58 530 539
58 541 568
58 570 593
58 595 606
58 608 635
58 637 734
58 736 759
58 761 838
58 840 931
58 933 946
58 948 1011
58 1013 1028
58 1030 1063
58 1065 1078
58 1080 1163
58 1165 1168
58 1170 1227
58 1229 1264
58 1266 1303
58 1305 1388
58 1390 1469
58 1471 1480
58 1482 1499
58 1501 1586
58 1588 1645
58 1647 1674
58 1676 1693
58 1695 1702
58 1704 1785
58 1787 1814
58 1816 1865
58 1867 1936
58 1938 1953
58 1955 2012
58 2014 2079
58 2081 2102
58 2104 2177
58 2179 2184
58 2186 2223
58 2225 2296
58 2298 2343
58 2345 2400
58 2402 2463
58 2465 2498
58 2500 2565
58 2567 2662
61 1 78
61 80 83
61 85 128
61 130 215
61 217 240
61 242 285
61 287 356
61 358 433
61 435 534
61 536 545
61 547 626
61 628 639
61 641 688
61 690 717
61 719 756
61 758 771
61 773 798
61 800 803
61 805 828
61 830 881
61 883 926
61 928 967
61 969 1020
61 1022 1035
61 1037 1048
61 1050 1081
61 1083 1130
61 1132 1143
61 1145 1224
61 1226 1229
61 1231 1258
61 1260 1289
61 1291 1348
61 1350 1361
61 1363 1446
61 1448 1457
61 1459 1492
77 1 92
77 94 109
77 111 138
77 140 159
77 161 220
77 222 305
77 307 384
77 386 475
77 477 532
77 534 589
77 591 656
77 658 719
77 721 802
77 804 815
77 817 824
77 826 915
77 917 1012
77 1014 1111
77 1113 1148
77 1150 1209
77 1211 1264
77 1266 1269
77 1271 1304
77 1306 1397
77 1399 1488
77 1490 1543
77 1545 1580
77 1582 1649
77 1651 1678
77 1680 1769
77 1771 1784
77 1786 1859
77 1861 1928
77 1930 1965
77 1967 2048
77 2050 2069
77 2071 2120
77 2122 2215
77 2217 2230
77 2232 2315
77 2317 2326
77 2328 2425
77 2427 2524
77 2526 2549
77 2551 2586
77 2588 2603
77 2605 2622
77 2624 2629
94 1 2
94 4 91
94 93 154
94 156 255
94 257 286
94 288 317
94 319 354
94 356 377
94 379 440
94 442 537
94 539 622
94 624 635
94 637 722
94 724 813
94 815 880
94 882 917
94 919 958
94 960 1021
94 1023 1048
94 1050 1091
94 1093 1152
94 1154 1187
94 1189 1264
94 1266 1305
94 1307 1374
94 1376 1451
94 1453 1550
94 1552 1585
94 1587 1684
94 1686 1699
94 1701 1738
94 1740 1811
94 1813 1868
94 1870 1929
94 1931 1938
94 1940 1971
94 1973 2046
94 2048 2125
94 2127 2130
94 2132 2191
94 2193 2216
94 2218 2253
94 2255 2312
13 1 6
13 8 31
13 33 126
13 128 215
13 217 264
13 266 365
13 367 452
13 454 465
13 467 490
13 492 561
13 563 642
13 644 743
13 745 782
13 784 793
13 795 804
13 806 895
13 897 962
13 964 1003
13 1005 1054
13 1056 1139
13 1141 1166
13 1168 1225
13 1227 1322
13 1324 1383
13 1385 1484
13 1486 1521
13 1523 1548
13 1550 1571
13 1573 1582
13 1584 1683
13 1685 1760
13 1762 1819
13 1821 1858
13 1860 1945
13 1947 2036
13 2038 2079
13 2081 2134
13 2136 2179
13 2181 2264
13 2266 2313
13 2315 2412
13 2414 2497
13 2499 2568
13 2570 2597
13 2599 2654
13 2656 2689
13 2691 2696
13 2698 2713
14 1 52
14 54 151
14 153 192
14 194 257
14 259 270
14 272 289
14 291 310
14 312 405
14 407 478
14 480 491
14 493 546
14 548 569
14 571 670
14 672 687
14 689 692
14 694 743
14 745 758
14 760 819
14 821 882
14 884 963
14 965 1004
14 1006 1013
14 1015 1114
14 1116 1193
14 1195 1274
14 1276 1343
14 1345 1358
14 1360 1365
14 1367 1466
14 1468 1491
14 1493 1580
14 1582 1659
14 1661 1722
14 1724 1767
14 1769 1800
14 1802 1895
14 1897 1964
14 1966 2061
14 2063 2088
14 2090 2141
14 2143 2196
14 2198 2263
95 1 58
95 60 153
95 155 206
95 208 267
95 269 340
95 342 347
95 349 382
95 384 421
95 423 516
95 518 537
95 539 556
95 558 633
95 635 678
95 680 755
95 757 816
95 818 877
95 879 920
95 922 1015
95 1017 1032
95 1034 1081
95 1083 1164
95 1166 1233
95 1235 1328
95 1330 1389
95 1391 1398
95 1400 1403
95 1405 1440
95 1442 1485
95 1487 1576
95 1578 1621
95 1623 1714
95 1716 1775
95 1777 1822
95 1824 1851
95 1853 1918
95 1920 1983
95 1985 1990
95 1992 2091
95 2093 2162
95 2164 2253
95 2255 2344
95 2346 2357
95 2359 2412
95 2414 2505
95 2507 2516
95 2518 2573
60 1 40
60 42 43
60 45 126
60 128 213
60 215 240
60 242 293
60 295 324
60 326 407
60 409 434
60 436 447
60 449 468
60 470 531
60 533 602
60 604 693
60 695 722
60 724 771
60 773 828
60 830 831
60 833 920
60 922 985
60 987 1058
60 1060 1133
60 1135 1224
60 1226 1273
60 1275 1300
60 1302 1317
60 1319 1392
60 1394 1491
60 1493 1518
60 1520 1535
60 1537 1574
60 1576 1623
60 1625 1658
60 1660 1669
60 1671 1710
60 1712 1757
60 1759 1784
60 1786 1831
60 1833 1864
60 1866 1953
60 1955 2024
60 2026 2041
60 2043 2086
60 2088 2093
60 2095 2118
60 2120 2173
60 2175 2260
60 2262 2303
60 2305 2306
60 2308 2407
60 2409 2414
60 2416 2513
34 1 18
34 20 73
34 75 156
34 158 177
34 179 238
34 240 317
34 319 356
34 358 449
34 451 528
34 530 551
34 553 600
34 602 673
34 675 716
34 718 785
34 787 852
34 854 905
34 907 984
34 986 1001
34 1003 1034
34 1036 1133
34 1135 1186
34 1188 1253
34 1255 1314
34 1316 1337
34 1339 1358
34 1360 1399
34 1401 1420
34 1422 1433
34 1435 1462
34 1464 1511
34 1513 1550
34 1552 1617
34 1619 1626
34 1628 1647
34 1649 1650
34 1652 1697
34 1699 1750
34 1752 1789
34 1791 1874
34 1876 1897
34 1899 1912
34 1914 1975
34 1977 2040
34 2042 2061
34 2063 2098
34 2100 2129
34 2131 2182
34 2184 2261
34 2263 2294
34 2296 2341
34 2343 2410
34 2412 2509
34 2511 2556
24 1 12
24 14 43
24 45 64
24 66 151
24 153 228
24 230 253
24 255 344
24 346 401
24 403 500
24 502 591
24 593 648
24 650 687
24 689 716
24 718 781
24 783 838
24 840 889
24 891 936
24 938 949
24 951 972
24 974 1009
24 1011 1096
24 1098 1109
24 1111 1210
24 1212 1289
24 1291 1334
24 1336 1407
24 1409 1442
24 1444 1473
24 1475 1498
24 1500 1575
24 1577 1672
24 1674 1753
24 1755 1820
24 1822 1905
24 1907 1948
24 1950 2015
24 2017 2068
24 2070 2135
24 2137 2154
24 2156 2167
24 2169 2210
24 2212 2229
24 2231 2278
24 2280 2355
24 2357 2414
68 1 60
68 62 151
68 153 226
68 228 245
68 247 316
68 318 349
68 351 408
68 410 417
68 419 480
68 482 553
68 555 622
68 624 707
68 709 790
68 792 835
68 837 870
68 872 895
68 897 940
68 942 1029
68 1031 1098
68 1100 1123
68 1125 1142
68 1144 1183
68 1185 1190
68 1192 1225
68 1227 1306
68 1308 1369
68 1371 1454
68 1456 1493
68 1495 1592
68 1594 1677
68 1679 1722
68 1724 1745
68 1747 1784
68 1786 1809
68 1811 1896
68 1898 1899
68 1901 1936
68 1938 1947
68 1949 1956
68 1958 1987
68 1989 2070
68 2072 2145
68 2147 2152
68 2154 2189
68 2191 2198
68 2200 2241
68 2243 2288
68 2290 2347
68 2349 2354
43 1 58
43 60 123
43 125 168
43 170 213
43 215 228
43 230 255
43 257 352
43 354 383
43 385 420
43 422 477
43 479 484
43 486 511
43 513 548
43 550 641
43 643 648
43 650 665
43 667 684
43 686 705
43 707 764
43 766 779
43 781 788
43 790 797
43 799 868
43 870 961
43 963 1038
43 1040 1083
43 1085 1176
43 1178 1213
43 1215 1248
43 1250 1313
43 1315 1364
43 1366 1395
43 1397 1472
43 1474 1543
43 1545 1546
43 1548 1591
43 1593 1682
43 1684 1739
43 1741 1788
43 1790 1855
43 1857 1898
43 1900 1939
43 1941 2028
43 2030 2073
43 2075 2172
43 2174 2225
43 2227 2246
43 2248 2253
43 2255 2310
43 2312 2315
43 2317 2320
43 2322 2349
43 2351 2372
43 2374 2387
43 2389 2412
80 1 64
80 66 147
80 149 234
80 236 247
80 249 310
80 312 381
80 383 472
80 474 541
80 543 626
80 628 699
80 701 794
80 796 859
80 861 904
80 906 969
80 971 1062
80 1064 1127
80 1129 1134
80 1136 1169
80 1171 1268
80 1270 1363
80 1365 1378
80 1380 1459
80 1461 1462
80 1464 1473
80 1475 1504
80 1506 1519
80 1521 1522
80 1524 1621
80 1623 1624
80 1626 1633
80 1635 1710
80 1712 1809
80 1811 1850
80 1852 1945
80 1947 1960
80 1962 1967
80 1969 2036
80 2038 2113
80 2115 2188
80 2190 2273
80 2275 2332
80 2334 2345
80 2347 2400
80 2402 2497
80 2499 2566
80 2568 2575
80 2577 2656
80 2658 2719
80 2721 2772
80 2774 2851
80 2853 2916
80 2918 3001
80 3003 3016
80 3018 3039
80 3041 3112
80 3114 3211
84 1 46
84 48 59
84 61 116
84 118 187
84 189 236
84 238 321
84 323 408
84 410 497
84 499 584
84 586 601
84 603 632
84 634 689
84 691 694
84 696 739
84 741 802
84 804 857
84 859 864
84 866 945
84 947 1016
84 1018 1065
84 1067 1086
84 1088 1105
84 1107 1164
84 1166 1225
84 1227 1240
84 1242 1255
84 1257 1270
84 1272 1355
84 1357 1364
84 1366 1459
84 1461 1494
84 1496 1563
84 1565 1660
84 1662 1697
84 1699 1724
84 1726 1779
84 1781 1874
84 1876 1921
84 1923 1976
84 1978 2027
84 2029 2122
84 2124 2175
84 2177 2232
84 2234 2307
84 2309 2326
84 2328 2391
84 2393 2426
84 2428 2437
37 1 6
37 8 81
37 83 168
37 170 223
37 225 292
37 294 389
37 391 478
37 480 499
37 501 572
37 574 615
37 617 712
37 714 779
37 781 838
37 840 867
37 869 966
37 968 1003
37 1005 1084
37 1086 1169
37 1171 1210
37 1212 1221
37 1223 1230
37 1232 1237
37 1239 1246
37 1248 1327
37 1329 1348
37 1350 1425
37 1427 1452
37 1454 1493
37 1495 1510
37 1512 1573
37 1575 1668
37 1670 1767
37 1769 1796
37 1798 1887
37 1889 1978
37 1980 2077
37 2079 2158
37 2160 2201
37 2203 2244
37 2246 2299
37 2301 2396
37 2398 2441
37 2443 2480
37 2482 2577
37 2579 2596
37 2598 2697
37 2699 2780
37 2782 2783
37 2785 2870
37 2872 2889
37 2891 2934
37 2936 3029
37 3031 3042
37 3044 3085
37 3087 3164
37 3166 3203
37 3205 3288
37 3290 3367
37 3369 3432
37 3434 3449
37 3451 3474
37 3476 3477
37 3479 3516
37 3518 3527
48 1 28
48 30 91
48 93 168
48 170 223
48 225 258
48 260 347
48 349 378
48 380 477
48 479 504
48 506 583
48 585 676
48 678 709
48 711 780
48 782 809
48 811 902
48 904 945
48 947 1038
48 1040 1109
48 1111 1132
48 1134 1177
48 1179 1262
48 1264 1285
48 1287 1348
48 1350 1357
48 1359 1372
48 1374 1447
48 1449 1464
48 1466 1521
48 1523 1540
48 1542 1587
48 1589 1664
48 1666 1737
48 1739 1836
48 1838 1905
48 1907 1964
48 1966 1969
48 1971 1998
48 2000 2051
48 2053 2090
48 2092 2123
48 2125 2136
48 2138 2141
48 2143 2242
48 2244 2265
48 2267 2308
48 2310 2393
48 2395 2412
48 2414 2475
48 2477 2558
48 2560 2613
48 2615 2696
48 2698 2753
57 1 6
57 8 63
57 65 72
57 74 99
57 101 112
57 114 169
57 171 266
57 268 339
57 341 368
57 370 413
57 415 514
57 516 541
57 543 624
57 626 711
57 713 724
57 726 791
57 793 816
57 818 833
57 835 880
57 882 919
57 921 926
57 928 1011
57 1013 1074
57 1076 1161
57 1163 1174
57 1176 1197
57 1199 1210
57 1212 1287
57 1289 1342
57 1344 1429
57 1431 1438
57 1440 1457
57 1459 1498
57 1500 1559
57 1561 1636
57 1638 1723
57 1725 1784
57 1786 1861
57 1863 1936
57 1938 1977
57 1979 2056
57 2058 2089
57 2091 2168
57 2170 2209
57 2211 2286
57 2288 2337
57 2339 2410
64 1 56
64 58 149
64 151 158
64 160 217
64 219 270
64 272 309
64 311 316
64 318 357
64 359 396
64 398 453
64 455 474
64 476 533
64 535 628
64 630 677
64 679 686
64 688 697
64 699 714
64 716 775
64 777 826
64 828 897
64 899 910
64 912 959
64 961 1012
64 1014 1051
64 1053 1108
64 1110 1131
64 1133 1214
64 1216 1295
64 1297 1394
64 1396 1455
64 1457 1464
64 1466 1527
64 1529 1542
64 1544 1567
64 1569 1662
64 1664 1761
64 1763 1786
64 1788 1839
64 1841 1878
64 1880 1939
64 1941 2014
64 2016 2029
64 2031 2074
64 2076 2089
64 2091 2106
64 2108 2153
64 2155 2156
64 2158 2215
64 2217 2312
64 2314 2315
64 2317 2334
64 2336 2365
64 2367 2420
25 1 34
25 36 53
25 55 96
25 98 191
25 193 194
25 196 201
25 203 296
25 298 379
25 381 452
25 454 495
25 497 546
25 548 633
25 635 670
25 672 719
25 721 750
25 752 815
25 817 882
25 884 895
25 897 924
25 926 949
25 951 984
25 986 1079
25 1081 1104
25 1106 1113
25 1115 1174
25 1176 1201
25 1203 1272
25 1274 1347
25 1349 1390
25 1392 1457
25 1459 1556
25 1558 1651
25 1653 1692
25 1694 1753
25 1755 1772
25 1774 1819
25 1821 1898
25 1900 1989
25 1991 1994
25 1996 2087
25 2089 2134
25 2136 2225
25 2227 2306
25 2308 2343
25 2345 2366
25 2368 2465
25 2467 2554
82 1 42
82 44 123
82 125 192
82 194 255
82 257 310
82 312 385
82 387 406
82 408 499
82 501 538
82 540 613
82 615 658
82 660 681
82 683 716
82 718 803
82 805 834
82 836 841
82 843 916
82 918 1015
82 1017 1038
82 1040 1117
82 1119 1150
82 1152 1235
82 1237 1256
82 1258 1315
82 1317 1382
82 1384 1407
82 1409 1410
82 1412 1449
82 1451 1468
82 1470 1553
82 1555 1600
82 1602 1645
82 1647 1720
82 1722 1745
82 1747 1778
82 1780 1811
82 1813 1888
82 1890 1897
82 1899 1934
82 1936 1969
82 1971 2054
82 2056 2069
82 2071 2110
82 2112 2117
82 2119 2174
82 2176 2203
82 2205 2290
82 2292 2389
82 2391 2414
82 2416 2489
29 1 18
29 20 115
29 117 160
29 162 225
29 227 294
29 296 303
29 305 346
29 348 379
29 381 436
29 438 443
29 445 492
29 494 525
29 527 570
29 572 619
29 621 654
29 656 745
29 747 828
29 830 833
29 835 866
29 868 897
29 899 910
29 912 919
29 921 994
29 996 1059
29 1061 1146
29 1148 1227
29 1229 1234
29 1236 1259
29 1261 1288
29 1290 1305
29 1307 1342
29 1344 1361
29 1363 1430
29 1432 1453
29 1455 1540
29 1542 1603
29 1605 1690
29 1692 1717
29 1719 1750
29 1752 1851
29 1853 1934
29 1936 2007
29 2009 2038
29 2040 2103
29 2105 2176
29 2178 2241
29 2243 2334
29 2336 2357
29 2359 2452
29 2454 2505
29 2507 2570
26 1 84
26 86 101
26 103 184
26 186 253
26 255 264
26 266 275
26 277 322
26 324 345
26 347 372
26 374 471
26 473 536
26 538 581
26 583 604
26 606 615
26 617 682
26 684 741
26 743 828
26 830 847
26 849 870
26 872 901
26 903 952
26 954 1043
26 1045 1074
26 1076 1125
26 1127 1168
26 1170 1227
26 1229 1258
26 1260 1277
26 1279 1302
26 1304 1367
26 1369 1386
26 1388 1409
26 1411 1426
26 1428 1451
26 1453 1550
26 1552 1567
26 1569 1666
26 1668 1683
26 1685 1778
26 1780 1781
26 1783 1850
26 1852 1897
17 1 96
17 98 181
17 183 204
17 206 259
17 261 262
17 264 335
17 337 370
17 372 375
17 377 474
17 476 519
17 521 598
17 600 631
17 633 726
17 728 741
17 743 776
17 778 855
17 857 868
17 870 911
17 913 952
17 954 975
17 977 1004
17 1006 1091
17 1093 1106
17 1108 1189
17 1191 1206
17 1208 1303
17 1305 1362
17 1364 1387
17 1389 1442
17 1444 1511
17 1513 1522
17 1524 1561
17 1563 1570
17 1572 1575
17 1577 1628
17 1630 1723
17 1725 1746
17 1748 1841
17 1843 1910
17 1912 1929
17 1931 1932
17 1934 1981
17 1983 2018
17 2020 2055
17 2057 2156
17 2158 2247
17 2249 2284
17 2286 2339
17 2341 2368
17 2370 2461
18 1 72
18 74 169
18 171 230
18 232 291
18 293 308
18 310 339
18 341 410
18 412 461
18 463 556
18 558 593
18 595 596
18 598 657
18 659 684
18 686 761
18 763 798
18 800 889
18 891 964
18 966 1031
18 1033 1060
18 1062 1161
18 1163 1222
18 1224 1245
18 1247 1290
18 1292 1307
18 1309 1344
18 1346 1403
18 1405 1456
18 1458 1463
18 1465 1490
18 1492 1513
18 1515 1574
18 1576 1651
18 1653 1692
18 1694 1741
18 1743 1768
18 1770 1819
18 1821 1862
18 1864 1867
18 1869 1968
18 1970 1993
18 1995 2092
18 2094 2171
18 2173 2200
18 2202 2297
18 2299 2354
18 2356 2383
18 2385 2420
18 2422 2477
18 2479 2504
18 2506 2591
18 2593 2638
18 2640 2669
18 2671 2714
18 2716 2771
18 2773 2858
18 2860 2885
18 2887 2940
18 2942 3003
18 3005 3028
18 3030 3093
18 3095 3118
18 3120 3181
18 3183 3238
18 3240 3295
6 1 74
6 76 147
6 149 242
6 244 245
6 247 330
6 332 333
6 335 420
6 422 431
6 433 518
6 520 551
6 553 616
6 618 663
6 665 712
6 714 725
6 727 796
6 798 823
6 825 882
6 884 939
6 941 970
6 972 1033
6 1035 1080
6 1082 1175
6 1177 1252
6 1254 1285
6 1287 1368
6 1370 1403
6 1405 1444
6 1446 1483
6 1485 1514
6 1516 1535
6 1537 1560
6 1562 1599
6 1601 1632
6 1634 1693
6 1695 1702
6 1704 1739
6 1741 1756
6 1758 1797
6 1799 1880
6 1882 1925
6 1927 1982
6 1984 1985
6 1987 2080
6 2082 2101
6 2103 2194
6 2196 2201
6 2203 2266
6 2268 2327
6 2329 2372
6 2374 2417
6 2419 2488
6 2490 2555
6 2557 2596
6 2598 2681
6 2683 2688
6 2690 2703
6 2705 2730
6 2732 2785
73 1 42
73 44 53
73 55 136
73 138 177
73 179 250
73 252 325
73 327 368
73 370 427
73 429 442
73 444 495
73 497 570
73 572 573
73 575 626
73 628 689
73 691 786
73 788 845
73 847 888
73 890 949
73 951 954
73 956 1017
73 1019 1100
73 1102 1175
73 1177 1250
73 1252 1281
73 1283 1320
73 1322 1375
73 1377 1464
73 1466 1485
73 1487 1574
73 1576 1639
73 1641 1690
73 1692 1723
73 1725 1772
73 1774 1789
73 1791 1826
73 1828 1901
73 1903 1990
73 1992 2065
73 2067 2136
73 2138 2177
73 2179 2246
73 2248 2255
73 2257 2340
73 2342 2409
97 1 18
97 20 101
97 103 152
97 154 179
97 181 190
97 192 261
97 263 340
97 342 429
97 431 474
97 476 529
97 531 552
97 554 595
97 597 678
97 680 731
97 733 750
97 752 833
97 835 916
97 918 983
97 985 1008
97 1010 1035
97 1037 1076
97 1078 1097
97 1099 1188
97 1190 1239
97 1241 1310
97 1312 1387
97 1389 1428
97 1430 1431
97 1433 1504
97 1506 1579
97 1581 1654
97 1656 1663
97 1665 1762
97 1764 1843
97 1845 1894
97 1896 1961
97 1963 2006
97 2008 2073
97 2075 2098
97 2100 2131
97 2133 2208
97 2210 2233
97 2235 2246
97 2248 2305
92 1 18
92 20 43
92 45 120
92 122 153
92 155 238
92 240 263
92 265 276
92 278 289
92 291 334
92 336 385
92 387 452
92 454 539
92 541 620
92 622 715
92 717 746
92 748 837
92 839 844
92 846 941
92 943 966
92 968 1041
92 1043 1076
92 1078 1139
92 1141 1162
92 1164 1223
92 1225 1282
92 1284 1307
92 1309 1382
92 1384 1461
92 1463 1502
92 1504 1541
92 1543 1554
92 1556 1621
92 1623 1664
92 1666 1749
92 1751 1782
92 1784 1827
92 1829 1866
92 1868 1939
92 1941 2038
92 2040 2089
92 2091 2182
92 2184 2277
92 2279 2346
92 2348 2405
92 2407 2416
92 2418 2513
92 2515 2550
92 2552 2635
92 2637 2714
92 2716 2751
92 2753 2812
92 2814 2821
92 2823 2918
92 2920 2977
92 2979 3042
92 3044 3083
92 3085 3156
92 3158 3173
92 3175 3236
92 3238 3251
92 3253 3278
92 3280 3325
92 3327 3382
1 1 54
1 56 133
1 135 220
1 222 231
1 233 272
1 274 325
1 327 410
1 412 491
1 493 500
1 502 541
1 543 554
1 556 623
1 625 660
1 662 711
1 713 766
1 768 791
1 793 818
1 820 851
1 853 856
1 858 927
1 929 1014
1 1016 1091
1 1093 1152
1 1154 1207
1 1209 1234
1 1236 1271
1 1273 1356
1 1358 1439
1 1441 1524
1 1526 1567
1 1569 1666
1 1668 1689
1 1691 1708
1 1710 1757
1 1759 1840
1 1842 1845
1 1847 1906
1 1908 1989
1 1991 2028
1 2030 2055
1 2057 2114
1 2116 2183
1 2185 2222
1 2224 2291
1 2293 2310
1 2312 2319
1 2321 2342
1 2344 2359
1 2361 2404
1 2406 2455
1 2457 2530
9 1 64
9 66 161
9 163 202
9 204 255
9 257 284
9 286 317
9 319 404
9 406 417
9 419 422
9 424 457
9 459 462
9 464 473
9 475 546
9 548 559
9 561 616
9 618 715
9 717 816
9 818 839
9 841 876
9 878 943
9 945 972
9 974 1037
9 1039 1076
9 1078 1079
9 1081 1180
9 1182 1265
9 1267 1330
9 1332 1347
9 1349 1416
9 1418 1423
9 1425 1452
9 1454 1467
9 1469 1520
9 1522 1573
9 1575 1588
9 1590 1629
9 1631 1636
9 1638 1703
9 1705 1776
9 1778 1839
9 1841 1906
9 1908 1985
9 1987 2084
9 2086 2133
9 2135 2154
9 2156 2201
9 2203 2280
9 2282 2311
9 2313 2348
9 2350 2355
9 2357 2386
9 2388 2445
9 2447 2468
9 2470 2495
9 2497 2514
9 2516 2603
9 2605 2648
9 2650 2733
9 2735 2810
75 1 16
75 18 85
75 87 130
75 132 153
75 155 236
75 238 253
75 255 258
75 260 323
75 325 410
75 412 447
75 449 512
75 514 521
75 523 542
75 544 579
75 581 676
75 678 739
75 741 798
75 800 825
75 827 830
75 832 931
75 933 1010
75 1012 1093
75 1095 1184
75 1186 1217
75 1219 1222
75 1224 1237
75 1239 1284
75 1286 1299
75 1301 1370
75 1372 1387
75 1389 1398
75 1400 1461
75 1463 1498
75 1500 1537
75 1539 1588
75 1590 1669
75 1671 1718
75 1720 1777
75 1779 1824
75 1826 1907
75 1909 2000
22 1 2
22 4 37
22 39 84
22 86 113
22 115 140
22 142 175
22 177 222
22 224 287
22 289 328
22 330 399
22 401 462
22 464 465
22 467 492
22 494 501
22 503 512
22 514 517
22 519 540
22 542 635
22 637 730
22 732 795
22 797 830
22 832 873
22 875 940
22 942 1031
22 1033 1104
22 1106 1115
22 1117 1158
22 1160 1197
22 1199 1286
22 1288 1353
22 1355 1430
22 1432 1459
22 1461 1472
22 1474 1505
22 1507 1544
22 1546 1561
22 1563 1604
22 1606 1629
22 1631 1640
22 1642 1711
22 1713 1748
22 1750 1817
22 1819 1854
22 1856 1897
22 1899 1918
22 1920 1971
22 1973 2020
22 2022 2037
22 2039 2092
22 2094 2185
22 2187 2236
22 2238 2259
22 2261 2268
22 2270 2357
22 2359 2368
22 2370 2435
22 2437 2502
69 1 74
69 76 115
69 117 188
69 190 193
69 195 212
69 214 231
69 233 252
69 254 315
69 317 358
69 360 435
69 437 480
69 482 573
69 575 612
69 614 713
69 715 792
69 794 831
69 833 852
69 854 945
69 947 962
69 964 1045
69 1047 1092
69 1094 1135
69 1137 1148
69 1150 1203
69 1205 1206
69 1208 1257
69 1259 1274
69 1276 1335
69 1337 1394
69 1396 1397
69 1399 1418
69 1420 1497
69 1499 1562
69 1564 1619
69 1621 1696
69 1698 1731
69 1733 1800
69 1802 1857
69 1859 1932
69 1934 1965
69 1967 2060
69 2062 2107
69 2109 2204
69 2206 2263
69 2265 2356
69 2358 2457
69 2459 2520
31 1 46
31 48 85
31 87 148
31 150 213
31 215 296
31 298 361
31 363 436
31 438 505
31 507 542
31 544 547
31 549 598
31 600 609
31 611 678
31 680 753
31 755 804
31 806 833
31 835 846
31 848 927
31 929 1014
31 1016 1061
31 1063 1112
31 1114 1187
31 1189 1270
31 1272 1283
31 1285 1340
31 1342 1433
31 1435 1474
31 1476 1527
31 1529 1570
31 1572 1607
31 1609 1628
31 1630 1671
31 1673 1704
31 1706 1797
31 1799 1806
31 1808 1873
31 1875 1964
31 1966 2045
31 2047 2080
31 2082 2123
31 2125 2130
31 2132 2211
31 2213 2252
31 2254 2319
31 2321 2388
31 2390 2459
31 2461 2528
31 2530 2619
31 2621 2716
62 1 16
62 18 109
62 111 160
62 162 231
62 233 310
62 312 407
62 409 478
62 480 529
62 531 600
62 602 647
62 649 672
62 674 731
62 733 774
62 776 827
62 829 840
62 842 849
62 851 940
62 942 1033
62 1035 1040
62 1042 1069
62 1071 1074
62 1076 1105
62 1107 1134
62 1136 1137
62 1139 1222
62 1224 1233
62 1235 1252
62 1254 1323
62 1325 1342
62 1344 1391
62 1393 1460
62 1462 1517
62 1519 1578
62 1580 1659
62 1661 1712
62 1714 1747
62 1749 1832
62 1834 1907
62 1909 1926
62 1928 1977
62 1979 2028
62 2030 2059
62 2061 2144
62 2146 2149
62 2151 2152
62 2154 2171
62 2173 2220
93 1 100
93 102 141
93 143 220
93 222 239
93 241 320
93 322 359
93 361 406
93 408 469
93 471 472
93 474 565
93 567 618
93 620 699
93 701 730
93 732 745
93 747 764
93 766 769
93 771 856
93 858 931
93 933 968
93 970 1029
93 1031 1034
93 1036 1135
93 1137 1140
93 1142 1183
93 1185 1198
93 1200 1205
93 1207 1238
93 1240 1317
93 1319 1384
93 1386 1387
93 1389 1426
93 1428 1525
93 1527 1580
93 1582 1597
93 1599 1622
93 1624 1643
93 1645 1740
93 1742 1809
93 1811 1824
93 1826 1879
93 1881 1950
93 1952 1987
93 1989 2030
93 2032 2043
93 2045 2134
93 2136 2167
93 2169 2220
93 2222 2227
10 1 94
10 96 149
10 151 216
10 218 281
10 283 342
10 344 421
10 423 510
10 512 527
10 529 616
10 618 629
10 631 672
10 674 687
10 689 770
10 772 815
10 817 848
10 850 921
10 923 1014
10 1016 1039
10 1041 1086
10 1088 1097
10 1099 1128
10 1130 1207
10 1209 1296
10 1298 1323
10 1325 1348
10 1350 1405
10 1407 1498
10 1500 1561
10 1563 1580
10 1582 1589
10 1591 1660
10 1662 1751
10 1753 1846
10 1848 1897
10 1899 1998
10 2000 2045
10 2047 2114
10 2116 2151
10 2153 2246
10 2248 2259
10 2261 2316
10 2318 2323
10 2325 2384
10 2386 2387
10 2389 2438
10 2440 2519
10 2521 2550
10 2552 2577
63 1 14
63 16 115
63 117 130
63 132 231
63 233 238
63 240 287
63 289 332
63 334 407
63 409 502
63 504 599
63 601 694
63 696 757
63 759 800
63 802 843
63 845 876
63 878 885
63 887 904
63 906 917
63 919 956
63 958 1043
63 1045 1052
63 1054 1073
63 1075 1106
63 1108 1157
63 1159 1222
63 1224 1319
63 1321 1398
63 1400 1469
63 1471 1560
63 1562 1661
63 1663 1708
63 1710 1783
63 1785 1854
63 1856 1939
63 1941 1990
63 1992 2011
63 2013 2084
63 2086 2145
63 2147 2212
63 2214 2219
63 2221 2290
74 1 86
74 88 137
74 139 234
74 236 291
74 293 304
74 306 323
74 325 352
74 354 389
74 391 486
74 488 537
74 539 592
74 594 665
74 667 762
74 764 779
74 781 840
74 842 853
74 855 856
74 858 905
74 907 960
74 962 1017
74 1019 1110
74 1112 1175
74 1177 1252
74 1254 1317
74 1319 1358
74 1360 1421
74 1423 1424
74 1426 1431
74 1433 1518
74 1520 1531
74 1533 1622
74 1624 1685
74 1687 1758
74 1760 1827
74 1829 1928
74 1930 2007
74 2009 2042
74 2044 2053
74 2055 2056
74 2058 2081
74 2083 2128
74 2130 2159
74 2161 2254
74 2256 2353
74 2355 2392
74 2394 2471
74 2473 2520
74 2522 2551
74 2553 2568
74 2570 2627
74 2629 2684
74 2686 2731
74 2733 2774
50 1 36
50 38 85
50 87 166
50 168 203
50 205 282
50 284 345
50 347 368
50 370 431
50 433 472
50 474 535
50 537 558
50 560 605
50 607 610
50 612 619
50 621 704
50 706 759
50 761 846
50 848 863
50 865 898
50 900 969
50 971 1068
50 1070 1145
50 1147 1238
50 1240 1297
50 1299 1394
50 1396 1477
50 1479 1564
50 1566 1569
50 1571 1648
50 1650 1693
50 1695 1704
50 1706 1739
50 1741 1804
50 1806 1905
50 1907 1992
50 1994 2015
50 2017 2114
50 2116 2203
50 2205 2244
50 2246 2343
50 2345 2410
50 2412 2421
50 2423 2454
50 2456 2525
50 2527 2550
50 2552 2641
50 2643 2734
50 2736 2765
50 2767 2850
50 2852 2905
67 1 74
67 76 115
67 117 182
67 184 193
67 195 246
67 248 297
67 299 364
67 366 407
67 409 440
67 442 483
67 485 508
67 510 597
67 599 610
67 612 699
67 701 726
67 728 823
67 825 876
67 878 945
67 947 1028
67 1030 1111
67 1113 1118
67 1120 1139
67 1141 1156
67 1158 1175
67 1177 1276
67 1278 1279
67 1281 1322
67 1324 1391
67 1393 1430
67 1432 1491
67 1493 1496
67 1498 1545
67 1547 1630
67 1632 1697
67 1699 1760
67 1762 1833
67 1835 1862
67 1864 1883
67 1885 1930
67 1932 2031
67 2033 2070
67 2072 2087
67 2089 2140
67 2142 2153
67 2155 2192
67 2194 2205
67 2207 2222
38 1 44
38 46 117
38 119 178
38 180 229
38 231 242
38 244 305
38 307 354
38 356 449
38 451 536
38 538 549
38 551 646
38 648 695
38 697 772
38 774 861
38 863 958
38 960 967
38 969 1042
38 1044 1049
38 1051 1110
38 1112 1119
38 1121 1210
38 1212 1241
38 1243 1320
38 1322 1399
38 1401 1494
38 1496 1573
38 1575 1624
38 1626 1723
38 1725 1788
38 1790 1813
38 1815 1852
38 1854 1857
38 1859 1900
38 1902 1941
38 1943 2014
38 2016 2025
38 2027 2064
38 2066 2121
38 2123 2186
38 2188 2239
38 2241 2302
38 2304 2359
38 2361 2456
38 2458 2553
38 2555 2624
38 2626 2651
38 2653 2742
38 2744 2773
38 2775 2784
20 1 32
20 34 121
20 123 150
20 152 155
20 157 204
20 206 293
20 295 324
20 326 409
20 411 448
20 450 499
20 501 578
20 580 623
20 625 696
20 698 703
20 705 776
20 778 863
20 865 920
20 922 931
20 933 1024
20 1026 1077
20 1079 1138
20 1140 1195
20 1197 1234
20 1236 1243
20 1245 1324
20 1326 1397
20 1399 1458
20 1460 1551
20 1553 1572
20 1574 1585
20 1587 1660
20 1662 1723
20 1725 1796
20 1798 1837
20 1839 1848
20 1850 1919
20 1921 1990
20 1992 2015
20 2017 2074
20 2076 2115
20 2117 2168
20 2170 2255
20 2257 2320
20 2322 2353
20 2355 2386
20 2388 2465
52 1 30
52 32 49
52 51 100
52 102 125
52 127 150
52 152 215
52 217 270
52 272 273
52 275 330
52 332 333
52 335 378
52 380 459
52 461 520
52 522 609
52 611 622
52 624 659
52 661 752
52 754 763
52 765 816
52 818 905
52 907 990
52 992 1087
52 1089 1136
52 1138 1233
52 1235 1240
52 1242 1287
52 1289 1342
52 1344 1363
52 1365 1378
52 1380 1463
52 1465 1528
52 1530 1605
52 1607 1658
52 1660 1749
52 1751 1802
52 1804 1805
52 1807 1846
52 1848 1857
52 1859 1918
52 1920 1939
52 1941 1972
52 1974 1985
52 1987 1998
52 2000 2089
52 2091 2188
52 2190 2279
52 2281 2320
52 2322 2383
52 2385 2406
52 2408 2481
52 2483 2572
86 1 88
86 90 133
86 135 178
86 180 211
86 213 246
86 248 251
86 253 288
86 290 375
86 377 420
86 422 473
86 475 570
86 572 649
86 651 744
86 746 823
86 825 826
86 828 901
86 903 914
86 916 1013
86 1015 1108
86 1110 1129
86 1131 1148
86 1150 1233
86 1235 1240
86 1242 1273
86 1275 1362
86 1364 1443
86 1445 1492
86 1494 1537
86 1539 1636
86 1638 1733
86 1735 1776
86 1778 1841
86 1843 1856
86 1858 1935
86 1937 1952
86 1954 1989
86 1991 2082
86 2084 2181
86 2183 2194
86 2196 2223
86 2225 2258
5 1 76
5 78 101
5 103 170
5 172 211
5 213 280
5 282 315
5 317 384
5 386 451
5 453 546
5 548 645
5 647 712
5 714 723
5 725 810
5 812 905
5 907 966
5 968 997
5 999 1050
5 1052 1089
5 1091 1160
5 1162 1223
5 1225 1290
5 1292 1297
5 1299 1348
5 1350 1355
5 1357 1360
5 1362 1389
5 1391 1438
5 1440 1463
5 1465 1484
5 1486 1501
5 1503 1508
5 1510 1511
5 1513 1568
5 1570 1661
5 1663 1734
5 1736 1787
5 1789 1880
5 1882 1927
5 1929 1956
5 1958 1993
5 1995 2084
5 2086 2127
5 2129 2160
5 2162 2205
5 2207 2290
5 2292 2345
5 2347 2348
5 2350 2401
5 2403 2498
5 2500 2547
5 2549 2580
5 2582 2631
5 2633 2644
5 2646 2667
5 2669 2672
5 2674 2719
79 1 84
79 86 165
79 167 190
79 192 281
79 283 284
79 286 379
79 381 420
79 422 423
79 425 480
79 482 545
79 547 632
79 634 673
79 675 752
79 754 793
79 795 808
79 810 811
79 813 874
79 876 941
79 943 972
79 974 1011
79 1013 1044
79 1046 1103
79 1105 1134
79 1136 1177
79 1179 1232
79 1234 1295
79 1297 1346
79 1348 1415
79 1417 1442
79 1444 1497
79 1499 1588
79 1590 1649
79 1651 1712
79 1714 1741
79 1743 1794
79 1796 1829
79 1831 1842
79 1844 1865
79 1867 1872
79 1874 1967
79 1969 1992
79 1994 2077
79 2079 2170
79 2172 2209
79 2211 2278
79 2280 2377
79 2379 2438
79 2440 2485
79 2487 2512
79 2514 2557
79 2559 2614
11 1 14
11 16 103
11 105 120
11 122 187
11 189 236
11 238 245
11 247 320
11 322 329
11 331 418
11 420 437
11 439 448
11 450 505
11 507 510
11 512 517
11 519 524
11 526 543
11 545 632
11 634 695
11 697 722
11 724 745
11 747 788
11 790 815
11 817 850
11 852 881
11 883 886
11 888 933
11 935 966
11 968 1019
11 1021 1094
11 1096 1103
11 1105 1106
11 1108 1125
11 1127 1136
11 1138 1193
11 1195 1262
11 1264 1295
11 1297 1388
11 1390 1453
11 1455 1496
11 1498 1511
11 1513 1576
11 1578 1675
11 1677 1680
11 1682 1761
11 1763 1860
11 1862 1957
11 1959 1966
11 1968 1987
11 1989 2012
11 2014 2037
11 2039 2060
11 2062 2147
11 2149 2234
11 2236 2279
11 2281 2352
11 2354 2409
11 2411 2448
11 2450 2493
96 1 76
96 78 155
96 157 190
96 192 235
96 237 294
96 296 319
96 321 398
96 400 431
96 433 516
96 518 521
96 523 600
96 602 647
96 649 690
96 692 749
96 751 832
96 834 921
96 923 970
96 972 989
96 991 1072
96 1074 1115
96 1117 1174
96 1176 1273
96 1275 1364
96 1366 1425
96 1427 1484
96 1486 1513
96 1515 1594
96 1596 1633
96 1635 1712
96 1714 1759
96 1761 1788
96 1790 1855
96 1857 1916
96 1918 1957
96 1959 2028
96 2030 2037
96 2039 2138
96 2140 2229
96 2231 2240
96 2242 2325
96 2327 2354
96 2356 2399
96 2401 2486
96 2488 2575
96 2577 2644
96 2646 2695
96 2697 2794
96 2796 2829
96 2831 2834
96 2836 2889
96 2891 2978
96 2980 3051
96 3053 3098
96 3100 3121
47 1 70
47 72 161
47 163 210
47 212 217
47 219 250
47 252 305
47 307 392
47 394 437
47 439 506
47 508 581
47 583 668
47 670 707
47 709 754
47 756 783
47 785 874
47 876 941
47 943 970
47 972 1043
47 1045 1054
47 1056 1109
47 1111 1148
47 1150 1195
47 1197 1224
47 1226 1261
47 1263 1290
47 1292 1381
47 1383 1462
47 1464 1467
47 1469 1478
47 1480 1523
47 1525 1624
47 1626 1681
47 1683 1738
47 1740 1775
47 1777 1852
47 1854 1925
47 1927 1974
47 1976 2041
47 2043 2122
47 2124 2175
47 2177 2254
47 2256 2313
47 2315 2366
47 2368 2383
47 2385 2428
47 2430 2437
47 2439 2446
47 2448 2527
47 2529 2608
47 2610 2681
47 2683 2758
47 2760 2805
47 2807 2880
47 2882 2897
47 2899 2994
47 2996 3063
47 3065 3074
47 3076 3149
47 3151 3222
35 1 48
35 50 99
35 101 102
35 104 189
35 191 274
35 276 319
35 321 404
35 406 473
35 475 540
35 542 577
35 579 600
35 602 683
35 685 708
35 710 717
35 719 794
35 796 893
35 895 962
35 964 1051
35 1053 1062
35 1064 1071
35 1073 1110
35 1112 1175
35 1177 1226
35 1228 1253
35 1255 1288
35 1290 1327
35 1329 1416
35 1418 1515
35 1517 1564
35 1566 1589
35 1591 1682
35 1684 1739
35 1741 1816
35 1818 1869
35 1871 1912
35 1914 1957
35 1959 2002
35 2004 2089
35 2091 2128
35 2130 2149
35 2151 2174
35 2176 2191
35 2193 2284
35 2286 2383
35 2385 2434
35 2436 2529
35 2531 2570
72 1 28
72 30 113
72 115 146
72 148 157
72 159 190
72 192 239
72 241 260
72 262 283
72 285 362
72 364 407
72 409 508
72 510 599
72 601 680
72 682 689
72 691 732
72 734 811
72 813 912
72 914 965
72 967 990
72 992 1031
72 1033 1058
72 1060 1135
72 1137 1152
72 1154 1247
72 1249 1302
72 1304 1383
72 1385 1388
72 1390 1489
72 1491 1522
72 1524 1561
72 1563 1590
72 1592 1629
72 1631 1642
72 1644 1715
72 1717 1810
72 1812 1843
72 1845 1942
72 1944 1989
72 1991 2074
72 2076 2111
72 2113 2128
72 2130 2139
72 2141 2210
72 2212 2245
72 2247 2298
72 2300 2393
72 2395 2424
72 2426 2497
72 2499 2504
72 2506 2579
72 2581 2590
72 2592 2641
72 2643 2644
72 2646 2699
72 2701 2746
72 2748 2813
12 1 64
12 66 111
12 113 162
12 164 171
12 173 218
12 220 287
12 289 382
12 384 395
12 397 436
12 438 523
12 525 580
12 582 583
12 585 630
12 632 707
12 709 734
12 736 781
12 783 842
12 844 905
12 907 978
12 980 1055
12 1057 1074
12 1076 1159
12 1161 1256
12 1258 1303
12 1305 1330
12 1332 1393
12 1395 1400
12 1402 1473
12 1475 1510
12 1512 1547
12 1549 1592
12 1594 1621
12 1623 1666
12 1668 1727
12 1729 1766
12 1768 1793
12 1795 1814
12 1816 1821
12 1823 1850
12 1852 1881
12 1883 1982
12 1984 2037
12 2039 2136
12 2138 2169
12 2171 2190
12 2192 2213
12 2215 2304
12 2306 2365
12 2367 2448
12 2450 2499
12 2501 2586
12 2588 2653
12 2655 2748
12 2750 2815
12 2817 2842
12 2844 2861
12 2863 2888
12 2890 2941
12 2943 3004
12 3006 3053
12 3055 3144
12 3146 3229
16 1 62
16 64 131
16 133 146
16 148 205
16 207 242
16 244 337
16 339 370
16 372 391
16 393 430
16 432 465
16 467 550
16 552 629
16 631 662
16 664 717
16 719 738
16 740 811
16 813 842
16 844 935
16 937 954
16 956 1019
16 1021 1022
16 1024 1089
16 1091 1102
16 1104 1199
16 1201 1204
16 1206 1269
16 1271 1320
16 1322 1391
16 1393 1446
16 1448 1467
16 1469 1472
16 1474 1517
16 1519 1572
16 1574 1613
16 1615 1648
16 1650 1703
16 1705 1800
16 1802 1835
16 1837 1910
16 1912 1975
16 1977 2006
16 2008 2091
16 2093 2114
16 2116 2143
16 2145 2170
16 2172 2247
16 2249 2256
16 2258 2287
16 2289 2346
16 2348 2379
16 2381 2462
16 2464 2531
16 2533 2584
65 1 16
65 18 31
65 33 38
65 40 135
65 137 188
65 190 273
65 275 356
65 358 369
65 371 388
65 390 451
65 453 506
65 508 593
65 595 618
65 620 663
65 665 762
65 764 813
65 815 902
65 904 929
65 931 960
65 962 1015
65 1017 1074
65 1076 1139
65 1141 1150
65 1152 1195
65 1197 1226
65 1228 1245
65 1247 1326
65 1328 1379
65 1381 1420
65 1422 1447
65 1449 1486
65 1488 1489
65 1491 1578
65 1580 1677
65 1679 1740
65 1742 1831
65 1833 1896
65 1898 1933
65 1935 2030
65 2032 2055
65 2057 2072
65 2074 2149
65 2151 2228
65 2230 2291
65 2293 2336
65 2338 2381
51 1 66
51 68 159
51 161 212
51 214 253
51 255 316
51 318 361
51 363 364
51 366 441
51 443 516
51 518 587
51 589 684
51 686 727
51 729 814
51 816 841
51 843 934
51 936 1019
51 1021 1050
51 1052 1141
51 1143 1240
51 1242 1259
51 1261 1312
51 1314 1355
51 1357 1368
51 1370 1387
51 1389 1436
51 1438 1445
51 1447 1540
51 1542 1577
51 1579 1632
51 1634 1719
51 1721 1764
51 1766 1829
51 1831 1850
51 1852 1901
51 1903 1912
51 1914 1927
51 1929 2000
51 2002 2017
51 2019 2042
51 2044 2135
51 2137 2178
51 2180 2203
51 2205 2250
51 2252 2301
51 2303 2340
51 2342 2409
51 2411 2500
51 2502 2515
51 2517 2614
51 2616 2669
51 2671 2720
51 2722 2775
51 2777 2790
51 2792 2875
51 2877 2948
46 1 68
46 70 133
46 135 214
46 216 239
46 241 288
46 290 373
46 375 414
46 416 509
46 511 556
46 558 581
46 583 674
46 676 753
46 755 850
46 852 853
46 855 864
46 866 935
46 937 958
46 960 1055
46 1057 1068
46 1070 1119
46 1121 1190
46 1192 1203
46 1205 1304
46 1306 1403
46 1405 1472
46 1474 1485
46 1487 1544
46 1546 1645
46 1647 1652
46 1654 1729
46 1731 1764
46 1766 1859
46 1861 1896
46 1898 1921
46 1923 1978
46 1980 2005
46 2007 2030
46 2032 2117
46 2119 2198
46 2200 2201
46 2203 2218
46 2220 2251
46 2253 2330
46 2332 2339
46 2341 2386
46 2388 2411
46 2413 2472
46 2474 2513
46 2515 2522
46 2524 2551
46 2553 2590
46 2592 2597
46 2599 2650
71 1 28
71 30 77
71 79 136
71 138 231
71 233 286
71 288 383
71 385 392
71 394 477
71 479 566
71 568 603
71 605 702
71 704 761
71 763 802
71 804 899
71 901 932
71 934 1025
71 1027 1084
71 1086 1113
71 1115 1138
71 1140 1221
71 1223 1314
71 1316 1399
71 1401 1420
71 1422 1453
71 1455 1540
71 1542 1603
71 1605 1630
71 1632 1709
71 1711 1734
71 1736 1767
71 1769 1824
71 1826 1911
71 1913 1974
71 1976 2029
71 2031 2056
71 2058 2097
71 2099 2116
71 2118 2127
71 2129 2224
71 2226 2313
71 2315 2390
71 2392 2433
71 2435 2464
71 2466 2501
71 2503 2592
23 1 4
23 6 91
23 93 146
23 148 221
23 223 268
23 270 311
23 313 336
23 338 407
23 409 490
23 492 505
23 507 550
23 552 641
23 643 682
23 684 749
23 751 796
23 798 879
23 881 954
23 956 1039
23 1041 1108
23 1110 1175
23 1177 1192
23 1194 1263
23 1265 1328
23 1330 1419
23 1421 1438
23 1440 1447
23 1449 1492
23 1494 1559
23 1561 1572
23 1574 1625
23 1627 1704
23 1706 1801
23 1803 1870
23 1872 1883
23 1885 1936
23 1938 2023
23 2025 2108
23 2110 2201
23 2203 2292
23 2294 2347
23 2349 2394
23 2396 2419
23 2421 2498
23 2500 2547
23 2549 2644
23 2646 2729
23 2731 2754
23 2756 2805
66 1 2
66 4 99
66 101 176
66 178 273
66 275 280
66 282 291
66 293 318
66 320 337
66 339 342
66 344 431
66 433 500
66 502 581
66 583 658
66 660 713
66 715 738
66 740 747
66 749 810
66 812 873
66 875 916
66 918 1005
66 1007 1088
66 1090 1103
66 1105 1170
66 1172 1233
66 1235 1312
66 1314 1375
66 1377 1390
66 1392 1395
66 1397 1408
66 1410 1427
66 1429 1522
66 1524 1615
66 1617 1700
66 1702 1735
66 1737 1758
66 1760 1789
66 1791 1876
66 1878 1949
66 1951 1958
66 1960 1979
66 1981 2078
66 2080 2163
66 2165 2172
66 2174 2189
66 2191 2202
36 1 78
36 80 177
36 179 266
36 268 345
36 347 396
36 398 457
36 459 482
36 484 497
36 499 522
36 524 595
36 597 654
36 656 679
36 681 768
36 770 821
36 823 876
36 878 895
36 897 952
36 954 1031
36 1033 1050
36 1052 1109
36 1111 1138
36 1140 1155
36 1157 1180
36 1182 1231
36 1233 1294
36 1296 1395
36 1397 1412
36 1414 1505
36 1507 1604
36 1606 1659
36 1661 1692
36 1694 1715
36 1717 1760
36 1762 1787
36 1789 1810
36 1812 1867
36 1869 1964
39 1 24
39 26 35
39 37 86
39 88 115
39 117 168
39 170 233
39 235 262
39 264 345
39 347 378
39 380 459
39 461 560
39 562 607
39 609 678
39 680 735
39 737 760
39 762 811
39 813 902
39 904 991
39 993 1066
39 1068 1099
39 1101 1184
39 1186 1239
39 1241 1340
39 1342 1437
39 1439 1460
39 1462 1549
39 1551 1560
39 1562 1637
39 1639 1680
39 1682 1685
39 1687 1718
39 1720 1721
39 1723 1726
39 1728 1783
39 1785 1814
39 1816 1881
39 1883 1918
39 1920 1961
39 1963 2018
39 2020 2043
39 2045 2078
39 2080 2137
39 2139 2182
39 2184 2233
39 2235 2244
39 2246 2285
39 2287 2372
39 2374 2449
39 2451 2512
39 2514 2529
39 2531 2572
39 2574 2661
39 2663 2694
33 1 34
33 36 47
33 49 148
33 150 211
33 213 274
33 276 323
33 325 378
33 380 429
33 431 440
33 442 475
33 477 556
33 558 611
33 613 616
33 618 697
33 699 758
33 760 765
33 767 846
33 848 911
33 913 990
33 992 997
33 999 1060
33 1062 1115
33 1117 1212
33 1214 1245
33 1247 1284
33 1286 1345
33 1347 1420
33 1422 1491
33 1493 1592
33 1594 1665
33 1667 1756
33 1758 1775
33 1777 1810
33 1812 1877
33 1879 1928
33 1930 1959
33 1961 1994
33 1996 2005
33 2007 2096
33 2098 2149
33 2151 2156
33 2158 2243
33 2245 2262
33 2264 2273
33 2275 2322
33 2324 2333
33 2335 2352
33 2354 2427
33 2429 2456
89 1 80
89 82 165
89 167 186
89 188 231
89 233 246
89 248 259
89 261 340
89 342 367
89 369 388
89 390 449
89 451 546
89 548 569
89 571 638
89 640 715
89 717 804
89 806 809
89 811 812
89 814 835
89 837 918
89 920 995
89 997 1076
89 1078 1173
89 1175 1264
89 1266 1353
89 1355 1444
89 1446 1539
89 1541 1616
89 1618 1691
89 1693 1774
89 1776 1809
89 1811 1828
89 1830 1919
89 1921 1996
89 1998 2085
89 2087 2162
89 2164 2247
89 2249 2266
89 2268 2279
89 2281 2356
89 2358 2359
89 2361 2408
89 2410 2419
89 2421 2466
89 2468 2563
89 2565 2650
89 2652 2729
89 2731 2740
89 2742 2819
89 2821 2890
89 2892 2957
89 2959 3010
89 3012 3013
89 3015 3028
89 3030 3039
89 3041 3062
83 1 22
83 24 105
83 107 114
83 116 121
83 123 180
83 182 239
83 241 272
83 274 289
83 291 390
83 392 437
83 439 458
83 460 543
83 545 580
83 582 625
83 627 636
83 638 685
83 687 706
83 708 785
83 787 854
83 856 863
83 865 928
83 930 1017
83 1019 1076
83 1078 1153
83 1155 1238
83 1240 1259
83 1261 1290
83 1292 1375
83 1377 1466
83 1468 1551
83 1553 1566
83 1568 1593
83 1595 1682
83 1684 1739
83 1741 1786
83 1788 1833
83 1835 1878
83 1880 1945
83 1947 1976
83 1978 2073
83 2075 2128
83 2130 2177
83 2179 2194
83 2196 2275
83 2277 2324
83 2326 2417
83 2419 2516
83 2518 2533
83 2535 2570
83 2572 2603
83 2605 2644
83 2646 2681
28 1 42
28 44 49
28 51 130
28 132 141
28 143 232
28 234 319
28 321 328
28 330 363
28 365 432
28 434 467
28 469 526
28 528 547
28 549 572
28 574 651
28 653 742
28 744 763
28 765 790
28 792 803
28 805 822
28 824 833
28 835 872
28 874 951
28 953 1006
28 1008 1049
28 1051 1136
28 1138 1193
28 1195 1264
28 1266 1345
28 1347 1372
28 1374 1377
28 1379 1400
28 1402 1453
28 1455 1526
28 1528 1567
28 1569 1578
28 1580 1599
28 1601 1602
28 1604 1641
28 1643 1664
28 1666 1749
28 1751 1812
28 1814 1843
28 1845 1894
28 1896 1911
28 1913 1994
28 1996 2003
28 2005 2058
28 2060 2131
56 1 64
56 66 145
56 147 194
56 196 217
56 219 310
56 312 325
56 327 376
56 378 415
56 417 452
56 454 549
56 551 632
56 634 715
56 717 798
56 800 887
56 889 894
56 896 989
56 991 1042
56 1044 1093
56 1095 1192
56 1194 1249
56 1251 1270
56 1272 1307
56 1309 1404
56 1406 1479
56 1481 1574
56 1576 1633
56 1635 1646
56 1648 1705
56 1707 1726
56 1728 1771
56 1773 1838
56 1840 1897
56 1899 1904
56 1906 1921
56 1923 2012
56 2014 2083
56 2085 2094
56 2096 2189
56 2191 2214
56 2216 2255
56 2257 2300
56 2302 2337
56 2339 2432
56 2434 2465
56 2467 2488
56 2490 2575
56 2577 2650
56 2652 2709
56 2711 2762
56 2764 2801
90 1 4
90 6 39
90 41 106
90 108 111
90 113 206
90 208 211
90 213 252
90 254 277
90 279 366
90 368 383
90 385 442
90 444 527
90 529 602
90 604 643
90 645 740
90 742 799
90 801 840
90 842 899
90 901 940
90 942 1031
90 1033 1042
90 1044 1111
90 1113 1118
90 1120 1193
90 1195 1246
90 1248 1283
90 1285 1316
90 1318 1405
90 1407 1432
90 1434 1489
90 1491 1560
90 1562 1651
90 1653 1694
90 1696 1711
90 1713 1774
90 1776 1873
90 1875 1922
90 1924 1925
90 1927 1962
90 1964 2017
90 2019 2088
90 2090 2113
90 2115 2212
90 2214 2275
90 2277 2344
90 2346 2413
90 2415 2478
90 2480 2541
90 2543 2558
90 2560 2599
91 1 18
91 20 49
91 51 108
91 110 137
91 139 200
91 202 279
91 281 320
91 322 419
91 421 436
91 438 445
91 447 460
91 462 553
91 555 606
91 608 633
91 635 658
91 660 695
91 697 704
91 706 803
91 805 838
91 840 877
91 879 974
91 976 1069
91 1071 1142
91 1144 1193
91 1195 1266
91 1268 1303
91 1305 1320
91 1322 1391
91 1393 1414
91 1416 1419
91 1421 1440
91 1442 1531
91 1533 1584
91 1586 1613
91 1615 1698
91 1700 1721
91 1723 1750
91 1752 1813
91 1815 1902
91 1904 1985
91 1987 2086
91 2088 2103
91 2105 2108
91 2110 2127
91 2129 2144
91 2146 2169
91 2171 2200
91 2202 2219
91 2221 2274
91 2276 2301
91 2303 2366
91 2368 2405
91 2407 2476
91 2478 2533
91 2535 2560
91 2562 2599
27 1 6
27 8 71
27 73 158
27 160 181
27 183 264
27 266 341
27 343 412
27 414 469
27 471 546
27 548 563
27 565 622
27 624 683
27 685 730
27 732 737
27 739 834
27 836 899
27 901 966
27 968 1065
27 1067 1120
27 1122 1199
27 1201 1250
27 1252 1321
27 1323 1384
27 1386 1405
27 1407 1462
27 1464 1523
27 1525 1592
27 1594 1665
27 1667 1732
27 1734 1823
27 1825 1844
27 1846 1861
27 1863 1878
27 1880 1929
27 1931 2008
27 2010 2075
27 2077 2094
27 2096 2129
27 2131 2178
27 2180 2201
27 2203 2232
27 2234 2249
27 2251 2324
27 2326 2395
27 2397 2442
27 2444 2529
27 2531 2628
27 2630 2697
27 2699 2726
27 2728 2771
54 1 42
54 44 127
54 129 194
54 196 207
54 209 292
54 294 383
54 385 428
54 430 455
54 457 512
54 514 563
54 565 620
54 622 705
54 707 750
54 752 839
54 841 914
54 916 923
54 925 994
54 996 1075
54 1077 1086
54 1088 1113
54 1115 1208
54 1210 1255
54 1257 1268
54 1270 1319
54 1321 1364
54 1366 1399
54 1401 1498
54 1500 1527
54 1529 1608
54 1610 1645
54 1647 1742
54 1744 1813
54 1815 1850
54 1852 1865
54 1867 1880
54 1882 1929
54 1931 2004
54 2006 2053
54 2055 2106
54 2108 2113
54 2115 2136
54 2138 2187
54 2189 2216
54 2218 2277
54 2279 2332
54 2334 2421
54 2423 2446
54 2448 2527
30 1 56
30 58 115
30 117 214
30 216 263
30 265 266
30 268 323
30 325 360
30 362 387
30 389 426
30 428 469
30 471 542
30 544 635
30 637 702
30 704 737
30 739 798
30 800 809
30 811 900
30 902 935
30 937 994
30 996 1017
30 1019 1036
30 1038 1101
30 1103 1200
30 1202 1291
30 1293 1346
30 1348 1351
30 1353 1364
30 1366 1397
30 1399 1470
30 1472 1477
30 1479 1530
30 1532 1555
30 1557 1642
30 1644 1739
30 1741 1762
30 1764 1833
45 1 14
45 16 41
45 43 72
45 74 161
45 163 222
45 224 259
45 261 320
45 322 395
45 397 440
45 442 513
45 515 564
45 566 663
45 665 668
45 670 709
45 711 750
45 752 843
45 845 886
45 888 895
45 897 980
45 982 1081
45 1083 1168
45 1170 1241
45 1243 1334
45 1336 1383
45 1385 1402
45 1404 1475
45 1477 1506
45 1508 1513
45 1515 1608
45 1610 1621
45 1623 1706
45 1708 1767
45 1769 1864
45 1866 1931
45 1933 1954
45 1956 1975
45 1977 2014
45 2016 2061
45 2063 2094
45 2096 2141
45 2143 2238
45 2240 2265
45 2267 2272
45 2274 2311
45 2313 2354
45 2356 2431
45 2433 2458
45 2460 2511
45 2513 2550
45 2552 2585
45 2587 2620
3 1 62
3 64 71
3 73 152
3 154 167
3 169 252
3 254 297
3 299 380
3 382 437
3 439 494
3 496 529
3 531 596
3 598 637
3 639 718
3 720 743
3 745 832
3 834 847
3 849 878
3 880 939
3 941 1026
3 1028 1059
3 1061 1124
3 1126 1187
3 1189 1214
3 1216 1285
3 1287 1346
3 1348 1379
3 1381 1392
3 1394 1415
3 1417 1424
3 1426 1491
3 1493 1510
3 1512 1573
3 1575 1608
3 1610 1655
3 1657 1726
3 1728 1777
3 1779 1826
3 1828 1913
3 1915 1948
3 1950 2001
59 1 72
59 74 95
59 97 172
59 174 239
59 241 304
59 306 393
59 395 448
59 450 531
59 533 554
59 556 571
59 573 602
59 604 621
59 623 626
59 628 705
59 707 764
59 766 865
59 867 896
59 898 995
59 997 1066
59 1068 1099
59 1101 1122
59 1124 1219
59 1221 1228
59 1230 1281
59 1283 1362
59 1364 1397
59 1399 1404
59 1406 1435
59 1437 1438
59 1440 1539
59 1541 1576
59 1578 1643
59 1645 1654
59 1656 1733
59 1735 1748
59 1750 1787
59 1789 1806
59 1808 1881
59 1883 1892
59 1894 1915
59 1917 1982
59 1984 2063
59 2065 2086
59 2088 2127
59 2129 2224
59 2226 2281
32 1 28
32 30 67
32 69 156
32 158 207
32 209 284
32 286 323
32 325 354
32 356 391
32 393 486
32 488 563
32 565 578
32 580 635
32 637 702
32 704 761
32 763 800
32 802 879
32 881 938
32 940 1015
32 1017 1102
32 1104 1137
32 1139 1216
32 1218 1261
32 1263 1306
32 1308 1381
32 1383 1466
32 1468 1537
32 1539 1632
32 1634 1645
32 1647 1664
32 1666 1679
32 1681 1754
32 1756 1803
32 1805 1814
32 1816 1853
32 1855 1940
32 1942 1985
32 1987 2016
32 2018 2101
32 2103 2174
32 2176 2213
32 2215 2268
32 2270 2343
32 2345 2424
87 1 70
87 72 113
87 115 142
87 144 183
87 185 220
87 222 297
87 299 390
87 392 417
87 419 492
87 494 517
87 519 594
87 596 597
87 599 642
87 644 723
87 725 726
87 728 797
87 799 890
87 892 943
87 945 1016
87 1018 1105
87 1107 1154
87 1156 1209
87 1211 1242
87 1244 1269
87 1271 1326
87 1328 1385
87 1387 1482
87 1484 1493
87 1495 1586
87 1588 1665
87 1667 1702
87 1704 1769
87 1771 1790
87 1792 1797
87 1799 1822
87 1824 1921
87 1923 2000
87 2002 2063
87 2065 2128
87 2130 2175
87 2177 2266
87 2268 2305
87 2307 2396
87 2398 2457
87 2459 2476
87 2478 2571
87 2573 2628
87 2630 2693
87 2695 2724
87 2726 2805
87 2807 2846
87 2848 2867
8 1 26
8 28 61
8 63 114
8 116 185
8 187 226
8 228 323
8 325 404
8 406 459
8 461 502
8 504 533
8 535 556
8 558 641
8 643 690
8 692 699
8 701 748
8 750 771
8 773 828
8 830 861
8 863 868
8 870 965
8 967 1048
8 1050 1079
8 1081 1142
8 1144 1229
8 1231 1238
8 1240 1251
8 1253 1258
8 1260 1295
8 1297 1330
8 1332 1387
8 1389 1468
8 1470 1481
8 1483 1510
8 1512 1573
8 1575 1632
8 1634 1653
8 1655 1750
8 1752 1795
8 1797 1892
8 1894 1907
8 1909 2006
8 2008 2067
8 2069 2094
8 2096 2161
8 2163 2194
8 2196 2211
88 1 26
88 28 33
88 35 84
88 86 105
88 107 178
88 180 277
88 279 298
88 300 365
88 367 420
88 422 493
88 495 578
88 580 603
88 605 654
88 656 713
88 715 782
88 784 805
88 807 838
88 840 925
88 927 968
88 970 1045
88 1047 1122
88 1124 1179
88 1181 1190
88 1192 1241
88 1243 1274
88 1276 1307
88 1309 1398
88 1400 1477
88 1479 1522
88 1524 1573
88 1575 1668
88 1670 1763
88 1765 1800
88 1802 1881
88 1883 1958
88 1960 2047
88 2049 2124
88 2126 2189
88 2191 2228
88 2230 2249
88 2251 2290
88 2292 2317
88 2319 2336
88 2338 2361
88 2363 2426
53 1 12
53 14 31
53 33 78
53 80 97
53 99 164
53 166 263
53 265 286
53 288 363
53 365 462
53 464 477
53 479 570
53 572 643
53 645 646
53 648 703
53 705 770
53 772 865
53 867 868
53 870 929
53 931 970
53 972 1061
53 1063 1154
53 1156 1185
53 1187 1198
53 1200 1263
53 1265 1288
53 1290 1363
53 1365 1454
53 1456 1551
53 1553 1644
53 1646 1675
53 1677 1770
53 1772 1789
53 1791 1824
53 1826 1887
53 1889 1904
53 1906 1987
53 1989 2026
53 2028 2043
53 2045 2086
53 2088 2095
53 2097 2194
53 2196 2245
53 2247 2294
53 2296 2297
2 1 94
2 96 105
2 107 156
2 158 233
2 235 268
2 270 335
2 337 382
2 384 405
2 407 418
2 420 443
2 445 538
2 540 637
2 639 666
2 668 739
2 741 826
2 828 835
2 837 894
2 896 909
2 911 956
2 958 1023
2 1025 1088
2 1090 1143
2 1145 1208
2 1210 1277
2 1279 1332
2 1334 1417
2 1419 1514
2 1516 1573
2 1575 1620
2 1622 1625
2 1627 1686
2 1688 1733
2 1735 1754
2 1756 1839
2 1841 1850
2 1852 1909
2 1911 1988
2 1990 2065
2 2067 2086
2 2088 2177
2 2179 2250
2 2252 2339
2 2341 2430
2 2432 2499
2 2501 2534
2 2536 2589
2 2591 2658
2 2660 2723
2 2725 2800
2 2802 2887
2 2889 2942
2 2944 2999
85 1 46
85 48 127
85 129 152
85 154 209
85 211 298
85 300 371
85 373 446
85 448 457
85 459 552
85 554 575
85 577 676
85 678 743
85 745 824
85 826 893
85 895 952
85 954 1029
85 1031 1102
85 1104 1137
85 1139 1182
85 1184 1277
85 1279 1342
85 1344 1435
85 1437 1508
85 1510 1585
85 1587 1644
85 1646 1673
85 1675 1716
85 1718 1735
85 1737 1832
85 1834 1841
85 1843 1914
85 1916 1917
85 1919 2000
85 2002 2021
85 2023 2098
85 2100 2185
85 2187 2220
85 2222 2273
85 2275 2280
85 2282 2309
85 2311 2320
85 2322 2415
85 2417 2510
85 2512 2609
85 2611 2614
85 2616 2623
85 2625 2632
85 2634 2641
85 2643 2726
85 2728 2747
85 2749 2788
85 2790 2811
85 2813 2838
85 2840 2887
85 2889 2982
85 2984 3013
85 3015 3108
85 3110 3157
85 3159 3208
85 3210 3215
85 3217 3284
85 3286 3343
41 1 96
41 98 125
41 127 174
41 176 271
41 273 274
41 276 337
41 339 376
41 378 437
41 439 528
41 530 619
41 621 648
41 650 727
41 729 752
41 754 763
41 765 786
41 788 857
41 859 892
41 894 919
41 921 972
41 974 979
41 981 1010
41 1012 1061
41 1063 1154
41 1156 1223
41 1225 1324
41 1326 1421
41 1423 1476
41 1478 1553
41 1555 1600
41 1602 1623
41 1625 1716
41 1718 1719
41 1721 1812
41 1814 1867
41 1869 1940
41 1942 1977
41 1979 2048
41 2050 2055
41 2057 2092
41 2094 2099
41 2101 2174
41 2176 2257
42 1 20
42 22 29
42 31 88
42 90 183
42 185 268
42 270 275
42 277 368
42 370 451
42 453 538
42 540 587
42 589 678
42 680 749
42 751 812
42 814 903
42 905 966
42 968 1017
42 1019 1050
42 1052 1139
42 1141 1208
42 1210 1243
42 1245 1248
42 1250 1283
42 1285 1308
42 1310 1319
42 1321 1380
42 1382 1395
42 1397 1492
42 1494 1575
42 1577 1650
42 1652 1679
42 1681 1732
42 1734 1827
42 1829 1836
42 1838 1917
42 1919 2014
42 2016 2113
42 2115 2180
42 2182 2197
42 2199 2260
42 2262 2311
42 2313 2356
42 2358 2443
42 2445 2488
42 2490 2557
42 2559 2582
42 2584 2681
42 2683 2766
42 2768 2813
42 2815 2860
42 2862 2875
42 2877 2914
42 2916 2963
70 1 2
70 4 83
70 85 134
70 136 207
70 209 232
70 234 277
70 279 312
70 314 357
70 359 398
70 400 465
70 467 484
70 486 487
70 489 576
70 578 655
70 657 734
70 736 767
70 769 770
70 772 823
70 825 924
70 926 1007
70 1009 1018
70 1020 1085
70 1087 1178
70 1180 1197
70 1199 1282
70 1284 1381
70 1383 1402
70 1404 1415
70 1417 1488
70 1490 1541
70 1543 1592
70 1594 1685
70 1687 1724
70 1726 1809
70 1811 1838
70 1840 1875
70 1877 1924
70 1926 1949
70 1951 2006
70 2008 2043
70 2045 2104
70 2106 2145
70 2147 2234
70 2236 2291
70 2293 2322
70 2324 2343
70 2345 2384
70 2386 2471
70 2473 2544
70 2546 2629
70 2631 2680
70 2682 2707
76 1 96
76 98 103
76 105 108
76 110 145
76 147 174
76 176 195
76 197 200
76 202 219
76 221 254
76 256 339
76 341 344
76 346 397
76 399 434
76 436 499
76 501 504
76 506 515
76 517 574
76 576 661
76 663 700
76 702 771
76 773 842
76 844 929
76 931 938
76 940 957
76 959 960
76 962 971
76 973 1008
76 1010 1071
76 1073 1148
76 1150 1203
76 1205 1240
76 1242 1279
76 1281 1378
76 1380 1475
76 1477 1572
76 1574 1615
76 1617 1710
76 1712 1743
76 1745 1782
76 1784 1847
15 1 42
15 44 75
15 77 136
15 138 211
15 213 292
15 294 307
15 309 342
15 344 407
15 409 484
15 486 537
15 539 616
15 618 645
15 647 682
15 684 699
15 701 756
15 758 847
15 849 884
15 886 889
15 891 932
15 934 1003
15 1005 1080
15 1082 1111
15 1113 1174
15 1176 1243
15 1245 1302
15 1304 1353
15 1355 1370
15 1372 1461
15 1463 1480
15 1482 1507
15 1509 1530
15 1532 1629
15 1631 1640
15 1642 1727
15 1729 1784
15 1786 1831
15 1833 1834
81 1 98
81 100 193
81 195 246
81 248 253
81 255 330
81 332 375
81 377 388
81 390 419
81 421 492
81 494 515
81 517 608
81 610 695
81 697 730
81 732 777
81 779 820
81 822 847
81 849 858
81 860 925
81 927 960
81 962 971
81 973 1016
81 1018 1103
81 1105 1118
81 1120 1159
81 1161 1186
81 1188 1219
81 1221 1300
81 1302 1357
81 1359 1384
81 1386 1417
81 1419 1420
607837 607847
978947 978948
926448 926452
664617 664618
591998 592001
722342 722345
738086 738089
802178 802178
886291 886294
851598 851603
603958 603967
942904 942907
210196 210200
696136 696136
716392 716398
122195 122195
257877 257881
704098 704103
392976 392986
849235 849241
523367 523368
668355 668364
552868 552869
281085 281094
24762 24772
139364 139372
778437 778438
866555 866555
89274 89275
489384 489394
258577 258578
348931 348932
337550 337553
787397 787401
208398 208402
608102 608102
442521 442524
846016 846021
937461 937469
74619 74622
633373 633383
824435 824442
903084 903088
760730 760732
939658 939666
681136 681145
802227 802235
672865 672875
362647 362649
61765 61773
487425 487435
334424 334431
29021 29023
890316 890316
509113 509118
565968 565969
15494 15496
191374 191382
62358 62365
93401 93403
48834 48842
287946 287950
818846 818847
971321 971324
153144 153149
444645 444652
87948 87958
207012 207016
258366 258368
977167 977169
541433 541440
521329 521331
887962 887962
429597 429602
274892 274899
66515 66523
166582 166592
908766 908769
843053 843059
159827 159837
404626 404634
671124 671125
797477 797477
79197 79207
960425 960432
862936 862945
281601 281601
963101 963108
168141 168146
592894 592903
804459 804464
651160 651160
761210 761218
561613 561613
604981 604990
289389 289392
163797 163797
383884 383892
41130 41139
248392 248398
343386 343387
388741 388748
396380 396380
858114 858114
36952 36958
95595 95604
855080 855084
148117 148118
180650 180658
904939 904940
70252 70256
701266 701273
378995 378998
783840 783849
261478 261485
45876 45884
240715 240723
210737 210738
986515 986517
774482 774483
411567 411571
926216 926220
108479 108486
431571 431579
666240 666243
502337 502337
432073 432076
295807 295808
859773 859776
405435 405441
924010 924011
905556 905563
685451 685457
606240 606242
100759 100761
871541 871549
594898 594907
725278 725283
20566 20574
859147 859156
816828 816834
481763 481769
700337 700343
348614 348623
394796 394803
377086 377095
612600 612607
351985 351985
514989 514994
801131 801141
886010 886014
582848 582850
915864 915871
124331 124334
246161 246170
697082 697088
869654 869657
155919 155920
853080 853080
152454 152456
658980 658990
83020 83022
154951 154957
252739 252743
120179 120184
291613 291619
61768 61770
673079 673086
363808 363814
321123 321132
367831 367834
968141 968143
994812 994819
268871 268880
700846 700853
416330 416332
834805 834809
498839 498841
695858 695862
250564 250566
865804 865813
84667 84673
55216 55226
903380 903386
459717 459717
590836 590840
192254 192258
188642 188647
580766 580766
559953 559954
46979 46984
314009 314015
648090 648097
116410 116418
907020 907028
929598 929600
470198 470198
736095 736101
858568 858577
227895 227901
42692 42699
635211 635212
94504 94511
805618 805625
524728 524738
244019 244029
708749 708756
164694 164694
878511 878515
683048 683048
564919 564927
466225 466231
650094 650097
730689 730691
175747 175755
391636 391639
717303 717309
210168 210169
38626 38626
424616 424625
538740 538745
923322 923327
280271 280272
695371 695374
12209 12210
511063 511067
999162 999171
660663 660672
50628 50631
933771 933781
442471 442472
831443 831443
58072 58074
304477 304484
391747 391752
61221 61228
435789 435793
557157 557167
98146 98151
506121 506131
76403 76409
147404 147408
185540 185548
776197 776201
818225 818226
520034 520041
794645 794645
862271 862271
508743 508750
53653 53653
646588 646592
745905 745908
28240 28245
494125 494126
832169 832169
584951 584953
611352 611354
189726 189727
229268 229270
369954 369958
408379 408386
812155 812160
34833 34838
137939 137943
445326 445328
880981 880983
715806 715806
627738 627741
343465 343474
66128 66131
914515 914516
627223 627231
981327 981333
459101 459104
203409 203409
84315 84321
460329 460329
119839 119849
64058 64066
99560 99564
649253 649255
442775 442782
352602 352608
591009 591018
853995 854005
229817 229821
424977 424986
22887 22888
95237 95242
475933 475935
496291 496295
588835 588843
588051 588060
623917 623920
837107 837117
467372 467381
578458 578468
189093 189102
367377 367384
911597 911603
200851 200861
371868 371872
44299 44305
856209 856215
419126 419130
13461 13469
851740 851746
678781 678781
439527 439533
320760 320766
376448 376455
847263 847266
127168 127173
189954 189954
551169 551169
35404 35413
196906 196914
748847 748855
289260 289262
410272 410278
392119 392121
432849 432854
965622 965622
192908 192910
732538 732541
605435 605436
195913 195918
219543 219547
722072 722079
448254 448258
705060 705061
459712 459721
715511 715518
945655 945660
764680 764690
354475 354475
107044 107051
27020 27024
598256 598264
317796 317799
260621 260629
896428 896433
556000 556005
933688 933698
133459 133469
263299 263306
926469 926471
218589 218598
259693 259698
895970 895972
941389 941395
846560 846564
495947 495953
58281 58281
363162 363168
525573 525573
124500 124504
467516 467522
470323 470326
525298 525304
858235 858235
504679 504681
426867 426870
836194 836204
991795 991804
735830 735838
909916 909923
559815 559822
45669 45677
196866 196869
558404 558412
859965 859975
768142 768152
432854 432856
948615 948615
445764 445768
984727 984732
972136 972137
461387 461389
977448 977449
499458 499467
45696 45706
82067 82076
37724 37733
467887 467888
354937 354944
938645 938645
166645 166650
462283 462286
757542 757551
495026 495035
793347 793347
760336 760344
328248 328255
502518 502526
218303 218310
989722 989723
874672 874679
727112 727113
596605 596615
337687 337696
83150 83156
678348 678358
369395 369404
208338 208345
288449 288459
926047 926055
20513 20516
702599 702602
405632 405636
274238 274242
148069 148072
954433 954437
992734 992740
869422 869426
415402 415412
576556 576565
261402 261403
52788 52791
389563 389568
95341 95344
778044 778044
656725 656733
304195 304200
727724 727724
442271 442271
552045 552045
515168 515173
99168 99178
872285 872286
949533 949535
326418 326418
612821 612828
769658 769662
703188 703198
472236 472242
361207 361212
36852 36862
973819 973823
741636 741637
480603 480605
767656 767656
911666 911670
765885 765892
437148 437149
257692 257693
895755 895762
979310 979315
765077 765087
448581 448585
502802 502802
952626 952634
327314 327320
783041 783043
978210 978213
124846 124854
809777 809777
300091 300101
299328 299330
971986 971996
770660 770666
37896 37898
333036 333043
841763 841765
307307 307311
426233 426239
923549 923550
917906 917916
30760 30766
357837 357843
373509 373509
396866 396870
379557 379560
235623 235623
672829 672835
528530 528539
327212 327216
523295 523297
979769 979778
641609 641611
622935 622940
976426 976428
301398 301401
952784 952792
487299 487299
894373 894378
20586 20586
917128 917133
537229 537231
940662 940667
99264 99267
573306 573309
568714 568714
956777 956786
457817 457817
832830 832836
279022 279025
138187 138193
16060 16060
982000 982006
335502 335509
125835 125844
98317 98325
987290 987294
778465 778469
630713 630716
790760 790763
215765 215767
98822 98827
814462 814471
462881 462884
542914 542915
282329 282333
679392 679400
832328 832332
959831 959835
396742 396748
165293 165293
6697 6697
669349 669359
345085 345086
25675 25681
324080 324082
887668 887668
62007 62017
614599 614608
9550 9560
743463 743472
664257 664257
318897 318904
344297 344307
880971 880977
492215 492222
729304 729310
352080 352083
143539 143549
198003 198005
284991 284996
711916 711924
709898 709908
115730 115734
123471 123471
64189 64195
522011 522019
534755 534755
157889 157889
778595 778598
75101 75101
569966 569975
359366 359375
686271 686276
994268 994269
243179 243189
647430 647432
379154 379156
236869 236875
383403 383412
730853 730858
947020 947022
126585 126594
832717 832717
452277 452284
912501 912511
466748 466751
245662 245663
350412 350419
203650 203653
389895 389901
539599 539609
376717 376727
966254 966257
530901 530911
76056 76061
286083 286087
317883 317886
667769 667778
283324 283328
974451 974454
685275 685280
878802 878809
574765 574767
118432 118442
970050 970052
861152 861157
217918 217923
659639 659643
303852 303856
149813 149815
286716 286719
217929 217929
914812 914820
247961 247965
938668 938672
8798 8800
223049 223058
239373 239375
805345 805345
783549 783559
824259 824259
673651 673657
928359 928365
546839 546841
512506 512516
504987 504987
925654 925664
654605 654608
222831 222834
199064 199064
856399 856400
631256 631260
709057 709060
622182 622192
877254 877255
13838 13847
1704 1711
13497 13501
910681 910690
629654 629654
507478 507485
199483 199492
657179 657181
526491 526500
786308 786318
193909 193913
71903 71913
744359 744362
329333 329338
832183 832192
710187 710188
164749 164753
53329 53332
730915 730920
559842 559847
390635 390641
822895 822895
524686 524689
743784 743788
877879 877883
223688 223692
771360 771369
372619 372620
599299 599305
742907 742915
893346 893354
626389 626399
200740 200750
746861 746862
865857 865863
302697 302706
790362 790366
73001 73004
219081 219084
865983 865984
509163 509165
797334 797340
125122 125127
440595 440600
783169 783174
747636 747643
819027 819033
732651 732657
483125 483127
67068 67077
61520 61529
633095 633102
511585 511589
80554 80558
739317 739318
412748 412758
786062 786063
353440 353442
636983 636987
379949 379956
506937 506943
226516 226519
464967 464969
775517 775527
222019 222023
964342 964347
995391 995398
997125 997132
566159 566164
197107 197107
860919 860919
271593 271603
221820 221828
309454 309460
995996 996005
411186 411186
251867 251876
50903 50909
787691 787692
819913 819914
996492 996494
6308 6312
181897 181902
183056 183057
744454 744457
300492 300492
869977 869979
350257 350267
789407 789417
525792 525795
218950 218954
281199 281206
199180 199182
664276 664278
970490 970494
847072 847074
176900 176901
199626 199635
451002 451009
116461 116464
253084 253085
460674 460680
579856 579866
270128 270137
738791 738797
510041 510043
685288 685294
738782 738791
118991 118999
374496 374504
822881 822883
955977 955979
713783 713791
228141 228145
482876 482885
847408 847410
207847 207854
580458 580460
592001 592007
753858 753867
99774 99774
383133 383142
333664 333670
994516 994517
253253 253256
266171 266175
288247 288253
368470 368476
460313 460313
28488 28494
288793 288793
370697 370702
706653 706663
697490 697493
746587 746594
501973 501976
451730 451737
297773 297781
365213 365216
675426 675432
461505 461515
718280 718285
362067 362077
768950 768954
128685 128689
947523 947528
706461 706468
697168 697173
495102 495112
466814 466822
562433 562443
244912 244921
298283 298290
257133 257134
769428 769429
646337 646339
720824 720829
192947 192956
598041 598048
692530 692532
979710 979719
109887 109887
675442 675452
990617 990626
416992 417000
120036 120038
24872 24879
352715 352720
117214 117221
31260 31270
311671 311680
954204 954213
500693 500700
178299 178303
337381 337385
51454 51459
82978 82983
97730 97738
989459 989461
249372 249381
207930 207938
683361 683365
1537 1540
790434 790443
28504 28508
309853 309857
871061 871067
551607 551611
376620 376621
473933 473943
13131 13134
432537 432545
548742 548746
389842 389852
407246 407251
662347 662353
682370 682375
187247 187255
277223 277232
161992 161992
581493 581497
652153 652156
929016 929024
151559 151559
313800 313801
230995 230997
336947 336957
518989 518998
382735 382735
449595 449603
422510 422511
907358 907360
663922 663928
287149 287154
237008 237009
858424 858427
718136 718146
15205 15213
798050 798056
819924 819928
43383 43383
237595 237605
97244 97252
919750 919750
42747 42756
261301 261308
307199 307204
651448 651456
937087 937091
796038 796040
376196 376206
137472 137477
801830 801831
989178 989183
283512 283514
674059 674063
768464 768469
484763 484767
467455 467459
921858 921868
40177 40177
756678 756687
207920 207927
87824 87828
9449 9453
891489 891494
229178 229182
492282 492282
775711 775716
391720 391723
198720 198723
501414 501421
517763 517770
16847 16851
788993 789001
129746 129751
372273 372274
584214 584220
393702 393703
242905 242909
710098 710103
369309 369309
141127 141136
765570 765571
357284 357287
463507 463515
481259 481262
53602 53611
398944 398950
269512 269513
8028 8036
110742 110747
84086 84087
572299 572306
98972 98982
434709 434711
171288 171290
782132 782142
369937 369946
785035 785039
969981 969981
138812 138816
703073 703074
26923 26930
338243 338253
777773 777775
818592 818594
534459 534468
69666 69672
209535 209542
225242 225252
932697 932706
688967 688975
773589 773593
788674 788675
48799 48801
116575 116577
320974 320977
870685 870690
77223 77225
125522 125525
402153 402156
598359 598359
916453 916458
44915 44921
426353 426353
381226 381228
256592 256597
917609 917610
162891 162893
284279 284286
108418 108419
260380 260381
147994 148004
432023 432029
538466 538473
663865 663867
733632 733638
579539 579547
281222 281226
99430 99436
383988 383991
125747 125750
305972 305973
358511 358511
291964 291972
585204 585209
726446 726448
354158 354160
445285 445285
705303 705309
94593 94603
454546 454553
892874 892876
119031 119041
581933 581941
640859 640866
357862 357862
298814 298814
864664 864666
219810 219815
49260 49265
748816 748825
448458 448467
489713 489713
438117 438123
590605 590605
740233 740234
391864 391870
396641 396649
969213 969217
329398 329401
657334 657340
376347 376350
471775 471780
348584 348585
937803 937806
636826 636831
21695 21704
835487 835491
233144 233153
186641 186648
461869 461872
592691 592691
492664 492665
624759 624765
70582 70584
54269 54273
57002 57005
65282 65283
472871 472880
362562 362564
560198 560206
174954 174962
825012 825015
666013 666016
235295 235302
932768 932770
586859 586864
313735 313739
663711 663717
371426 371434
700169 700174
361778 361786
311106 311113
682966 682975
60550 60558
