59 135129 1743 1000
49 1 4
49 6 7
49 9 64
49 66 157
49 159 252
49 254 265
49 267 288
49 290 343
49 345 350
49 352 427
49 429 494
49 496 523
49 525 570
49 572 653
49 655 712
49 714 773
49 775 842
49 844 867
49 869 882
49 884 891
49 893 908
49 910 949
49 951 976
49 978 1037
49 1039 1060
49 1062 1115
49 1117 1186
49 1188 1233
49 1235 1250
49 1252 1259
49 1261 1354
49 1356 1445
49 1447 1492
49 1494 1557
49 1559 1626
49 1628 1655
49 1657 1672
49 1674 1757
49 1759 1798
49 1800 1865
49 1867 1872
49 1874 1889
49 1891 1906
49 1908 1925
49 1927 1996
49 1998 2001
49 2003 2100
49 2102 2139
49 2141 2154
49 2156 2201
49 2203 2252
49 2254 2315
49 2317 2344
49 2346 2387
49 2389 2466
49 2468 2477
49 2479 2538
49 2540 2577
49 2579 2618
49 2620 2661
49 2663 2684
49 2686 2761
49 2763 2840
49 2842 2855
49 2857 2948
49 2950 3001
49 3003 3098
49 3100 3129
49 3131 3168
49 3170 3227
49 3229 3260
49 3262 3289
49 3291 3362
49 3364 3429
49 3431 3514
49 3516 3571
49 3573 3634
49 3636 3723
49 3725 3770
49 3772 3805
49 3807 3808
49 3810 3843
49 3845 3896
49 3898 3945
49 3947 3986
49 3988 4081
49 4083 4150
49 4152 4153
49 4155 4192
49 4194 4243
49 4245 4264
49 4266 4271
49 4273 4310
49 4312 4329
49 4331 4370
49 4372 4441
49 4443 4502
49 4504 4587
49 4589 4608
49 4610 4653
49 4655 4706
49 4708 4721
49 4723 4776
49 4778 4821
49 4823 4826
49 4828 4857
49 4859 4878
49 4880 4939
49 4941 4982
49 4984 4985
49 4987 5008
49 5010 5071
49 5073 5148
49 5150 5231
49 5233 5288
49 5290 5345
49 5347 5352
49 5354 5371
49 5373 5428
49 5430 5447
49 5449 5490
49 5492 5555
49 5557 5568
49 5570 5647
49 5649 5730
49 5732 5797
49 5799 5872
49 5874 5951
49 5953 5966
49 5968 6043
49 6045 6116
49 6118 6209
49 6211 6272
49 6274 6343
49 6345 6382
49 6384 6441
49 6443 6532
49 6534 6607
49 6609 6692
49 6694 6771
49 6773 6840
49 6842 6851
49 6853 6868
49 6870 6879
49 6881 6972
49 6974 7035
49 7037 7072
49 7074 7077
49 7079 7168
49 7170 7197
49 7199 7298
49 7300 7351
49 7353 7384
49 7386 7471
49 7473 7520
49 7522 7541
49 7543 7602
49 7604 7695
49 7697 7698
49 7700 7757
49 7759 7780
49 7782 7853
49 7855 7926
49 7928 8003
49 8005 8082
49 8084 8101
49 8103 8150
49 8152 8175
49 8177 8204
49 8206 8259
49 8261 8322
49 8324 8325
49 8327 8422
49 8424 8511
49 8513 8524
49 8526 8541
49 8543 8610
49 8612 8693
49 8695 8772
49 8774 8813
49 8815 8902
49 8904 8961
49 8963 9056
49 9058 9127
49 9129 9210
49 9212 9241
49 9243 9256
49 9258 9321
49 9323 9334
49 9336 9339
49 9341 9426
49 9428 9489
49 9491 9502
49 9504 9553
49 9555 9616
49 9618 9635
49 9637 9650
49 9652 9727
49 9729 9780
49 9782 9799
49 9801 9854
49 9856 9901
49 9903 9982
49 9984 10059
49 10061 10080
49 10082 10093
49 10095 10118
49 10120 10177
49 10179 10192
49 10194 10275
49 10277 10374
49 10376 10409
49 10411 10458
49 10460 10519
49 10521 10522
49 10524 10581
49 10583 10604
49 10606 10625
49 10627 10632
49 10634 10663
49 10665 10700
49 10702 10789
49 10791 10822
49 10824 10839
49 10841 10844
49 10846 10943
49 10945 10968
49 10970 11047
49 11049 11144
49 11146 11229
49 11231 11238
49 11240 11251
49 11253 11278
49 11280 11295
49 11297 11312
49 11314 11387
49 11389 11410
49 11412 11451
49 11453 11458
49 11460 11523
49 11525 11568
49 11570 11571
49 11573 11592
49 11594 11629
49 11631 11676
49 11678 11735
49 11737 11756
49 11758 11799
49 11801 11862
49 11864 11929
49 11931 11954
49 11956 11991
49 11993 12066
49 12068 12117
49 12119 12144
49 12146 12241
49 12243 12322
49 12324 12369
49 12371 12428
49 12430 12527
49 12529 12626
49 12628 12715
49 12717 12792
49 12794 12799
49 12801 12844
49 12846 12855
49 12857 12876
49 12878 12959
49 12961 13010
49 13012 13103
49 13105 13128
49 13130 13185
49 13187 13256
49 13258 13353
49 13355 13404
49 13406 13443
49 13445 13486
49 13488 13513
49 13515 13524
49 13526 13609
49 13611 13614
49 13616 13645
49 13647 13660
49 13662 13717
49 13719 13804
49 13806 13887
49 13889 13966
49 13968 13977
49 13979 13988
49 13990 13993
49 13995 14054
49 14056 14101
49 14103 14168
49 14170 14187
49 14189 14234
49 14236 14299
49 14301 14344
49 14346 14397
49 14399 14446
49 14448 14531
49 14533 14576
49 14578 14645
49 14647 14700
49 14702 14763
49 14765 14788
49 14790 14827
49 14829 14874
49 14876 14949
49 14951 15032
49 15034 15099
49 15101 15190
49 15192 15203
49 15205 15270
49 15272 15339
49 15341 15424
49 15426 15501
49 15503 15584
49 15586 15637
49 15639 15708
49 15710 15781
49 15783 15816
49 15818 15887
49 15889 15950
49 15952 16037
49 16039 16100
49 16102 16195
49 16197 16282
49 16284 16323
49 16325 16384
49 16386 16469
49 16471 16568
49 16570 16665
49 16667 16686
49 16688 16709
49 16711 16770
49 16772 16815
49 16817 16898
49 16900 16921
49 16923 17004
49 17006 17009
49 17011 17016
49 17018 17071
49 17073 17114
49 17116 17129
49 17131 17198
49 17200 17251
49 17253 17326
49 17328 17399
49 17401 17476
49 17478 17539
49 17541 17584
49 17586 17639
49 17641 17666
49 17668 17739
49 17741 17768
49 17770 17825
49 17827 17880
49 17882 17935
49 17937 18002
49 18004 18069
49 18071 18076
49 18078 18101
49 18103 18196
49 18198 18263
49 18265 18324
49 18326 18387
49 18389 18472
49 18474 18561
49 18563 18630
49 18632 18691
49 18693 18774
49 18776 18779
49 18781 18808
49 18810 18815
49 18817 18870
49 18872 18939
49 18941 18968
49 18970 19051
49 19053 19066
49 19068 19149
49 19151 19170
49 19172 19181
49 19183 19278
49 19280 19291
49 19293 19378
49 19380 19383
49 19385 19448
49 19450 19531
49 19533 19564
49 19566 19615
49 19617 19622
49 19624 19637
49 19639 19728
49 19730 19797
49 19799 19864
49 19866 19875
49 19877 19958
49 19960 20011
49 20013 20064
49 20066 20157
49 20159 20192
49 20194 20211
49 20213 20250
49 20252 20301
49 20303 20376
49 20378 20407
49 20409 20448
49 20450 20497
49 20499 20556
49 20558 20619
49 20621 20704
49 20706 20787
49 20789 20876
49 20878 20969
49 20971 21000
49 21002 21055
49 21057 21092
49 21094 21111
49 21113 21168
49 21170 21237
49 21239 21296
49 21298 21313
49 21315 21348
49 21350 21441
49 21443 21448
49 21450 21523
49 21525 21620
49 21622 21675
49 21677 21718
49 21720 21755
49 21757 21788
49 21790 21873
49 21875 21958
49 21960 22013
49 22015 22074
49 22076 22165
49 22167 22210
49 22212 22243
49 22245 22336
49 22338 22389
49 22391 22392
49 22394 22469
49 22471 22566
49 22568 22645
49 22647 22660
49 22662 22667
49 22669 22742
49 22744 22793
49 22795 22824
49 22826 22915
49 22917 22984
49 22986 23033
49 23035 23046
49 23048 23065
49 23067 23142
49 23144 23163
49 23165 23224
49 23226 23301
49 23303 23326
49 23328 23417
49 23419 23424
49 23426 23443
49 23445 23478
49 23480 23521
49 23523 23600
49 23602 23643
49 23645 23740
49 23742 23773
49 23775 23864
49 23866 23899
49 23901 23982
49 23984 23985
49 23987 24022
49 24024 24043
49 24045 24050
49 24052 24141
49 24143 24228
49 24230 24295
49 24297 24332
49 24334 24423
49 24425 24522
49 24524 24545
49 24547 24566
49 24568 24617
49 24619 24710
49 24712 24735
49 24737 24786
49 24788 24859
49 24861 24880
49 24882 24895
49 24897 24906
49 24908 24977
49 24979 25066
49 25068 25117
49 25119 25180
49 25182 25237
49 25239 25302
49 25304 25357
49 25359 25418
49 25420 25425
49 25427 25442
49 25444 25543
49 25545 25632
49 25634 25729
49 25731 25766
49 25768 25821
49 25823 25910
49 25912 25931
49 25933 26008
49 26010 26023
49 26025 26070
49 26072 26089
49 26091 26112
49 26114 26159
49 26161 26236
49 26238 26295
49 26297 26370
49 26372 26421
49 26423 26486
49 26488 26583
49 26585 26592
49 26594 26629
49 26631 26652
49 26654 26685
49 26687 26770
49 26772 26775
49 26777 26804
49 26806 26845
49 26847 26858
49 26860 26873
49 26875 26912
49 26914 26915
49 26917 26930
49 26932 26983
49 26985 27080
49 27082 27177
49 27179 27228
49 27230 27265
49 27267 27336
49 27338 27395
49 27397 27460
49 27462 27507
49 27509 27572
49 27574 27643
49 27645 27708
49 27710 27753
49 27755 27810
49 27812 27899
49 27901 27938
49 27940 28031
49 28033 28090
49 28092 28109
49 28111 28172
49 28174 28209
49 28211 28248
49 28250 28315
49 28317 28360
49 28362 28417
49 28419 28420
49 28422 28489
49 28491 28520
49 28522 28543
49 28545 28560
49 28562 28565
49 28567 28632
49 28634 28685
49 28687 28728
49 28730 28799
49 28801 28864
49 28866 28935
49 28937 29032
49 29034 29099
49 29101 29138
49 29140 29223
49 29225 29230
49 29232 29283
49 29285 29306
49 29308 29385
49 29387 29402
49 29404 29501
49 29503 29548
49 29550 29581
49 29583 29590
49 29592 29613
49 29615 29704
49 29706 29771
49 29773 29824
49 29826 29845
49 29847 29934
49 29936 30011
49 30013 30040
49 30042 30081
49 30083 30124
49 30126 30167
49 30169 30214
49 30216 30283
49 30285 30314
49 30316 30387
49 30389 30406
49 30408 30479
49 30481 30578
49 30580 30613
49 30615 30698
49 30700 30721
49 30723 30732
49 30734 30785
49 30787 30832
49 30834 30851
49 30853 30868
49 30870 30899
49 30901 30948
49 30950 31041
49 31043 31044
49 31046 31081
49 31083 31102
49 31104 31155
49 31157 31198
49 31200 31249
49 31251 31272
49 31274 31321
49 31323 31390
49 31392 31475
49 31477 31532
49 31534 31605
49 31607 31704
49 31706 31735
49 31737 31828
49 31830 31901
49 31903 31934
49 31936 31947
49 31949 32032
49 32034 32037
49 32039 32114
49 32116 32155
49 32157 32192
49 32194 32265
49 32267 32360
49 32362 32379
49 32381 32386
49 32388 32479
49 32481 32494
49 32496 32525
49 32527 32534
49 32536 32549
49 32551 32604
49 32606 32657
49 32659 32730
49 32732 32737
49 32739 32746
49 32748 32755
49 32757 32824
49 32826 32841
49 32843 32864
49 32866 32951
49 32953 33042
49 33044 33057
49 33059 33094
49 33096 33123
49 33125 33144
49 33146 33217
49 33219 33308
49 33310 33357
49 33359 33386
49 33388 33423
49 33425 33470
49 33472 33497
49 33499 33566
49 33568 33663
49 33665 33688
49 33690 33749
49 33751 33752
49 33754 33803
49 33805 33832
49 33834 33905
49 33907 33964
49 33966 34051
49 34053 34148
49 34150 34219
49 34221 34318
49 34320 34381
49 34383 34398
49 34400 34475
49 34477 34574
49 34576 34659
49 34661 34720
49 34722 34813
49 34815 34844
49 34846 34917
49 34919 34982
49 34984 35053
49 35055 35120
49 35122 35191
49 35193 35268
49 35270 35353
49 35355 35422
49 35424 35503
49 35505 35580
49 35582 35669
49 35671 35674
49 35676 35733
49 35735 35782
49 35784 35809
49 35811 35886
49 35888 35985
49 35987 36066
49 36068 36095
49 36097 36186
49 36188 36221
49 36223 36306
49 36308 36313
49 36315 36412
49 36414 36427
49 36429 36448
49 36450 36473
49 36475 36552
49 36554 36585
49 36587 36622
49 36624 36653
49 36655 36690
49 36692 36759
49 36761 36854
49 36856 36879
49 36881 36952
49 36954 37045
49 37047 37140
49 37142 37197
49 37199 37216
49 37218 37233
49 37235 37304
49 37306 37327
49 37329 37374
49 37376 37445
49 37447 37492
49 37494 37507
49 37509 37572
49 37574 37635
49 37637 37654
49 37656 37711
49 37713 37726
49 37728 37791
49 37793 37860
49 37862 37953
49 37955 38006
49 38008 38039
49 38041 38080
49 38082 38149
49 38151 38240
49 38242 38333
49 38335 38424
49 38426 38463
49 38465 38542
49 38544 38605
49 38607 38676
49 38678 38729
49 38731 38798
49 38800 38865
49 38867 38902
49 38904 38985
49 38987 39054
49 39056 39075
49 39077 39112
49 39114 39195
49 39197 39230
49 39232 39285
49 39287 39308
49 39310 39361
49 39363 39398
49 39400 39481
49 39483 39562
49 39564 39649
49 39651 39734
49 39736 39833
49 39835 39898
49 39900 39923
49 39925 39950
49 39952 40019
49 40021 40104
49 40106 40109
49 40111 40162
49 40164 40181
49 40183 40216
49 40218 40245
49 40247 40260
49 40262 40347
49 40349 40412
49 40414 40489
49 40491 40558
49 40560 40627
49 40629 40654
49 40656 40731
49 40733 40746
49 40748 40751
49 40753 40764
49 40766 40799
49 40801 40810
49 40812 40867
49 40869 40958
49 40960 40961
49 40963 41030
49 41032 41121
49 41123 41148
49 41150 41211
49 41213 41308
49 41310 41399
49 41401 41424
49 41426 41487
49 41489 41536
49 41538 41575
49 41577 41620
49 41622 41693
49 41695 41702
49 41704 41769
49 41771 41776
49 41778 41795
49 41797 41880
49 41882 41963
49 41965 41966
49 41968 42047
49 42049 42086
49 42088 42117
49 42119 42196
49 42198 42241
49 42243 42282
49 42284 42347
49 42349 42386
49 42388 42399
49 42401 42428
49 42430 42467
49 42469 42524
49 42526 42553
49 42555 42618
49 42620 42655
49 42657 42674
49 42676 42761
49 42763 42824
49 42826 42895
49 42897 42926
49 42928 42945
49 42947 42950
49 42952 43015
49 43017 43048
49 43050 43099
49 43101 43146
49 43148 43233
49 43235 43312
49 43314 43327
49 43329 43382
49 43384 43403
49 43405 43470
49 43472 43487
49 43489 43558
49 43560 43597
49 43599 43688
49 43690 43733
49 43735 43818
49 43820 43865
49 43867 43934
49 43936 44023
49 44025 44074
49 44076 44171
49 44173 44258
49 44260 44333
49 44335 44430
49 44432 44513
49 44515 44566
49 44568 44623
49 44625 44646
49 44648 44659
49 44661 44736
49 44738 44819
49 44821 44876
49 44878 44939
49 44941 45018
49 45020 45119
49 45121 45190
49 45192 45265
49 45267 45308
49 45310 45353
49 45355 45378
49 45380 45391
49 45393 45436
49 45438 45519
49 45521 45612
49 45614 45671
49 45673 45706
49 45708 45791
49 45793 45800
49 45802 45855
49 45857 45934
49 45936 45957
49 45959 46050
49 46052 46105
49 46107 46134
49 46136 46229
49 46231 46298
49 46300 46301
49 46303 46398
49 46400 46491
49 46493 46584
49 46586 46627
49 46629 46686
49 46688 46703
49 46705 46776
49 46778 46837
49 46839 46922
49 46924 47017
49 47019 47070
49 47072 47117
49 47119 47136
49 47138 47141
49 47143 47208
49 47210 47253
49 47255 47262
49 47264 47293
49 47295 47318
49 47320 47397
49 47399 47432
49 47434 47473
49 47475 47536
49 47538 47599
49 47601 47684
49 47686 47737
49 47739 47760
49 47762 47787
49 47789 47834
49 47836 47849
49 47851 47866
49 47868 47961
49 47963 47986
49 47988 48037
49 48039 48102
49 48104 48147
49 48149 48216
49 48218 48297
49 48299 48394
49 48396 48407
49 48409 48410
49 48412 48417
49 48419 48424
49 48426 48429
49 48431 48474
49 48476 48567
49 48569 48662
49 48664 48701
49 48703 48738
49 48740 48747
49 48749 48806
49 48808 48853
49 48855 48952
49 48954 48987
49 48989 49048
49 49050 49079
49 49081 49104
49 49106 49191
49 49193 49250
49 49252 49317
49 49319 49350
49 49352 49439
49 49441 49528
49 49530 49619
49 49621 49660
49 49662 49695
49 49697 49700
49 49702 49759
49 49761 49840
49 49842 49915
49 49917 49998
49 50000 50001
49 50003 50070
49 50072 50161
49 50163 50196
49 50198 50241
49 50243 50336
49 50338 50431
49 50433 50436
49 50438 50477
49 50479 50494
49 50496 50513
49 50515 50540
49 50542 50559
49 50561 50562
49 50564 50617
49 50619 50624
49 50626 50627
49 50629 50660
49 50662 50719
49 50721 50798
49 50800 50839
49 50841 50856
49 50858 50879
49 50881 50884
49 50886 50947
49 50949 51030
49 51032 51103
49 51105 51108
49 51110 51187
49 51189 51270
49 51272 51365
49 51367 51392
49 51394 51487
49 51489 51490
49 51492 51525
49 51527 51536
49 51538 51583
49 51585 51662
49 51664 51701
49 51703 51714
49 51716 51811
49 51813 51872
49 51874 51879
49 51881 51892
49 51894 51927
49 51929 51936
49 51938 51975
49 51977 51988
49 51990 52033
49 52035 52110
49 52112 52205
49 52207 52304
49 52306 52331
49 52333 52380
49 52382 52445
49 52447 52546
49 52548 52611
49 52613 52622
49 52624 52681
49 52683 52696
49 52698 52731
49 52733 52756
49 52758 52795
49 52797 52822
49 52824 52839
49 52841 52854
49 52856 52939
49 52941 52980
49 52982 52997
49 52999 53044
49 53046 53139
49 53141 53164
49 53166 53185
49 53187 53254
49 53256 53341
49 53343 53394
49 53396 53407
49 53409 53504
49 53506 53533
49 53535 53564
49 53566 53617
49 53619 53632
49 53634 53687
49 53689 53700
49 53702 53745
49 53747 53818
49 53820 53863
49 53865 53942
49 53944 54037
49 54039 54068
49 54070 54153
49 54155 54174
49 54176 54239
49 54241 54260
49 54262 54277
49 54279 54300
49 54302 54321
49 54323 54364
49 54366 54465
49 54467 54560
49 54562 54595
49 54597 54650
49 54652 54705
49 54707 54714
49 54716 54765
49 54767 54780
49 54782 54785
49 54787 54840
49 54842 54859
49 54861 54864
49 54866 54955
49 54957 55016
49 55018 55117
49 55119 55126
49 55128 55199
49 55201 55248
49 55250 55289
49 55291 55352
49 55354 55401
49 55403 55448
49 55450 55507
49 55509 55590
49 55592 55631
49 55633 55658
49 55660 55665
49 55667 55728
49 55730 55809
49 55811 55822
49 55824 55835
49 55837 55854
49 55856 55875
49 55877 55910
49 55912 56009
49 56011 56040
49 56042 56125
49 56127 56166
49 56168 56243
49 56245 56286
49 56288 56357
49 56359 56404
49 56406 56407
49 56409 56480
49 56482 56549
49 56551 56564
49 56566 56619
49 56621 56678
49 56680 56685
49 56687 56740
49 56742 56817
49 56819 56824
49 56826 56885
49 56887 56954
49 56956 56997
49 56999 57050
49 57052 57149
49 57151 57196
49 57198 57275
49 57277 57290
49 57292 57327
49 57329 57382
49 57384 57391
49 57393 57452
49 57454 57457
49 57459 57476
49 57478 57559
49 57561 57588
49 57590 57687
49 57689 57702
49 57704 57791
49 57793 57832
49 57834 57901
49 57903 58002
49 58004 58017
49 58019 58022
49 58024 58099
49 58101 58142
49 58144 58223
49 58225 58238
49 58240 58333
49 58335 58348
49 58350 58447
49 58449 58502
49 58504 58565
49 58567 58568
49 58570 58591
49 58593 58660
49 58662 58681
49 58683 58752
49 58754 58787
49 58789 58834
49 58836 58921
49 58923 58994
49 58996 59037
49 59039 59054
49 59056 59077
49 59079 59116
49 59118 59213
49 59215 59302
49 59304 59363
49 59365 59392
49 59394 59463
49 59465 59532
49 59534 59623
49 59625 59642
49 59644 59691
49 59693 59694
49 59696 59701
49 59703 59770
49 59772 59841
49 59843 59910
49 59912 59937
49 59939 59960
49 59962 59997
49 59999 60028
49 60030 60099
49 60101 60144
49 60146 60225
49 60227 60244
49 60246 60253
49 60255 60270
49 60272 60365
49 60367 60372
49 60374 60399
49 60401 60488
49 60490 60527
49 60529 60598
49 60600 60691
49 60693 60714
49 60716 60767
49 60769 60812
49 60814 60877
49 60879 60880
49 60882 60941
49 60943 60972
49 60974 61015
49 61017 61088
49 61090 61139
49 61141 61212
49 61214 61217
49 61219 61282
49 61284 61335
49 61337 61420
49 61422 61429
49 61431 61500
49 61502 61511
49 61513 61596
49 61598 61683
49 61685 61774
49 61776 61799
49 61801 61840
49 61842 61897
49 61899 61988
49 61990 62019
49 62021 62084
49 62086 62143
49 62145 62200
49 62202 62267
49 62269 62324
49 62326 62409
49 62411 62470
49 62472 62563
49 62565 62592
49 62594 62645
49 62647 62726
49 62728 62805
49 62807 62834
49 62836 62843
49 62845 62876
49 62878 62927
49 62929 62982
49 62984 63055
49 63057 63062
49 63064 63107
49 63109 63134
49 63136 63181
49 63183 63244
49 63246 63313
49 63315 63350
49 63352 63395
49 63397 63416
49 63418 63499
49 63501 63590
49 63592 63691
49 63693 63708
49 63710 63727
49 63729 63826
49 63828 63911
49 63913 63994
49 63996 64045
49 64047 64124
49 64126 64201
49 64203 64296
49 64298 64393
49 64395 64484
49 64486 64543
49 64545 64568
49 64570 64571
49 64573 64644
49 64646 64687
49 64689 64774
49 64776 64803
49 64805 64896
49 64898 64985
49 64987 65074
49 65076 65097
49 65099 65124
49 65126 65169
49 65171 65182
49 65184 65273
49 65275 65344
49 65346 65383
49 65385 65444
49 65446 65533
49 65535 65632
49 65634 65729
49 65731 65826
49 65828 65873
49 65875 65928
49 65930 66025
49 66027 66048
49 66050 66133
49 66135 66194
49 66196 66277
49 66279 66322
49 66324 66395
49 66397 66444
49 66446 66509
49 66511 66546
49 66548 66635
49 66637 66728
49 66730 66733
49 66735 66774
49 66776 66839
49 66841 66930
49 66932 67029
49 67031 67080
49 67082 67097
49 67099 67180
49 67182 67261
49 67263 67300
49 67302 67385
49 67387 67448
49 67450 67541
49 67543 67618
49 67620 67663
49 67665 67686
49 67688 67725
49 67727 67786
49 67788 67825
49 67827 67880
49 67882 67959
49 67961 68018
49 68020 68025
49 68027 68084
49 68086 68089
49 68091 68170
49 68172 68183
49 68185 68216
49 68218 68309
49 68311 68314
49 68316 68369
49 68371 68396
49 68398 68457
49 68459 68552
49 68554 68567
49 68569 68652
49 68654 68681
49 68683 68750
49 68752 68785
49 68787 68818
49 68820 68911
49 68913 69012
49 69014 69083
49 69085 69154
49 69156 69163
49 69165 69174
49 69176 69191
49 69193 69286
49 69288 69369
49 69371 69450
49 69452 69507
49 69509 69554
49 69556 69643
49 69645 69656
49 69658 69691
49 69693 69782
49 69784 69861
49 69863 69910
49 69912 69997
49 69999 70032
49 70034 70081
49 70083 70086
49 70088 70177
49 70179 70276
49 70278 70307
49 70309 70380
49 70382 70391
49 70393 70422
49 70424 70467
49 70469 70486
49 70488 70557
49 70559 70626
49 70628 70659
49 70661 70740
49 70742 70777
49 70779 70820
49 70822 70883
49 70885 70958
49 70960 71003
49 71005 71080
49 71082 71151
49 71153 71224
49 71226 71251
49 71253 71286
49 71288 71317
49 71319 71374
49 71376 71447
49 71449 71484
49 71486 71507
49 71509 71556
49 71558 71569
49 71571 71624
49 71626 71697
49 71699 71788
49 71790 71883
49 71885 71968
49 71970 72057
49 72059 72088
49 72090 72111
49 72113 72172
49 72174 72259
49 72261 72358
49 72360 72395
49 72397 72428
49 72430 72439
49 72441 72500
49 72502 72569
49 72571 72592
49 72594 72681
49 72683 72756
49 72758 72787
49 72789 72848
49 72850 72947
49 72949 73040
49 73042 73105
49 73107 73158
49 73160 73243
49 73245 73320
49 73322 73353
49 73355 73422
49 73424 73457
49 73459 73520
49 73522 73551
49 73553 73600
49 73602 73623
49 73625 73720
49 73722 73779
49 73781 73794
49 73796 73869
49 73871 73906
49 73908 73925
49 73927 74018
49 74020 74073
49 74075 74120
49 74122 74189
49 74191 74210
49 74212 74285
49 74287 74294
49 74296 74381
49 74383 74458
49 74460 74547
49 74549 74648
49 74650 74697
49 74699 74788
49 74790 74833
49 74835 74902
49 74904 74969
49 74971 75036
49 75038 75093
49 75095 75096
49 75098 75137
49 75139 75168
49 75170 75189
49 75191 75238
49 75240 75321
49 75323 75366
49 75368 75439
49 75441 75462
49 75464 75551
49 75553 75570
49 75572 75617
49 75619 75694
49 75696 75757
49 75759 75782
49 75784 75867
49 75869 75886
49 75888 75969
49 75971 75992
49 75994 76039
49 76041 76086
49 76088 76177
49 76179 76218
49 76220 76231
49 76233 76328
49 76330 76363
49 76365 76420
49 76422 76439
49 76441 76502
49 76504 76523
49 76525 76554
49 76556 76627
49 76629 76674
49 76676 76695
49 76697 76698
49 76700 76719
49 76721 76802
49 76804 76833
49 76835 76902
49 76904 76905
49 76907 77002
49 77004 77011
49 77013 77092
49 77094 77131
49 77133 77168
49 77170 77205
49 77207 77230
49 77232 77259
49 77261 77358
49 77360 77385
49 77387 77424
49 77426 77513
49 77515 77596
49 77598 77675
49 77677 77760
49 77762 77801
49 77803 77864
49 77866 77933
49 77935 77960
49 77962 77989
49 77991 78074
49 78076 78107
49 78109 78182
49 78184 78249
49 78251 78346
49 78348 78403
49 78405 78468
49 78470 78495
49 78497 78586
49 78588 78619
49 78621 78632
49 78634 78671
49 78673 78706
49 78708 78777
49 78779 78866
49 78868 78949
49 78951 78988
49 78990 79077
49 79079 79132
49 79134 79233
49 79235 79262
49 79264 79349
49 79351 79354
49 79356 79387
49 79389 79416
49 79418 79427
49 79429 79478
49 79480 79573
49 79575 79636
49 79638 79721
49 79723 79796
49 79798 79823
49 79825 79904
49 79906 79979
49 79981 80068
49 80070 80141
49 80143 80168
49 80170 80201
49 80203 80270
49 80272 80337
49 80339 80358
49 80360 80391
49 80393 80446
49 80448 80507
49 80509 80566
49 80568 80641
49 80643 80672
49 80674 80685
49 80687 80744
49 80746 80831
49 80833 80836
49 80838 80863
49 80865 80916
49 80918 80985
49 80987 80992
49 80994 81001
49 81003 81098
49 81100 81111
49 81113 81134
49 81136 81153
49 81155 81240
49 81242 81337
49 81339 81360
49 81362 81433
49 81435 81472
49 81474 81515
49 81517 81544
49 81546 81603
49 81605 81640
49 81642 81733
49 81735 81798
49 81800 81825
49 81827 81856
49 81858 81939
49 81941 81946
49 81948 82001
49 82003 82030
49 82032 82099
49 82101 82108
49 82110 82165
49 82167 82258
49 82260 82351
49 82353 82356
49 82358 82415
49 82417 82494
49 82496 82523
49 82525 82596
49 82598 82631
49 82633 82662
49 82664 82737
49 82739 82828
49 82830 82833
49 82835 82924
49 82926 82981
49 82983 83072
49 83074 83115
49 83117 83130
49 83132 83207
49 83209 83286
49 83288 83317
49 83319 83384
49 83386 83443
49 83445 83532
49 83534 83549
49 83551 83624
49 83626 83647
49 83649 83698
49 83700 83729
49 83731 83814
49 83816 83853
49 83855 83936
49 83938 83945
49 83947 84038
49 84040 84093
49 84095 84148
49 84150 84249
49 84251 84294
49 84296 84313
49 84315 84382
49 84384 84395
49 84397 84476
49 84478 84547
49 84549 84582
49 84584 84677
49 84679 84680
49 84682 84755
49 84757 84852
49 84854 84941
49 84943 84958
49 84960 84967
49 84969 85038
49 85040 85123
49 85125 85214
49 85216 85243
49 85245 85296
49 85298 85343
49 85345 85348
49 85350 85395
49 85397 85484
49 85486 85521
49 85523 85536
49 85538 85577
49 85579 85590
49 85592 85633
49 85635 85652
49 85654 85685
49 85687 85734
49 85736 85819
49 85821 85854
49 85856 85867
49 85869 85920
49 85922 85949
49 85951 86022
49 86024 86101
49 86103 86106
49 86108 86151
49 86153 86178
49 86180 86251
49 86253 86346
49 86348 86403
49 86405 86478
49 86480 86545
49 86547 86608
49 86610 86699
49 86701 86740
49 86742 86823
49 86825 86880
49 86882 86941
49 86943 87034
49 87036 87089
49 87091 87132
49 87134 87159
49 87161 87190
49 87192 87223
49 87225 87264
49 87266 87355
49 87357 87384
49 87386 87455
49 87457 87528
49 87530 87623
49 87625 87684
49 87686 87697
49 87699 87776
49 87778 87835
49 87837 87890
49 87892 87897
49 87899 87944
49 87946 87951
49 87953 87958
49 87960 88049
49 88051 88110
49 88112 88129
49 88131 88216
49 88218 88239
49 88241 88330
49 88332 88365
49 88367 88380
49 88382 88417
49 88419 88430
49 88432 88511
49 88513 88590
49 88592 88661
49 88663 88720
49 88722 88775
49 88777 88846
49 88848 88893
49 88895 88912
49 88914 88921
49 88923 88940
49 88942 88963
49 88965 89008
49 89010 89035
49 89037 89106
49 89108 89141
49 89143 89178
49 89180 89269
49 89271 89318
49 89320 89391
49 89393 89462
49 89464 89523
49 89525 89534
49 89536 89581
49 89583 89676
49 89678 89757
49 89759 89816
49 89818 89867
49 89869 89870
49 89872 89929
49 89931 90012
49 90014 90089
49 90091 90100
49 90102 90157
49 90159 90200
49 90202 90279
49 90281 90310
49 90312 90389
49 90391 90486
112990 121682
1599 59371
72596 103316
120859 125496
39975 131485
43680 109735
77180 103060
8166 75412
10677 31109
48355 50422
11769 45916
38056 65502
26464 96727
83471 128569
42424 86102
121733 134593
42989 61461
69836 121471
70379 88138
18626 50365
50609 71276
78060 110115
35210 58692
70527 96315
81706 91799
22571 120497
111202 128584
75096 98827
43799 80158
79920 119713
28292 117717
133305 134162
72857 103960
64674 79357
2931 32429
47949 77092
70043 109799
50482 106166
5017 58240
25424 35509
65144 85112
133265 133646
119608 133070
74377 77254
96820 103574
62067 89384
110355 123239
502 33343
107414 110608
27758 132750
33150 79981
42053 63320
119648 129361
76743 92677
20133 110407
95434 103410
28100 85943
57390 129507
27900 32446
46603 124769
14462 67498
53853 65706
55160 58833
89671 108831
89234 96929
75200 107382
82933 125914
105373 135036
72754 113523
90627 134452
5488 31882
53114 54607
122315 129624
37260 105529
1852 36020
103665 123265
28057 119817
98993 108759
24851 27031
65469 95229
88466 124931
57225 100490
89800 123853
132862 134007
92911 111862
22443 102161
792 100878
19477 80317
13353 128775
38208 96025
108878 134008
58769 63632
24520 75157
76055 113457
114398 132746
98468 119001
122020 125141
119243 133938
98948 117800
95363 134659
93627 116182
34740 128793
109003 115760
106722 133911
76074 113293
121366 131801
71689 119563
46817 112431
126526 127926
29632 47272
51373 71082
42566 112646
52807 102788
10116 51014
99127 120638
58679 90317
120569 127253
124097 132183
34968 51445
71451 86496
40647 125812
43904 90730
61287 87814
128505 134320
48209 55116
66980 98374
96700 128560
8440 43285
78184 132800
67683 90092
57453 83516
55607 114349
18560 37643
110943 126943
48032 107927
26638 102747
16846 91911
39875 110832
30524 32197
74599 93536
96056 122617
125035 132449
41408 81377
21671 56173
123815 127406
58628 134607
65622 131854
118801 123845
18404 52614
40147 76348
115568 131747
104936 123151
112509 120668
113464 131318
6294 96998
60713 85339
125560 128070
972 18111
77354 122352
103916 132916
42183 116677
67229 103791
29653 109217
7714 84728
37046 128629
47880 109643
4969 56644
115321 131031
90570 114657
20954 31070
42649 106094
13351 91072
6149 46532
30119 39532
93967 129749
51826 57551
54498 97070
85697 119102
52690 135066
116739 128202
73894 87839
101248 103669
134960 135055
122892 129628
25843 39441
46921 91800
18528 105107
45905 73841
54233 121196
30646 63596
46932 53554
108587 114686
125644 129011
131249 134358
34117 36064
38488 78222
24735 132537
125396 131039
66233 134436
66005 67356
23499 33044
94217 111305
22567 26530
110855 119564
10218 66146
129010 129788
88824 132953
22461 92720
6317 21373
61332 127679
67024 114359
66879 106222
91854 99255
70251 125628
119922 122255
90201 98333
108751 116026
102651 123627
113880 119642
124436 132544
123143 125016
114276 131575
103455 107736
9636 83943
90818 114632
32408 91879
56188 90888
127983 134052
97841 118104
6902 73632
57902 82204
18709 131099
31366 124160
4898 63568
113229 124150
45149 98847
122711 123614
77139 78543
32591 55687
121281 130321
116020 132136
107409 125147
49447 49626
36361 99201
22141 22508
90845 98061
43484 127557
110582 121628
78742 129919
53480 56175
8368 89794
83935 83944
23647 58124
3706 68531
90074 101206
102209 131751
30653 104516
71834 81269
25776 101184
105345 135015
62345 110143
83489 107995
88850 117905
76242 133804
27508 49844
10207 55354
97718 97858
39549 115221
109519 122079
76788 119474
53707 73809
27232 59763
84733 111810
16863 72174
127905 131758
23185 27567
102040 126734
70787 86387
49598 57003
46929 104158
133700 135071
26017 123531
91580 134105
114230 127436
8083 23921
82568 93363
42924 76967
12127 111219
58231 124435
25989 127060
21757 31534
80263 98979
132475 133535
14395 46493
20253 113995
103699 124172
89043 97157
39250 125033
92475 107723
20097 63273
119783 120616
5693 100103
25697 119343
10457 47739
10831 94880
112181 115828
26458 52415
82779 100080
46411 63233
83710 121141
10266 57154
14235 129731
123593 128689
55408 107159
17203 125414
32567 43109
60335 71555
123872 133956
108775 111888
75109 96122
92363 116531
110640 117440
66716 114285
26806 90609
1400 1977
24449 117939
3904 54780
87097 116153
40937 70188
3501 108514
106711 107988
79947 131801
28566 114988
58114 113440
41589 77291
22523 83759
24146 90944
31213 38785
75398 125669
77109 98745
12819 76974
21435 81961
83211 85479
72072 110452
109745 118697
80462 134409
56784 101913
51517 97223
71710 111919
107263 122539
74442 81093
84988 116534
33809 131596
79517 121007
87204 112845
45971 60896
56101 89753
132187 133571
49644 107931
18071 58375
80015 97487
61371 106219
20191 95131
101504 128830
79165 91902
103529 131702
61238 73670
76561 109560
76091 111370
29042 133461
41485 88288
69228 125131
57867 65368
123440 133119
63967 106701
118699 129004
72105 106930
93945 114175
106665 125114
51 97887
68251 89926
95789 122076
109532 116322
7213 103734
56032 103239
101015 111617
98525 134253
106966 110970
36934 66982
77322 96686
94148 111683
132089 132125
97249 124856
89229 101085
55642 112064
114490 122656
21140 102034
66555 79102
7054 104581
119274 130345
48236 130608
63359 133452
30040 122700
88019 97469
70584 77201
121926 125359
73390 80551
82310 114335
104964 129240
90106 108248
112147 115722
20509 86960
28841 67380
71038 130880
63844 121514
126583 132605
99733 112964
76237 127541
51835 103575
111294 119552
132571 133852
108289 117049
123156 134004
54779 80340
23423 81506
65211 102375
27058 61409
122291 126809
46062 117948
3439 110124
15890 48562
103388 125291
85938 101106
5638 40427
107249 133623
110948 114773
80596 119980
27400 51835
50198 94886
100616 127348
6341 77444
59748 129190
41919 124938
120603 129957
3348 76039
490 9696
60631 118777
15303 35773
75863 88107
55801 121128
68091 119489
24782 104232
111503 123068
19882 125893
72197 123389
41449 110464
17146 124393
5114 34632
42808 71996
120872 134491
69294 101495
99111 110769
75677 81050
35291 86971
939 35127
107680 111774
20658 134717
34297 74582
97086 126619
113319 116353
103291 125397
11415 57672
106016 108698
96482 127230
132305 134150
125231 130570
128377 131906
84157 90122
112744 134569
124575 127902
116103 120565
59533 85578
92568 94028
57525 72990
19996 77672
108277 122059
46844 61116
47643 69278
17123 75858
69536 90598
18641 87310
106408 127726
117060 126741
126803 130514
2034 61085
16376 85128
189 22455
93100 116255
11231 66817
66066 103660
22233 51988
106227 126022
17539 130010
29669 101287
55098 123001
30045 98432
73218 105394
49829 89279
92525 106677
107129 109263
48380 86746
104241 106953
80312 88942
17586 112941
17226 26295
81844 88875
101448 120689
103978 110339
131988 132869
51759 104440
3864 51384
95619 102926
104381 111372
78345 99597
53806 76443
31278 101821
134237 134524
14765 41371
40107 43504
127894 132133
56475 109577
31102 32982
79386 89008
72143 134676
65533 79498
81458 121082
73215 100428
90289 131102
119611 131579
14182 14368
104262 124948
91732 126113
51535 92582
130613 132809
53994 119695
67854 91691
50625 127686
35167 52975
134203 135070
55846 113796
8216 41052
49297 52564
117419 133117
35995 81806
58239 105969
83291 84012
8542 58742
73554 101182
74833 118481
80622 118830
122279 129942
5492 69295
103509 109897
94557 117044
118046 132063
55705 87613
104531 108082
52812 114674
52298 54902
20527 47978
53508 77881
62253 81909
5289 81658
32199 122384
14885 28619
59732 95864
6199 112845
18186 19059
76638 108666
78863 93487
50129 75550
30443 85430
131718 134958
68007 81447
20407 81571
94555 113570
19124 34904
60463 79801
116347 128148
115964 128873
16000 37086
74682 116818
126391 134240
113698 118127
128961 129714
36813 63598
95958 103799
28160 49461
37008 75765
52948 95734
47177 86734
15609 87771
7275 57616
3513 19781
127743 134726
103558 134129
80247 124596
124652 127762
87300 119129
84835 91234
17722 42806
13530 18073
66241 79847
28156 73156
11210 20817
35728 109849
88001 101043
59313 67111
91155 114401
49091 53414
77177 130357
91547 98202
27525 121302
68142 122804
124384 127021
62189 130401
24145 108187
36124 72966
71960 84031
104773 114351
109400 134519
91402 115608
14194 118826
32399 70116
123179 124111
8233 129552
5573 56544
24788 85053
21705 35604
20608 52490
57796 83642
62191 71603
125512 130549
75018 87732
72679 120500
125088 126556
126714 132313
95959 105777
101481 124408
29697 37355
44352 92213
102205 134455
54581 134868
3936 96182
108709 109304
94952 131653
85076 104847
31333 100361
126612 134190
1488 68077
23282 120544
89280 134160
23595 37130
38067 86469
57395 131401
116158 125069
110896 132379
105235 106281
71677 120639
91597 121072
88322 122828
117489 119661
84466 129426
132018 133226
43497 93941
26093 120215
118424 119987
65060 84102
135013 135064
91054 91466
108446 132386
91483 133065
115856 134586
56631 95856
89770 133989
5452 94726
127848 134884
122276 134569
60698 75154
95035 116954
81282 103051
102837 109254
75987 127027
132612 135050
70803 115659
118014 129675
14461 86746
113481 118008
132687 134658
60428 91110
115307 117769
10214 82056
59459 120863
69791 103971
30020 70785
13262 134834
99565 115708
110034 114847
76039 114629
103245 130967
31865 117288
3304 3761
72666 126106
111103 113006
134401 135127
25945 126254
130522 131997
22860 108843
128792 130811
134773 135090
69520 89802
75083 83310
49757 96929
45588 129122
115981 121501
84322 123559
13345 60936
125523 130341
90065 105695
111780 126012
102579 121030
115371 129748
34237 45979
55878 100287
61765 114608
97578 125082
56022 123114
72120 88743
80358 100074
78322 134997
104241 125395
50762 50781
95949 131130
48573 79417
123574 124493
563 17230
76387 134215
123880 127997
110298 125238
5772 90281
99254 101653
74922 94653
21507 115946
64793 110309
117639 120811
81019 89599
111240 112029
56958 98252
59660 74138
47263 120896
107813 111751
90101 119999
62913 129903
79109 129619
119211 126588
24622 25649
135078 135113
30284 95391
74401 108430
32924 97362
95217 125075
93682 127775
18925 37451
24551 46151
112007 119773
79933 89740
28143 50738
63925 68249
94194 98506
7653 122768
122282 128623
110674 132429
17922 62196
122186 132338
40209 70087
72037 96588
88546 126698
14877 131823
123958 124863
68423 85578
28932 64317
14056 24925
34296 36994
133999 135063
8307 54365
53465 66479
58776 97798
81091 100388
64945 64977
126501 130228
114761 129983
118631 127770
106444 117099
127335 128237
73556 105963
107124 109536
55017 120370
37485 41940
50412 114281
17216 32605
65321 89204
10391 108927
103735 132333
25793 35581
55089 68499
86247 92291
16259 119770
42586 63742
96811 105279
106295 108325
2507 63326
63420 109647
30723 127908
92088 133686
67908 89262
24950 90173
90774 132022
110913 130246
84616 101377
70424 75768
63440 122800
127420 128226
5511 53918
97954 117964
129175 131740
54033 94094
15222 134483
100800 110176
98008 105881
64810 125562
125806 133192
43215 96799
37543 65163
70653 77715
93175 108035
88915 92407
3348 25845
28898 124468
132343 134368
108331 121712
63035 127441
18500 31337
79861 108185
4617 118448
18813 48373
27618 87756
115791 115924
133095 134047
109870 120310
97404 100118
15469 106559
24775 44190
9960 73732
117654 131063
48410 126390
129736 130507
113479 117850
5010 132345
125261 126807
31659 117656
133486 134005
69393 113205
26771 36321
131197 133723
128895 134601
32761 108048
100386 131789
21974 72489
101791 126716
22585 30878
121793 122053
110792 134206
58645 80904
61028 97564
50846 82929
119951 122087
79147 125600
50947 122903
124871 134230
62420 83504
28434 73911
120722 123380
41698 76106
110869 119117
46545 103124
132128 133168
75351 108166
93016 120305
44481 87367
59181 60516
112570 132877
134790 134871
133420 133854
47736 91558
62572 90404
90613 118509
68022 101638
21514 132833
99704 109320
48945 132001
30205 104739
132261 133425
76281 80820
70648 125980
123162 134444
57772 132730
110683 113631
122721 125026
8226 79225
9230 122279
51367 59915
14853 18399
24811 57692
129449 129509
27769 53080
35734 45212
86428 93497
47860 77117
32469 65509
31574 131918
80917 116074
83577 96421
112892 120776
36938 106067
31606 100680
86110 92451
2439 40208
96046 108364
82144 104226
12329 46897
7475 132312
44770 89398
132812 132830
114090 132016
70874 72462
117584 126023
105568 120005
78629 112069
31860 55483
84871 97726
2432 9740
67494 125936
9308 117364
31450 133060
87965 121459
65098 125061
42272 51710
78548 112944
15224 40636
133033 134410
10175 58961
12185 122153
107439 121101
113091 133561
13759 18811
93609 96907
125574 127257
43577 92511
52686 110349
106797 133113
83959 124041
7755 114303
26728 135042
953 11389
49519 56650
27722 45840
41038 102903
48646 56397
20868 52396
29134 86548
63396 90757
6097 50260
47264 89935
115705 125170
17327 67303
64904 109605
98530 113595
86687 124289
122747 134160
4552 117236
93508 120859
94996 117793
20678 132544
124721 129848
65452 78762
55077 86367
124706 131747
75805 76447
29793 30615
44810 112732
