100 1000000 5000 1000
30 1 58
30 60 85
30 87 96
30 98 99
30 101 174
30 176 231
30 233 308
30 310 345
30 347 418
30 420 449
30 451 534
30 536 599
30 601 610
30 612 631
30 633 686
30 688 777
30 779 842
30 844 873
30 875 876
30 878 913
30 915 1008
30 1010 1107
30 1109 1202
30 1204 1237
30 1239 1330
30 1332 1335
30 1337 1436
30 1438 1471
30 1473 1506
30 1508 1601
30 1603 1702
30 1704 1735
30 1737 1788
30 1790 1861
30 1863 1932
30 1934 2009
30 2011 2068
30 2070 2103
30 2105 2190
30 2192 2201
30 2203 2276
30 2278 2359
30 2361 2372
30 2374 2429
30 2431 2520
30 2522 2607
30 2609 2630
30 2632 2679
30 2681 2768
30 2770 2775
30 2777 2858
30 2860 2881
75 1 20
75 22 37
75 39 54
75 56 85
75 87 108
75 110 183
75 185 248
75 250 281
75 283 382
75 384 475
75 477 492
75 494 563
75 565 652
75 654 697
75 699 748
75 750 755
75 757 794
75 796 895
75 897 906
75 908 919
75 921 964
75 966 1041
75 1043 1080
75 1082 1131
75 1133 1220
75 1222 1297
75 1299 1378
75 1380 1427
75 1429 1478
75 1480 1553
75 1555 1618
75 1620 1713
75 1715 1804
75 1806 1811
75 1813 1878
75 1880 1909
75 1911 1918
75 1920 1977
75 1979 2024
75 2026 2081
75 2083 2088
75 2090 2173
75 2175 2232
75 2234 2263
75 2265 2306
75 2308 2357
75 2359 2398
75 2400 2413
75 2415 2484
75 2486 2539
75 2541 2606
75 2608 2677
75 2679 2770
88 1 60
88 62 73
88 75 76
88 78 109
88 111 138
88 140 161
88 163 238
88 240 245
88 247 304
88 306 385
88 387 422
88 424 513
88 515 604
88 606 689
88 691 736
88 738 807
88 809 848
88 850 947
88 949 1010
88 1012 1023
88 1025 1044
88 1046 1111
88 1113 1208
88 1210 1293
88 1295 1370
88 1372 1379
88 1381 1420
88 1422 1457
88 1459 1546
88 1548 1611
88 1613 1692
88 1694 1713
88 1715 1802
88 1804 1861
88 1863 1898
88 1900 1941
88 1943 1962
88 1964 2025
88 2027 2030
88 2032 2113
88 2115 2116
88 2118 2197
88 2199 2208
88 2210 2239
88 2241 2258
88 2260 2337
88 2339 2422
88 2424 2479
60 1 14
60 16 27
60 29 114
60 116 193
60 195 240
60 242 245
60 247 306
60 308 351
60 353 388
60 390 407
60 409 438
60 440 485
60 487 574
60 576 621
60 623 648
60 650 705
60 707 708
60 710 771
60 773 818
60 820 853
60 855 934
60 936 959
60 961 984
60 986 1007
60 1009 1108
60 1110 1111
60 1113 1162
60 1164 1185
60 1187 1260
60 1262 1345
60 1347 1398
60 1400 1431
60 1433 1530
60 1532 1575
60 1577 1640
60 1642 1713
60 1715 1746
60 1748 1839
60 1841 1900
60 1902 1909
60 1911 1912
60 1914 1959
60 1961 2032
60 2034 2095
60 2097 2182
60 2184 2253
60 2255 2336
60 2338 2395
60 2397 2430
60 2432 2489
60 2491 2530
60 2532 2589
60 2591 2648
60 2650 2653
60 2655 2680
87 1 76
87 78 85
87 87 116
87 118 141
87 143 208
87 210 211
87 213 266
87 268 359
87 361 386
87 388 433
87 435 494
87 496 577
87 579 636
87 638 687
87 689 758
87 760 771
87 773 828
87 830 865
87 867 880
87 882 911
87 913 950
87 952 1011
87 1013 1038
87 1040 1135
87 1137 1160
87 1162 1233
87 1235 1244
87 1246 1307
87 1309 1330
87 1332 1431
87 1433 1476
87 1478 1479
87 1481 1568
87 1570 1607
87 1609 1626
87 1628 1647
87 1649 1738
87 1740 1835
87 1837 1926
87 1928 2011
87 2013 2014
45 1 78
45 80 131
45 133 178
45 180 225
45 227 290
45 292 309
45 311 408
45 410 423
45 425 426
45 428 483
45 485 502
45 504 557
45 559 620
45 622 703
45 705 760
45 762 833
45 835 872
45 874 937
45 939 992
45 994 1007
45 1009 1096
45 1098 1189
45 1191 1248
45 1250 1295
45 1297 1310
45 1312 1389
45 1391 1466
45 1468 1529
45 1531 1562
45 1564 1619
45 1621 1674
45 1676 1695
45 1697 1778
45 1780 1833
45 1835 1846
45 1848 1937
45 1939 2014
45 2016 2077
45 2079 2094
45 2096 2151
45 2153 2156
45 2158 2199
45 2201 2242
45 2244 2259
45 2261 2350
45 2352 2353
45 2355 2378
45 2380 2427
45 2429 2472
45 2474 2509
45 2511 2584
45 2586 2625
45 2627 2640
45 2642 2663
45 2665 2698
58 1 80
58 82 93
58 95 168
58 170 177
58 179 230
58 232 239
58 241 290
58 292 335
58 337 376
58 378 429
58 431 446
58 448 473
58 475 538
58 540 597
58 599 626
58 628 645
58 647 672
58 674 713
58 715 736
58 738 741
58 743 764
58 766 831
58 833 882
58 884 937
58 939 998
58 1000 1021
58 1023 1066
58 1068 1111
58 1113 1204
58 1206 1237
58 1239 1242
58 1244 1311
58 1313 1336
58 1338 1385
58 1387 1418
58 1420 1491
58 1493 1590
58 1592 1623
58 1625 1628
58 1630 1719
58 1721 1816
58 1818 1909
58 1911 2000
58 2002 2009
58 2011 2022
58 2024 2049
58 2051 2106
58 2108 2115
58 2117 2192
58 2194 2275
52 1 34
52 36 87
52 89 128
52 130 213
52 215 312
52 314 397
52 399 406
52 408 433
52 435 494
52 496 573
52 575 642
52 644 705
52 707 792
52 794 891
52 893 908
52 910 959
52 961 1016
52 1018 1077
52 1079 1106
52 1108 1189
52 1191 1274
52 1276 1297
52 1299 1310
52 1312 1401
52 1403 1476
52 1478 1533
52 1535 1606
52 1608 1693
52 1695 1744
52 1746 1795
52 1797 1892
52 1894 1919
52 1921 2006
52 2008 2055
52 2057 2116
52 2118 2205
52 2207 2292
52 2294 2337
52 2339 2436
52 2438 2511
52 2513 2582
52 2584 2627
52 2629 2646
52 2648 2667
52 2669 2716
52 2718 2785
52 2787 2880
52 2882 2911
52 2913 2998
52 3000 3049
52 3051 3082
52 3084 3099
52 3101 3172
52 3174 3241
52 3243 3334
52 3336 3343
52 3345 3376
52 3378 3455
21 1 18
21 20 33
21 35 76
21 78 111
21 113 206
21 208 249
21 251 252
21 254 327
21 329 420
21 422 461
21 463 550
21 552 585
21 587 664
21 666 703
21 705 756
21 758 827
21 829 874
21 876 973
21 975 1052
21 1054 1143
21 1145 1238
21 1240 1307
21 1309 1348
21 1350 1373
21 1375 1468
21 1470 1513
21 1515 1582
21 1584 1667
21 1669 1762
21 1764 1837
21 1839 1908
21 1910 1981
21 1983 2048
21 2050 2087
21 2089 2102
21 2104 2165
21 2167 2202
21 2204 2271
21 2273 2332
21 2334 2421
21 2423 2498
21 2500 2593
21 2595 2626
21 2628 2651
21 2653 2670
21 2672 2735
21 2737 2768
21 2770 2819
21 2821 2910
21 2912 2971
92 1 64
92 66 137
92 139 206
92 208 211
92 213 232
92 234 259
92 261 296
92 298 327
92 329 372
92 374 407
92 409 502
92 504 577
92 579 608
92 610 645
92 647 734
92 736 775
92 777 840
92 842 847
92 849 896
92 898 943
92 945 1002
92 1004 1087
92 1089 1120
92 1122 1133
92 1135 1226
92 1228 1321
92 1323 1382
92 1384 1421
92 1423 1506
92 1508 1557
92 1559 1630
92 1632 1665
92 1667 1746
92 1748 1835
92 1837 1838
92 1840 1927
92 1929 1952
92 1954 2019
92 2021 2096
92 2098 2179
92 2181 2268
92 2270 2283
92 2285 2382
92 2384 2421
92 2423 2504
92 2506 2535
92 2537 2620
92 2622 2679
92 2681 2706
92 2708 2803
92 2805 2864
92 2866 2931
92 2933 2982
91 1 24
91 26 83
91 85 150
91 152 191
91 193 238
91 240 261
91 263 354
91 356 395
91 397 450
91 452 453
91 455 496
91 498 533
91 535 554
91 556 637
91 639 696
91 698 709
91 711 766
91 768 823
91 825 910
91 912 949
91 951 952
91 954 959
91 961 1026
91 1028 1079
91 1081 1116
91 1118 1153
91 1155 1218
91 1220 1241
91 1243 1292
91 1294 1329
91 1331 1356
91 1358 1387
91 1389 1480
91 1482 1483
91 1485 1566
91 1568 1609
91 1611 1638
91 1640 1703
91 1705 1728
91 1730 1807
91 1809 1848
91 1850 1935
91 1937 1944
91 1946 1947
22 1 2
22 4 97
22 99 134
22 136 153
22 155 176
22 178 191
22 193 278
22 280 323
22 325 372
22 374 465
22 467 512
22 514 575
22 577 648
22 650 659
22 661 696
22 698 747
22 749 810
22 812 819
22 821 860
22 862 871
22 873 902
22 904 945
22 947 950
22 952 997
22 999 1044
22 1046 1089
22 1091 1116
22 1118 1193
22 1195 1268
22 1270 1309
22 1311 1398
22 1400 1461
22 1463 1544
22 1546 1561
22 1563 1602
22 1604 1657
22 1659 1710
22 1712 1753
22 1755 1838
22 1840 1871
22 1873 1884
22 1886 1887
22 1889 1956
22 1958 1983
22 1985 2044
22 2046 2053
22 2055 2148
79 1 44
79 46 121
79 123 208
79 210 271
79 273 280
79 282 317
79 319 376
79 378 439
79 441 520
79 522 549
79 551 608
79 610 671
79 673 734
79 736 821
79 823 868
79 870 959
79 961 1024
79 1026 1055
79 1057 1112
79 1114 1201
79 1203 1218
79 1220 1273
79 1275 1304
79 1306 1385
79 1387 1402
79 1404 1491
79 1493 1506
79 1508 1587
79 1589 1600
79 1602 1605
79 1607 1670
79 1672 1687
79 1689 1762
79 1764 1781
79 1783 1878
79 1880 1945
79 1947 2038
79 2040 2079
79 2081 2140
79 2142 2237
79 2239 2330
79 2332 2415
79 2417 2460
79 2462 2525
79 2527 2588
79 2590 2643
79 2645 2654
79 2656 2703
79 2705 2722
79 2724 2739
79 2741 2752
79 2754 2849
79 2851 2932
79 2934 2939
79 2941 2990
79 2992 3067
79 3069 3084
95 1 30
95 32 73
95 75 156
95 158 171
95 173 202
95 204 273
95 275 334
95 336 341
95 343 438
95 440 503
95 505 536
95 538 619
95 621 714
95 716 739
95 741 838
95 840 873
95 875 904
95 906 991
95 993 1004
95 1006 1039
95 1041 1134
95 1136 1181
95 1183 1262
95 1264 1283
95 1285 1306
95 1308 1403
95 1405 1452
95 1454 1521
95 1523 1568
95 1570 1629
95 1631 1704
95 1706 1795
95 1797 1864
95 1866 1921
95 1923 1964
95 1966 2061
95 2063 2142
95 2144 2189
95 2191 2214
95 2216 2245
95 2247 2306
95 2308 2311
95 2313 2316
95 2318 2391
95 2393 2394
95 2396 2489
95 2491 2544
47 1 42
47 44 135
47 137 168
47 170 249
47 251 278
47 280 351
47 353 430
47 432 433
47 435 520
47 522 621
47 623 714
47 716 753
47 755 762
47 764 775
47 777 786
47 788 845
47 847 944
47 946 967
47 969 976
47 978 1029
47 1031 1090
47 1092 1121
47 1123 1154
47 1156 1241
47 1243 1306
47 1308 1399
47 1401 1486
47 1488 1511
47 1513 1606
47 1608 1617
47 1619 1716
47 1718 1743
47 1745 1762
47 1764 1787
47 1789 1858
47 1860 1935
47 1937 1976
47 1978 2059
47 2061 2068
47 2070 2077
47 2079 2128
47 2130 2169
31 1 78
31 80 143
31 145 180
31 182 259
31 261 288
31 290 337
31 339 358
31 360 443
31 445 498
31 500 581
31 583 586
31 588 639
31 641 668
31 670 673
31 675 760
31 762 815
31 817 836
31 838 917
31 919 962
31 964 967
31 969 970
31 972 1047
31 1049 1126
31 1128 1223
31 1225 1286
31 1288 1307
31 1309 1342
31 1344 1427
31 1429 1496
31 1498 1575
31 1577 1624
31 1626 1693
31 1695 1704
31 1706 1717
31 1719 1806
31 1808 1849
31 1851 1866
31 1868 1917
31 1919 1992
31 1994 2057
31 2059 2112
31 2114 2173
31 2175 2256
31 2258 2279
31 2281 2360
31 2362 2431
31 2433 2450
31 2452 2473
31 2475 2524
31 2526 2565
31 2567 2626
31 2628 2711
31 2713 2724
31 2726 2813
31 2815 2878
31 2880 2957
31 2959 2970
31 2972 3025
31 3027 3084
31 3086 3167
31 3169 3220
31 3222 3235
31 3237 3326
16 1 14
16 16 35
16 37 98
16 100 129
16 131 190
16 192 213
16 215 244
16 246 303
16 305 306
16 308 313
16 315 412
16 414 507
16 509 582
16 584 681
16 683 756
16 758 835
16 837 928
16 930 933
16 935 988
16 990 1005
16 1007 1022
16 1024 1035
16 1037 1060
16 1062 1115
16 1117 1214
16 1216 1231
16 1233 1294
16 1296 1337
16 1339 1356
16 1358 1361
16 1363 1376
16 1378 1415
16 1417 1502
16 1504 1521
16 1523 1554
16 1556 1561
16 1563 1634
16 1636 1703
16 1705 1762
16 1764 1819
16 1821 1840
16 1842 1933
16 1935 2006
16 2008 2083
16 2085 2146
16 2148 2239
16 2241 2282
16 2284 2351
16 2353 2422
16 2424 2479
16 2481 2556
16 2558 2609
16 2611 2672
16 2674 2709
16 2711 2732
16 2734 2799
16 2801 2840
16 2842 2925
16 2927 2986
56 1 64
56 66 125
56 127 192
56 194 283
56 285 364
56 366 437
56 439 536
56 538 551
56 553 602
56 604 675
56 677 708
56 710 745
56 747 806
56 808 877
56 879 950
56 952 1003
56 1005 1062
56 1064 1097
56 1099 1132
56 1134 1163
56 1165 1212
56 1214 1219
56 1221 1254
56 1256 1299
56 1301 1312
56 1314 1329
56 1331 1368
56 1370 1441
56 1443 1524
56 1526 1611
56 1613 1708
56 1710 1807
56 1809 1820
56 1822 1847
56 1849 1910
56 1912 1953
56 1955 1962
56 1964 2019
56 2021 2080
56 2082 2117
56 2119 2168
56 2170 2265
56 2267 2356
56 2358 2429
56 2431 2528
56 2530 2539
56 2541 2618
56 2620 2701
56 2703 2754
56 2756 2801
56 2803 2876
56 2878 2921
56 2923 2954
56 2956 2965
56 2967 3006
27 1 4
27 6 47
27 49 110
27 112 201
27 203 248
27 250 297
27 299 338
27 340 421
27 423 436
27 438 487
27 489 554
27 556 615
27 617 628
27 630 677
27 679 764
27 766 829
27 831 904
27 906 945
27 947 970
27 972 981
27 983 1010
27 1012 1069
27 1071 1126
27 1128 1129
27 1131 1212
27 1214 1271
27 1273 1348
27 1350 1409
27 1411 1430
27 1432 1489
27 1491 1522
27 1524 1599
27 1601 1676
27 1678 1699
27 1701 1704
27 1706 1727
27 1729 1760
27 1762 1807
27 1809 1876
27 1878 1951
27 1953 2016
27 2018 2067
27 2069 2124
27 2126 2127
27 2129 2136
27 2138 2237
27 2239 2300
27 2302 2327
27 2329 2398
27 2400 2409
27 2411 2476
27 2478 2545
36 1 68
36 70 153
36 155 240
36 242 307
36 309 364
36 366 439
36 441 538
36 540 635
36 637 718
36 720 817
36 819 912
36 914 939
36 941 968
36 970 1045
36 1047 1066
36 1068 1095
36 1097 1192
36 1194 1223
36 1225 1276
36 1278 1351
36 1353 1398
36 1400 1407
36 1409 1466
36 1468 1469
36 1471 1492
36 1494 1545
36 1547 1590
36 1592 1651
36 1653 1670
36 1672 1753
36 1755 1776
36 1778 1783
36 1785 1838
36 1840 1903
36 1905 2002
36 2004 2095
36 2097 2136
36 2138 2159
36 2161 2254
36 2256 2327
36 2329 2366
36 2368 2371
36 2373 2432
36 2434 2527
36 2529 2598
36 2600 2633
36 2635 2664
36 2666 2695
36 2697 2780
36 2782 2805
36 2807 2874
36 2876 2971
36 2973 2984
36 2986 2989
36 2991 3074
36 3076 3163
36 3165 3180
36 3182 3219
93 1 24
93 26 77
93 79 150
93 152 205
93 207 300
93 302 359
93 361 386
93 388 443
93 445 466
93 468 549
93 551 578
93 580 665
93 667 750
93 752 755
93 757 816
93 818 891
93 893 986
93 988 1003
93 1005 1070
93 1072 1161
93 1163 1176
93 1178 1227
93 1229 1244
93 1246 1319
93 1321 1338
93 1340 1421
93 1423 1494
93 1496 1497
93 1499 1538
93 1540 1571
93 1573 1598
93 1600 1601
93 1603 1668
93 1670 1697
93 1699 1728
93 1730 1821
93 1823 1876
93 1878 1909
93 1911 1942
93 1944 1983
93 1985 2022
93 2024 2111
93 2113 2142
93 2144 2161
93 2163 2214
93 2216 2229
93 2231 2324
93 2326 2423
93 2425 2510
93 2512 2557
93 2559 2566
93 2568 2623
93 2625 2678
93 2680 2767
93 2769 2850
93 2852 2945
93 2947 2990
93 2992 3049
93 3051 3056
93 3058 3151
85 1 72
85 74 147
85 149 178
85 180 275
85 277 338
85 340 385
85 387 394
85 396 479
85 481 482
85 484 553
85 555 618
85 620 717
85 719 752
85 754 837
85 839 936
85 938 1031
85 1033 1098
85 1100 1191
85 1193 1290
85 1292 1353
85 1355 1360
85 1362 1417
85 1419 1506
85 1508 1519
85 1521 1524
85 1526 1611
85 1613 1654
85 1656 1731
85 1733 1786
85 1788 1881
85 1883 1922
85 1924 1943
85 1945 2040
85 2042 2131
85 2133 2168
85 2170 2193
85 2195 2274
85 2276 2323
85 2325 2368
85 2370 2455
85 2457 2468
85 2470 2491
85 2493 2528
85 2530 2537
85 2539 2620
85 2622 2643
85 2645 2700
85 2702 2785
85 2787 2864
85 2866 2885
51 1 52
51 54 119
51 121 178
51 180 271
51 273 312
51 314 355
51 357 414
51 416 511
51 513 606
51 608 687
51 689 732
51 734 769
51 771 852
51 854 911
51 913 926
51 928 995
51 997 1050
51 1052 1145
51 1147 1178
51 1180 1269
51 1271 1274
51 1276 1335
51 1337 1436
51 1438 1519
51 1521 1542
51 1544 1565
51 1567 1636
51 1638 1657
51 1659 1754
51 1756 1783
51 1785 1842
51 1844 1881
51 1883 1928
51 1930 1933
51 1935 1982
51 1984 2061
51 2063 2130
51 2132 2171
51 2173 2264
51 2266 2349
51 2351 2444
42 1 6
42 8 21
42 23 82
42 84 93
42 95 120
42 122 157
42 159 204
42 206 237
42 239 300
42 302 363
42 365 368
42 370 381
42 383 396
42 398 419
42 421 504
42 506 523
42 525 582
42 584 633
42 635 730
42 732 733
42 735 762
42 764 847
42 849 856
42 858 875
42 877 962
42 964 1059
42 1061 1072
42 1074 1079
42 1081 1132
42 1134 1139
42 1141 1148
42 1150 1153
42 1155 1196
42 1198 1269
42 1271 1304
42 1306 1353
42 1355 1418
42 1420 1431
42 1433 1466
42 1468 1487
42 1489 1538
42 1540 1583
42 1585 1644
42 1646 1663
42 1665 1726
23 1 4
23 6 45
23 47 140
23 142 195
23 197 222
23 224 269
23 271 358
23 360 403
23 405 474
23 476 495
23 497 528
23 530 593
23 595 680
23 682 767
23 769 782
23 784 815
23 817 842
23 844 871
23 873 880
23 882 943
23 945 950
23 952 975
23 977 1072
23 1074 1169
23 1171 1186
23 1188 1211
23 1213 1218
23 1220 1309
23 1311 1320
23 1322 1409
23 1411 1468
23 1470 1527
23 1529 1590
23 1592 1613
23 1615 1618
23 1620 1707
23 1709 1792
23 1794 1803
23 1805 1806
23 1808 1865
23 1867 1884
23 1886 1889
23 1891 1894
23 1896 1901
23 1903 1938
23 1940 2035
23 2037 2052
4 1 100
4 102 133
4 135 220
4 222 247
4 249 252
4 254 317
4 319 368
4 370 399
4 401 412
4 414 503
4 505 524
4 526 531
4 533 588
4 590 679
4 681 750
4 752 843
4 845 894
4 896 983
4 985 992
4 994 1059
4 1061 1100
4 1102 1129
4 1131 1228
4 1230 1265
4 1267 1286
4 1288 1325
4 1327 1406
4 1408 1455
4 1457 1490
4 1492 1529
4 1531 1566
4 1568 1571
4 1573 1610
4 1612 1671
4 1673 1716
4 1718 1741
4 1743 1806
4 1808 1811
4 1813 1886
4 1888 1981
4 1983 1996
4 1998 2079
4 2081 2100
4 2102 2189
4 2191 2258
4 2260 2313
4 2315 2394
4 2396 2453
4 2455 2500
4 2502 2547
4 2549 2596
4 2598 2665
4 2667 2682
100 1 38
100 40 69
100 71 152
100 154 215
100 217 286
100 288 383
100 385 470
100 472 537
100 539 590
100 592 595
100 597 644
100 646 723
100 725 750
100 752 765
100 767 840
100 842 859
100 861 938
100 940 1009
100 1011 1110
100 1112 1199
100 1201 1234
100 1236 1249
100 1251 1346
100 1348 1371
100 1373 1440
100 1442 1457
100 1459 1482
100 1484 1489
100 1491 1500
100 1502 1531
100 1533 1544
100 1546 1557
100 1559 1572
100 1574 1643
100 1645 1680
35 1 64
35 66 143
35 145 200
35 202 207
35 209 296
35 298 393
35 395 442
35 444 485
35 487 532
35 534 557
35 559 622
35 624 707
35 709 748
35 750 761
35 763 840
35 842 853
35 855 922
35 924 933
35 935 944
35 946 967
35 969 990
35 992 1065
35 1067 1086
35 1088 1105
35 1107 1148
35 1150 1189
35 1191 1270
35 1272 1313
35 1315 1334
35 1336 1429
35 1431 1520
35 1522 1577
35 1579 1592
35 1594 1595
35 1597 1600
35 1602 1603
35 1605 1618
35 1620 1637
35 1639 1678
35 1680 1759
35 1761 1776
35 1778 1803
35 1805 1844
35 1846 1855
35 1857 1874
35 1876 1907
35 1909 1946
35 1948 1995
35 1997 2008
35 2010 2107
35 2109 2158
35 2160 2245
35 2247 2286
67 1 74
67 76 107
67 109 112
67 114 169
67 171 238
67 240 333
67 335 434
67 436 491
67 493 502
67 504 515
67 517 582
67 584 657
67 659 680
67 682 749
67 751 766
67 768 783
67 785 826
67 828 875
67 877 938
67 940 949
67 951 968
67 970 1055
67 1057 1094
67 1096 1151
67 1153 1228
67 1230 1263
67 1265 1308
67 1310 1371
67 1373 1390
67 1392 1429
67 1431 1454
67 1456 1515
67 1517 1592
67 1594 1639
67 1641 1672
67 1674 1675
67 1677 1750
67 1752 1819
67 1821 1870
67 1872 1905
67 1907 1994
67 1996 2085
67 2087 2156
67 2158 2255
67 2257 2332
67 2334 2429
67 2431 2482
67 2484 2495
67 2497 2596
67 2598 2661
67 2663 2672
67 2674 2725
67 2727 2790
67 2792 2853
67 2855 2948
81 1 32
81 34 61
81 63 74
81 76 119
81 121 132
81 134 211
81 213 242
81 244 263
81 265 338
81 340 407
81 409 450
81 452 511
81 513 608
81 610 671
81 673 690
81 692 701
81 703 766
81 768 863
81 865 924
81 926 995
81 997 1036
81 1038 1061
81 1063 1144
81 1146 1159
81 1161 1164
81 1166 1209
81 1211 1252
81 1254 1297
81 1299 1380
81 1382 1407
81 1409 1508
81 1510 1519
81 1521 1564
81 1566 1623
81 1625 1678
81 1680 1757
81 1759 1776
81 1778 1819
81 1821 1832
81 1834 1881
81 1883 1960
81 1962 2011
81 2013 2052
81 2054 2145
81 2147 2226
81 2228 2263
81 2265 2288
81 2290 2293
81 2295 2390
81 2392 2401
81 2403 2456
81 2458 2549
81 2551 2572
81 2574 2595
80 1 18
80 20 77
80 79 84
80 86 95
80 97 132
80 134 159
80 161 250
80 252 281
80 283 312
80 314 371
80 373 410
80 412 505
80 507 568
80 570 653
80 655 734
80 736 767
80 769 850
80 852 889
80 891 942
80 944 1019
80 1021 1080
80 1082 1139
80 1141 1224
80 1226 1271
80 1273 1310
80 1312 1341
80 1343 1440
80 1442 1475
80 1477 1568
80 1570 1617
80 1619 1712
80 1714 1747
80 1749 1834
80 1836 1837
80 1839 1880
80 1882 1951
80 1953 2040
80 2042 2091
80 2093 2124
80 2126 2215
80 2217 2260
80 2262 2325
80 2327 2372
80 2374 2403
80 2405 2442
80 2444 2445
80 2447 2526
80 2528 2585
80 2587 2622
80 2624 2649
80 2651 2686
80 2688 2689
80 2691 2766
80 2768 2827
80 2829 2888
80 2890 2977
80 2979 3046
80 3048 3111
80 3113 3162
80 3164 3237
64 1 58
64 60 95
64 97 158
64 160 217
64 219 278
64 280 353
64 355 430
64 432 475
64 477 496
64 498 585
64 587 650
64 652 681
64 683 760
64 762 825
64 827 922
64 924 991
64 993 998
64 1000 1095
64 1097 1136
64 1138 1187
64 1189 1248
64 1250 1295
64 1297 1332
64 1334 1401
64 1403 1442
64 1444 1491
64 1493 1562
64 1564 1581
64 1583 1606
64 1608 1623
64 1625 1668
64 1670 1695
64 1697 1730
64 1732 1743
64 1745 1774
64 1776 1849
64 1851 1858
64 1860 1913
64 1915 1988
64 1990 2033
64 2035 2100
64 2102 2167
64 2169 2246
64 2248 2253
64 2255 2260
12 1 56
12 58 89
12 91 144
12 146 191
12 193 232
12 234 235
12 237 310
12 312 381
12 383 436
12 438 485
12 487 528
12 530 551
12 553 652
12 654 713
12 715 812
12 814 909
12 911 926
12 928 979
12 981 1014
12 1016 1031
12 1033 1098
12 1100 1111
12 1113 1180
12 1182 1223
12 1225 1280
12 1282 1351
12 1353 1366
12 1368 1377
12 1379 1442
12 1444 1477
12 1479 1558
12 1560 1657
12 1659 1706
12 1708 1781
12 1783 1786
12 1788 1883
12 1885 1940
12 1942 2009
12 2011 2062
12 2064 2077
48 1 74
48 76 93
48 95 102
48 104 195
48 197 274
48 276 359
48 361 368
48 370 405
48 407 422
48 424 517
48 519 532
48 534 609
48 611 668
48 670 699
48 701 708
48 710 719
48 721 798
48 800 895
48 897 932
48 934 979
48 981 1052
48 1054 1151
48 1153 1230
48 1232 1239
48 1241 1242
48 1244 1297
48 1299 1346
48 1348 1411
48 1413 1502
48 1504 1537
48 1539 1598
48 1600 1601
48 1603 1636
48 1638 1717
48 1719 1814
48 1816 1911
48 1913 1940
48 1942 1985
48 1987 2082
48 2084 2127
48 2129 2222
48 2224 2277
48 2279 2348
48 2350 2431
48 2433 2482
48 2484 2499
48 2501 2568
48 2570 2667
48 2669 2762
48 2764 2777
48 2779 2810
48 2812 2847
48 2849 2856
48 2858 2859
48 2861 2930
48 2932 3005
48 3007 3010
48 3012 3109
48 3111 3150
48 3152 3209
48 3211 3256
99 1 76
99 78 171
99 173 226
99 228 321
99 323 342
99 344 411
99 413 496
99 498 503
99 505 524
99 526 565
99 567 612
99 614 649
99 651 664
99 666 719
99 721 736
99 738 743
99 745 820
99 822 875
99 877 932
99 934 963
99 965 1052
99 1054 1143
99 1145 1224
99 1226 1301
99 1303 1350
99 1352 1361
99 1363 1398
99 1400 1453
99 1455 1478
99 1480 1537
99 1539 1604
99 1606 1693
99 1695 1712
99 1714 1799
99 1801 1822
99 1824 1903
99 1905 1924
99 1926 1987
99 1989 2058
99 2060 2113
99 2115 2206
99 2208 2305
99 2307 2372
99 2374 2413
99 2415 2504
99 2506 2579
99 2581 2680
99 2682 2739
99 2741 2744
99 2746 2783
99 2785 2834
99 2836 2859
99 2861 2894
99 2896 2963
99 2965 3020
99 3022 3037
99 3039 3116
99 3118 3145
99 3147 3152
99 3154 3233
57 1 56
57 58 143
57 145 236
57 238 319
57 321 354
57 356 363
57 365 410
57 412 429
57 431 478
57 480 481
57 483 490
57 492 521
57 523 614
57 616 677
57 679 704
57 706 733
57 735 746
57 748 845
57 847 890
57 892 923
57 925 950
57 952 1031
57 1033 1124
57 1126 1187
57 1189 1268
57 1270 1345
57 1347 1354
57 1356 1417
57 1419 1472
57 1474 1527
57 1529 1534
57 1536 1601
57 1603 1688
57 1690 1781
57 1783 1862
57 1864 1905
57 1907 1924
57 1926 1945
57 1947 2026
57 2028 2089
3 1 64
3 66 79
3 81 164
3 166 203
3 205 214
3 216 283
3 285 318
3 320 401
3 403 430
3 432 471
3 473 522
3 524 569
3 571 644
3 646 735
3 737 742
3 744 751
3 753 760
3 762 779
3 781 810
3 812 841
3 843 872
3 874 969
3 971 998
3 1000 1009
3 1011 1062
3 1064 1105
3 1107 1192
3 1194 1271
3 1273 1282
3 1284 1325
3 1327 1376
3 1378 1453
3 1455 1470
3 1472 1541
3 1543 1554
3 1556 1595
3 1597 1628
3 1630 1707
3 1709 1800
3 1802 1851
3 1853 1930
3 1932 1947
3 1949 1990
3 1992 2071
3 2073 2166
3 2168 2245
3 2247 2280
3 2282 2369
73 1 74
73 76 97
73 99 136
73 138 223
73 225 254
73 256 311
73 313 378
73 380 433
73 435 444
73 446 535
73 537 572
73 574 633
73 635 726
73 728 791
73 793 802
73 804 899
73 901 908
73 910 937
73 939 944
73 946 1033
73 1035 1116
73 1118 1175
73 1177 1182
73 1184 1271
73 1273 1326
73 1328 1405
73 1407 1408
73 1410 1453
73 1455 1514
73 1516 1565
73 1567 1584
73 1586 1597
73 1599 1640
73 1642 1681
73 1683 1714
73 1716 1723
73 1725 1784
73 1786 1861
73 1863 1878
73 1880 1897
73 1899 1916
73 1918 1981
73 1983 1990
73 1992 2045
73 2047 2108
73 2110 2207
73 2209 2210
73 2212 2213
73 2215 2272
73 2274 2289
73 2291 2304
10 1 2
10 4 101
10 103 166
10 168 259
10 261 336
10 338 397
10 399 420
10 422 499
10 501 502
10 504 583
10 585 668
10 670 683
10 685 734
10 736 791
10 793 858
10 860 927
10 929 950
10 952 993
10 995 1010
10 1012 1085
10 1087 1094
10 1096 1149
10 1151 1182
10 1184 1229
10 1231 1312
10 1314 1369
10 1371 1380
10 1382 1395
10 1397 1402
10 1404 1443
10 1445 1450
10 1452 1461
10 1463 1472
10 1474 1547
10 1549 1566
10 1568 1637
10 1639 1690
10 1692 1757
10 1759 1818
10 1820 1837
10 1839 1878
10 1880 1931
10 1933 2026
10 2028 2107
10 2109 2136
10 2138 2231
10 2233 2276
50 1 20
50 22 83
50 85 154
50 156 209
50 211 292
50 294 391
50 393 424
50 426 481
50 483 540
50 542 617
50 619 698
50 700 795
50 797 840
50 842 925
50 927 956
50 958 991
50 993 1038
50 1040 1117
50 1119 1210
50 1212 1255
50 1257 1340
50 1342 1349
50 1351 1436
50 1438 1485
50 1487 1532
50 1534 1581
50 1583 1650
50 1652 1665
50 1667 1740
50 1742 1745
50 1747 1812
50 1814 1903
50 1905 1966
50 1968 1983
50 1985 2042
50 2044 2139
50 2141 2178
50 2180 2251
50 2253 2312
66 1 76
66 78 117
66 119 182
66 184 239
66 241 270
66 272 347
66 349 414
66 416 455
66 457 538
66 540 631
66 633 686
66 688 725
66 727 756
66 758 781
66 783 870
66 872 929
66 931 966
66 968 1047
66 1049 1096
66 1098 1099
66 1101 1114
66 1116 1179
66 1181 1200
66 1202 1291
66 1293 1364
66 1366 1427
66 1429 1488
66 1490 1557
66 1559 1586
66 1588 1669
66 1671 1674
66 1676 1707
66 1709 1774
66 1776 1853
66 1855 1862
66 1864 1925
66 1927 1960
66 1962 1969
66 1971 2036
66 2038 2107
66 2109 2186
66 2188 2201
66 2203 2300
66 2302 2397
66 2399 2472
66 2474 2569
66 2571 2628
66 2630 2653
66 2655 2660
66 2662 2735
66 2737 2782
66 2784 2813
66 2815 2896
66 2898 2933
66 2935 2976
66 2978 3053
66 3055 3070
66 3072 3117
54 1 68
54 70 167
54 169 236
54 238 319
54 321 334
54 336 377
54 379 458
54 460 477
54 479 576
54 578 629
54 631 724
54 726 743
54 745 794
54 796 799
54 801 844
54 846 849
54 851 860
54 862 863
54 865 888
54 890 921
54 923 962
54 964 1019
54 1021 1116
54 1118 1167
54 1169 1184
54 1186 1265
54 1267 1338
54 1340 1403
54 1405 1462
54 1464 1473
54 1475 1564
72 1 68
72 70 167
72 169 258
72 260 343
72 345 350
72 352 429
72 431 454
72 456 547
72 549 622
72 624 669
72 671 768
72 770 823
72 825 912
72 914 1001
72 1003 1050
72 1052 1091
72 1093 1114
72 1116 1199
72 1201 1246
72 1248 1325
72 1327 1422
72 1424 1491
72 1493 1524
72 1526 1611
72 1613 1706
72 1708 1789
72 1791 1888
72 1890 1945
72 1947 2004
72 2006 2061
72 2063 2072
72 2074 2167
72 2169 2204
72 2206 2259
72 2261 2276
72 2278 2373
72 2375 2440
72 2442 2447
72 2449 2530
72 2532 2569
72 2571 2640
72 2642 2697
72 2699 2740
72 2742 2773
72 2775 2828
72 2830 2855
72 2857 2946
72 2948 3039
72 3041 3118
72 3120 3147
72 3149 3212
72 3214 3297
72 3299 3396
72 3398 3419
33 1 4
33 6 99
33 101 114
33 116 141
33 143 148
33 150 205
33 207 236
33 238 317
33 319 354
33 356 425
33 427 482
33 484 569
33 571 614
33 616 693
33 695 698
33 700 737
33 739 744
33 746 823
33 825 924
33 926 1021
33 1023 1074
33 1076 1101
33 1103 1116
33 1118 1119
33 1121 1176
33 1178 1275
33 1277 1330
33 1332 1425
33 1427 1444
33 1446 1473
33 1475 1490
33 1492 1515
55 1 22
55 24 103
55 105 170
55 172 189
55 191 232
55 234 237
55 239 312
55 314 331
55 333 414
55 416 457
55 459 460
55 462 533
55 535 616
55 618 623
55 625 632
55 634 639
55 641 644
55 646 729
55 731 812
55 814 821
55 823 834
55 836 875
55 877 938
55 940 1033
55 1035 1060
55 1062 1109
55 1111 1194
55 1196 1261
55 1263 1270
55 1272 1297
55 1299 1356
55 1358 1415
55 1417 1478
55 1480 1553
55 1555 1646
55 1648 1739
55 1741 1756
55 1758 1801
55 1803 1828
55 1830 1849
55 1851 1906
55 1908 1915
55 1917 1936
55 1938 1941
55 1943 1996
96 1 46
96 48 51
96 53 130
96 132 177
96 179 192
96 194 243
96 245 290
96 292 349
96 351 376
96 378 391
96 393 434
96 436 445
96 447 532
96 534 577
96 579 608
96 610 701
96 703 736
96 738 835
96 837 896
96 898 965
96 967 992
96 994 1049
96 1051 1102
96 1104 1151
96 1153 1186
96 1188 1213
96 1215 1234
96 1236 1301
96 1303 1314
96 1316 1381
96 1383 1450
96 1452 1495
96 1497 1538
96 1540 1611
96 1613 1638
96 1640 1695
96 1697 1698
96 1700 1707
96 1709 1740
96 1742 1783
96 1785 1882
96 1884 1941
96 1943 2018
96 2020 2085
96 2087 2144
96 2146 2155
96 2157 2168
96 2170 2253
96 2255 2318
96 2320 2411
96 2413 2440
96 2442 2475
96 2477 2572
96 2574 2645
96 2647 2724
96 2726 2727
96 2729 2734
96 2736 2741
96 2743 2778
96 2780 2819
96 2821 2850
69 1 20
69 22 39
69 41 106
69 108 185
69 187 202
69 204 205
69 207 212
69 214 305
69 307 354
69 356 425
69 427 430
69 432 501
69 503 588
69 590 597
69 599 626
69 628 723
69 725 736
69 738 753
69 755 844
69 846 927
69 929 936
69 938 1033
69 1035 1052
69 1054 1141
69 1143 1232
69 1234 1255
69 1257 1296
69 1298 1357
69 1359 1406
69 1408 1491
69 1493 1550
69 1552 1563
69 1565 1598
69 1600 1661
69 1663 1696
69 1698 1747
69 1749 1796
69 1798 1885
69 1887 1974
69 1976 2051
69 2053 2086
69 2088 2117
78 1 34
78 36 61
78 63 90
78 92 131
78 133 198
78 200 203
78 205 282
78 284 357
78 359 440
78 442 509
78 511 526
78 528 531
78 533 606
78 608 699
78 701 742
78 744 757
78 759 818
78 820 859
78 861 880
78 882 905
78 907 950
78 952 971
78 973 976
78 978 1053
78 1055 1096
78 1098 1107
78 1109 1140
78 1142 1235
78 1237 1294
78 1296 1351
78 1353 1376
78 1378 1457
78 1459 1528
78 1530 1595
78 1597 1644
78 1646 1729
78 1731 1788
78 1790 1805
78 1807 1892
78 1894 1941
78 1943 1968
78 1970 2041
78 2043 2062
78 2064 2065
78 2067 2118
78 2120 2123
78 2125 2222
78 2224 2307
78 2309 2386
78 2388 2405
78 2407 2480
78 2482 2525
78 2527 2544
78 2546 2563
78 2565 2634
78 2636 2707
78 2709 2730
78 2732 2825
78 2827 2858
78 2860 2957
78 2959 2996
78 2998 3069
32 1 56
32 58 103
32 105 126
32 128 139
32 141 174
32 176 215
32 217 300
32 302 399
32 401 424
32 426 433
32 435 468
32 470 533
32 535 588
32 590 599
32 601 618
32 620 667
32 669 722
32 724 761
32 763 818
32 820 827
32 829 834
32 836 891
32 893 930
32 932 951
32 953 1038
32 1040 1049
32 1051 1086
32 1088 1163
32 1165 1230
32 1232 1291
32 1293 1308
32 1310 1343
32 1345 1386
32 1388 1481
32 1483 1488
32 1490 1497
32 1499 1552
32 1554 1593
32 1595 1672
32 1674 1717
32 1719 1800
32 1802 1807
32 1809 1848
32 1850 1897
32 1899 1996
83 1 60
83 62 141
83 143 220
83 222 241
83 243 292
83 294 347
83 349 378
83 380 471
83 473 518
83 520 547
83 549 556
83 558 595
83 597 604
83 606 653
83 655 734
83 736 769
83 771 788
83 790 833
83 835 854
83 856 921
83 923 990
83 992 1071
83 1073 1166
83 1168 1245
83 1247 1268
83 1270 1287
83 1289 1360
83 1362 1427
83 1429 1502
83 1504 1585
83 1587 1684
83 1686 1747
83 1749 1788
83 1790 1885
83 1887 1912
83 1914 1981
83 1983 2044
83 2046 2087
83 2089 2104
83 2106 2199
83 2201 2228
83 2230 2299
83 2301 2396
83 2398 2435
83 2437 2518
83 2520 2525
83 2527 2534
83 2536 2551
83 2553 2568
83 2570 2639
83 2641 2720
83 2722 2767
83 2769 2832
83 2834 2925
1 1 84
1 86 175
1 177 250
1 252 313
1 315 322
1 324 369
1 371 426
1 428 449
1 451 530
1 532 605
1 607 686
1 688 741
1 743 790
1 792 867
1 869 910
1 912 947
1 949 1018
1 1020 1085
1 1087 1182
1 1184 1271
1 1273 1280
1 1282 1345
1 1347 1442
1 1444 1451
1 1453 1496
1 1498 1551
1 1553 1648
1 1650 1743
1 1745 1762
1 1764 1789
1 1791 1866
1 1868 1905
1 1907 1962
1 1964 1967
1 1969 2048
1 2050 2135
1 2137 2156
1 2158 2211
1 2213 2278
1 2280 2315
1 2317 2326
1 2328 2345
1 2347 2376
1 2378 2435
1 2437 2534
1 2536 2547
1 2549 2582
1 2584 2607
1 2609 2630
43 1 72
43 74 147
43 149 188
43 190 259
43 261 278
43 280 317
43 319 380
43 382 477
43 479 576
43 578 669
43 671 700
43 702 707
43 709 780
43 782 807
43 809 902
43 904 973
43 975 1000
43 1002 1059
43 1061 1092
43 1094 1119
43 1121 1124
43 1126 1171
43 1173 1210
43 1212 1311
43 1313 1406
43 1408 1471
43 1473 1526
43 1528 1611
43 1613 1656
43 1658 1707
43 1709 1770
43 1772 1805
43 1807 1856
43 1858 1895
43 1897 1944
43 1946 1963
43 1965 2018
43 2020 2077
43 2079 2164
43 2166 2233
43 2235 2256
43 2258 2297
43 2299 2356
43 2358 2407
43 2409 2454
43 2456 2501
11 1 62
11 64 155
11 157 238
11 240 271
11 273 282
11 284 367
11 369 396
11 398 451
11 453 506
11 508 527
11 529 540
11 542 587
11 589 612
11 614 677
11 679 740
11 742 825
11 827 912
11 914 921
11 923 1004
11 1006 1069
11 1071 1152
11 1154 1217
11 1219 1268
11 1270 1347
11 1349 1388
11 1390 1431
11 1433 1438
11 1440 1459
11 1461 1546
11 1548 1647
11 1649 1710
11 1712 1791
11 1793 1864
11 1866 1877
11 1879 1948
11 1950 1955
11 1957 2038
11 2040 2111
11 2113 2154
11 2156 2163
11 2165 2238
11 2240 2293
11 2295 2304
11 2306 2373
11 2375 2434
11 2436 2495
11 2497 2562
11 2564 2663
11 2665 2668
11 2670 2675
11 2677 2690
11 2692 2785
11 2787 2794
11 2796 2845
11 2847 2928
11 2930 3021
11 3023 3032
2 1 96
2 98 189
2 191 230
2 232 233
2 235 304
2 306 335
2 337 352
2 354 403
2 405 504
2 506 507
2 509 570
2 572 599
2 601 628
2 630 691
2 693 762
2 764 835
2 837 920
2 922 937
2 939 1036
2 1038 1127
2 1129 1202
2 1204 1283
2 1285 1316
2 1318 1335
2 1337 1382
2 1384 1405
2 1407 1476
2 1478 1493
2 1495 1520
2 1522 1523
2 1525 1570
2 1572 1589
2 1591 1634
2 1636 1691
2 1693 1732
2 1734 1831
2 1833 1920
2 1922 1969
2 1971 1990
2 1992 2039
2 2041 2042
2 2044 2109
2 2111 2126
2 2128 2163
2 2165 2176
2 2178 2185
2 2187 2206
2 2208 2253
65 1 10
65 12 109
65 111 180
65 182 247
65 249 260
65 262 323
65 325 410
65 412 481
65 483 554
65 556 633
65 635 694
65 696 719
65 721 812
65 814 823
65 825 878
65 880 913
65 915 956
65 958 979
65 981 1032
65 1034 1081
65 1083 1116
65 1118 1189
65 1191 1202
65 1204 1295
65 1297 1318
65 1320 1329
65 1331 1424
65 1426 1501
65 1503 1514
65 1516 1573
65 1575 1606
65 1608 1699
65 1701 1788
65 1790 1861
65 1863 1878
65 1880 1947
65 1949 1992
65 1994 2043
65 2045 2066
65 2068 2075
65 2077 2118
65 2120 2145
65 2147 2240
65 2242 2281
65 2283 2380
65 2382 2431
65 2433 2444
65 2446 2471
65 2473 2530
65 2532 2603
65 2605 2612
65 2614 2713
65 2715 2750
65 2752 2835
65 2837 2928
65 2930 2965
65 2967 3036
65 3038 3061
65 3063 3128
65 3130 3139
65 3141 3212
65 3214 3257
28 1 6
28 8 85
28 87 172
28 174 269
28 271 328
28 330 351
28 353 386
28 388 427
28 429 496
28 498 569
28 571 578
28 580 589
28 591 638
28 640 683
28 685 758
28 760 779
28 781 854
28 856 889
28 891 974
28 976 1043
28 1045 1124
28 1126 1167
28 1169 1238
28 1240 1245
28 1247 1330
28 1332 1335
28 1337 1348
28 1350 1371
28 1373 1408
28 1410 1421
28 1423 1466
28 1468 1519
28 1521 1572
28 1574 1633
28 1635 1694
28 1696 1769
28 1771 1818
28 1820 1843
28 1845 1900
28 1902 1949
28 1951 1992
28 1994 2047
28 2049 2140
28 2142 2163
28 2165 2264
28 2266 2359
28 2361 2416
28 2418 2483
15 1 4
15 6 49
15 51 118
15 120 213
15 215 302
15 304 387
15 389 438
15 440 521
15 523 606
15 608 685
15 687 764
15 766 841
15 843 880
15 882 897
15 899 966
15 968 995
15 997 1012
15 1014 1039
15 1041 1120
15 1122 1141
15 1143 1190
15 1192 1207
15 1209 1266
15 1268 1287
15 1289 1362
15 1364 1463
15 1465 1560
15 1562 1659
15 1661 1754
15 1756 1781
15 1783 1842
15 1844 1853
15 1855 1898
15 1900 1989
15 1991 2026
15 2028 2103
15 2105 2150
15 2152 2213
15 2215 2288
15 2290 2357
15 2359 2368
15 2370 2383
15 2385 2388
15 2390 2429
15 2431 2454
15 2456 2507
15 2509 2530
15 2532 2581
15 2583 2672
15 2674 2705
15 2707 2738
15 2740 2781
15 2783 2854
17 1 50
17 52 53
17 55 112
17 114 191
17 193 254
17 256 297
17 299 370
17 372 423
17 425 518
17 520 569
17 571 572
17 574 599
17 601 644
17 646 659
17 661 718
17 720 745
17 747 766
17 768 815
17 817 820
17 822 919
17 921 988
17 990 1023
17 1025 1116
17 1118 1147
17 1149 1174
17 1176 1233
17 1235 1282
17 1284 1353
17 1355 1402
17 1404 1423
17 1425 1434
17 1436 1533
17 1535 1558
17 1560 1647
17 1649 1660
17 1662 1699
17 1701 1752
17 1754 1803
17 1805 1854
17 1856 1931
17 1933 1954
17 1956 2007
17 2009 2016
17 2018 2083
17 2085 2092
17 2094 2123
17 2125 2156
17 2158 2177
17 2179 2224
17 2226 2253
17 2255 2328
17 2330 2425
17 2427 2506
17 2508 2567
17 2569 2622
17 2624 2647
17 2649 2700
17 2702 2761
17 2763 2848
17 2850 2887
17 2889 2972
17 2974 3063
17 3065 3068
17 3070 3123
17 3125 3214
77 1 34
77 36 55
77 57 128
77 130 185
77 187 224
77 226 269
77 271 344
77 346 357
77 359 406
77 408 491
77 493 532
77 534 545
77 547 614
77 616 685
77 687 740
77 742 753
77 755 780
77 782 841
77 843 856
77 858 891
77 893 914
77 916 953
77 955 966
77 968 1059
77 1061 1074
77 1076 1137
77 1139 1196
77 1198 1277
77 1279 1350
77 1352 1415
77 1417 1458
77 1460 1497
77 1499 1578
77 1580 1605
77 1607 1704
77 1706 1799
77 1801 1880
77 1882 1965
77 1967 2044
77 2046 2097
77 2099 2132
9 1 28
9 30 119
9 121 130
9 132 169
9 171 240
9 242 317
9 319 410
9 412 413
9 415 478
9 480 519
9 521 606
9 608 613
9 615 692
9 694 701
9 703 764
9 766 795
9 797 832
9 834 839
9 841 864
9 866 959
9 961 992
9 994 1089
9 1091 1166
9 1168 1211
9 1213 1278
9 1280 1325
9 1327 1350
9 1352 1397
9 1399 1454
9 1456 1471
9 1473 1510
9 1512 1583
9 1585 1586
9 1588 1621
9 1623 1668
9 1670 1705
9 1707 1758
61 1 90
61 92 113
61 115 146
61 148 155
61 157 194
61 196 251
61 253 276
61 278 289
61 291 328
61 330 393
61 395 414
61 416 467
61 469 500
61 502 567
61 569 598
61 600 637
61 639 706
61 708 753
61 755 824
61 826 857
61 859 934
61 936 941
61 943 986
61 988 1081
61 1083 1118
61 1120 1173
61 1175 1268
61 1270 1367
61 1369 1456
61 1458 1499
61 1501 1568
61 1570 1659
61 1661 1714
61 1716 1735
61 1737 1740
61 1742 1759
61 1761 1830
61 1832 1835
61 1837 1844
61 1846 1911
61 1913 1994
61 1996 2041
61 2043 2078
61 2080 2153
61 2155 2180
61 2182 2219
61 2221 2262
61 2264 2317
61 2319 2390
61 2392 2477
61 2479 2574
61 2576 2671
61 2673 2766
61 2768 2849
61 2851 2896
61 2898 2919
61 2921 2948
61 2950 2957
61 2959 3046
61 3048 3109
61 3111 3166
61 3168 3219
20 1 50
20 52 143
20 145 178
20 180 253
20 255 328
20 330 341
20 343 388
20 390 417
20 419 452
20 454 543
20 545 614
20 616 633
20 635 652
20 654 655
20 657 746
20 748 771
20 773 806
20 808 905
20 907 962
20 964 1059
20 1061 1146
20 1148 1155
20 1157 1230
20 1232 1311
20 1313 1336
20 1338 1425
20 1427 1486
20 1488 1527
20 1529 1590
20 1592 1665
20 1667 1706
20 1708 1735
20 1737 1742
20 1744 1771
20 1773 1842
20 1844 1877
20 1879 1952
20 1954 2023
20 2025 2122
20 2124 2167
20 2169 2218
20 2220 2231
20 2233 2316
20 2318 2347
20 2349 2448
20 2450 2467
20 2469 2490
20 2492 2519
20 2521 2616
20 2618 2651
20 2653 2722
20 2724 2737
20 2739 2830
20 2832 2919
20 2921 2990
20 2992 3031
20 3033 3066
20 3068 3155
20 3157 3236
20 3238 3311
19 1 74
19 76 141
19 143 188
19 190 203
19 205 244
19 246 327
19 329 396
19 398 435
19 437 472
19 474 549
19 551 620
19 622 715
19 717 800
19 802 853
19 855 916
19 918 965
19 967 984
19 986 1063
19 1065 1096
19 1098 1187
19 1189 1228
19 1230 1329
19 1331 1392
19 1394 1453
19 1455 1538
19 1540 1545
19 1547 1632
19 1634 1683
19 1685 1698
19 1700 1769
19 1771 1780
19 1782 1855
19 1857 1878
19 1880 1961
19 1963 2040
19 2042 2065
19 2067 2102
19 2104 2187
19 2189 2246
19 2248 2317
19 2319 2332
19 2334 2379
19 2381 2406
19 2408 2473
62 1 74
62 76 129
62 131 228
62 230 297
62 299 304
62 306 321
62 323 390
62 392 425
62 427 472
62 474 475
62 477 520
62 522 581
62 583 672
62 674 705
62 707 756
62 758 781
62 783 786
62 788 847
62 849 908
62 910 945
62 947 994
62 996 1041
62 1043 1102
62 1104 1133
62 1135 1172
62 1174 1245
62 1247 1288
62 1290 1347
62 1349 1434
62 1436 1491
62 1493 1564
62 1566 1571
62 1573 1592
62 1594 1671
62 1673 1738
62 1740 1743
62 1745 1808
62 1810 1837
62 1839 1920
62 1922 1937
62 1939 2026
62 2028 2099
62 2101 2118
62 2120 2165
62 2167 2234
62 2236 2309
62 2311 2398
62 2400 2489
62 2491 2528
62 2530 2603
62 2605 2684
97 1 38
97 40 77
97 79 128
97 130 155
97 157 192
97 194 275
97 277 312
97 314 349
97 351 432
97 434 497
97 499 580
97 582 663
97 665 736
97 738 745
97 747 844
97 846 913
97 915 940
97 942 981
97 983 984
97 986 1029
97 1031 1064
97 1066 1107
97 1109 1172
97 1174 1259
97 1261 1300
97 1302 1375
97 1377 1424
97 1426 1483
97 1485 1534
97 1536 1611
97 1613 1622
97 1624 1701
97 1703 1758
97 1760 1769
97 1771 1832
97 1834 1881
97 1883 1958
97 1960 2001
97 2003 2072
97 2074 2155
97 2157 2168
97 2170 2249
97 2251 2282
97 2284 2323
97 2325 2362
97 2364 2419
97 2421 2468
24 1 64
24 66 133
24 135 214
24 216 271
24 273 328
24 330 391
24 393 400
24 402 501
24 503 536
24 538 563
24 565 650
24 652 669
24 671 766
24 768 849
24 851 918
24 920 927
24 929 978
24 980 1047
24 1049 1120
24 1122 1139
24 1141 1148
24 1150 1161
24 1163 1174
24 1176 1187
24 1189 1264
24 1266 1277
24 1279 1342
24 1344 1389
24 1391 1446
24 1448 1519
24 1521 1596
24 1598 1655
24 1657 1746
24 1748 1817
24 1819 1900
24 1902 1911
24 1913 1954
24 1956 1983
24 1985 2058
24 2060 2097
24 2099 2108
24 2110 2171
24 2173 2224
24 2226 2271
24 2273 2336
24 2338 2371
24 2373 2460
71 1 74
71 76 161
71 163 172
71 174 237
71 239 318
71 320 383
71 385 458
71 460 485
71 487 562
71 564 581
71 583 666
71 668 679
71 681 688
71 690 759
71 761 840
71 842 871
71 873 954
71 956 1003
71 1005 1038
71 1040 1069
71 1071 1150
71 1152 1175
71 1177 1236
71 1238 1285
71 1287 1350
71 1352 1381
71 1383 1398
71 1400 1489
71 1491 1524
71 1526 1555
71 1557 1606
71 1608 1625
71 1627 1652
71 1654 1693
71 1695 1770
71 1772 1783
71 1785 1796
26 1 84
26 86 181
26 183 222
26 224 305
26 307 380
26 382 445
26 447 538
26 540 571
26 573 592
26 594 689
26 691 770
26 772 773
26 775 828
26 830 861
26 863 880
26 882 929
26 931 1018
26 1020 1081
26 1083 1104
26 1106 1191
26 1193 1252
26 1254 1273
26 1275 1292
26 1294 1359
26 1361 1448
26 1450 1493
26 1495 1522
26 1524 1551
26 1553 1630
26 1632 1685
26 1687 1694
26 1696 1715
26 1717 1740
26 1742 1749
26 1751 1828
26 1830 1867
26 1869 1958
26 1960 2041
26 2043 2070
26 2072 2125
26 2127 2168
26 2170 2263
26 2265 2272
26 2274 2277
40 1 40
40 42 133
40 135 208
40 210 229
40 231 254
40 256 331
40 333 360
40 362 409
40 411 496
40 498 567
40 569 602
40 604 615
40 617 636
40 638 691
40 693 766
40 768 787
40 789 858
40 860 923
40 925 934
40 936 1011
40 1013 1028
40 1030 1067
40 1069 1132
40 1134 1177
40 1179 1246
40 1248 1281
40 1283 1296
40 1298 1337
40 1339 1430
40 1432 1473
40 1475 1516
40 1518 1551
40 1553 1554
40 1556 1611
40 1613 1634
40 1636 1719
40 1721 1780
40 1782 1819
40 1821 1858
40 1860 1931
40 1933 1974
40 1976 1991
40 1993 2034
40 2036 2075
40 2077 2144
6 1 94
6 96 177
6 179 214
6 216 275
6 277 298
6 300 375
6 377 454
6 456 521
6 523 584
6 586 613
6 615 630
6 632 687
6 689 694
6 696 757
6 759 810
6 812 871
6 873 876
6 878 977
6 979 1004
6 1006 1053
6 1055 1136
6 1138 1187
6 1189 1250
6 1252 1281
6 1283 1308
6 1310 1367
6 1369 1418
6 1420 1469
6 1471 1558
6 1560 1635
6 1637 1714
6 1716 1801
6 1803 1846
6 1848 1849
6 1851 1888
6 1890 1927
6 1929 1962
6 1964 2035
6 2037 2120
6 2122 2157
6 2159 2166
6 2168 2249
6 2251 2338
6 2340 2407
6 2409 2508
6 2510 2583
6 2585 2604
6 2606 2617
6 2619 2694
6 2696 2767
6 2769 2858
6 2860 2937
6 2939 2950
6 2952 3043
6 3045 3050
6 3052 3067
6 3069 3158
6 3160 3221
6 3223 3290
6 3292 3319
6 3321 3376
6 3378 3393
6 3395 3428
34 1 58
34 60 137
34 139 164
34 166 175
34 177 268
34 270 365
34 367 406
34 408 481
34 483 500
34 502 533
34 535 612
34 614 647
34 649 690
34 692 753
34 755 770
34 772 871
34 873 932
34 934 1013
34 1015 1024
34 1026 1099
34 1101 1144
34 1146 1157
34 1159 1218
34 1220 1233
34 1235 1262
34 1264 1339
34 1341 1416
34 1418 1515
34 1517 1546
34 1548 1585
34 1587 1648
34 1650 1743
34 1745 1766
34 1768 1831
34 1833 1836
34 1838 1887
34 1889 1926
34 1928 1957
34 1959 2046
34 2048 2143
34 2145 2168
34 2170 2231
84 1 74
84 76 173
84 175 246
84 248 303
84 305 352
84 354 421
84 423 496
84 498 499
84 501 580
84 582 595
84 597 630
84 632 635
84 637 734
84 736 769
84 771 808
84 810 849
84 851 918
84 920 977
84 979 986
84 988 1079
84 1081 1176
84 1178 1217
84 1219 1268
84 1270 1295
84 1297 1352
84 1354 1417
84 1419 1490
84 1492 1587
84 1589 1624
84 1626 1675
84 1677 1704
84 1706 1755
84 1757 1838
84 1840 1933
84 1935 1954
84 1956 1961
84 1963 2006
84 2008 2015
84 2017 2100
84 2102 2167
84 2169 2238
84 2240 2263
84 2265 2300
84 2302 2343
84 2345 2382
84 2384 2415
84 2417 2454
84 2456 2515
84 2517 2598
84 2600 2605
84 2607 2608
84 2610 2681
84 2683 2718
84 2720 2727
84 2729 2758
84 2760 2777
84 2779 2848
84 2850 2919
84 2921 2980
84 2982 3041
84 3043 3108
84 3110 3169
84 3171 3186
29 1 68
29 70 129
29 131 132
29 134 157
29 159 186
29 188 233
29 235 240
29 242 311
29 313 366
29 368 375
29 377 466
29 468 501
29 503 582
29 584 659
29 661 686
29 688 739
29 741 764
29 766 777
29 779 828
29 830 903
29 905 956
29 958 1057
29 1059 1062
29 1064 1145
29 1147 1224
29 1226 1317
29 1319 1340
29 1342 1403
29 1405 1462
29 1464 1541
29 1543 1642
29 1644 1661
29 1663 1736
29 1738 1767
29 1769 1806
29 1808 1823
29 1825 1852
29 1854 1917
98 1 10
98 12 37
98 39 80
98 82 153
98 155 186
98 188 235
98 237 290
98 292 355
98 357 442
98 444 489
98 491 494
98 496 513
98 515 614
98 616 653
98 655 746
98 748 827
98 829 850
98 852 913
98 915 1014
98 1016 1105
98 1107 1140
98 1142 1171
98 1173 1246
98 1248 1267
98 1269 1334
98 1336 1343
98 1345 1388
98 1390 1421
98 1423 1478
98 1480 1497
98 1499 1540
98 1542 1591
98 1593 1644
98 1646 1685
98 1687 1776
98 1778 1865
98 1867 1912
98 1914 1969
98 1971 2024
98 2026 2057
98 2059 2106
98 2108 2137
98 2139 2192
98 2194 2271
98 2273 2280
98 2282 2351
98 2353 2406
98 2408 2479
98 2481 2554
98 2556 2589
98 2591 2606
98 2608 2613
70 1 96
70 98 167
70 169 206
70 208 229
70 231 286
70 288 347
70 349 398
70 400 439
70 441 536
70 538 567
70 569 640
70 642 651
70 653 736
70 738 799
70 801 890
70 892 915
70 917 992
70 994 1081
70 1083 1176
70 1178 1247
70 1249 1282
70 1284 1315
70 1317 1356
70 1358 1423
70 1425 1452
70 1454 1535
70 1537 1538
70 1540 1575
70 1577 1624
70 1626 1661
70 1663 1744
70 1746 1797
70 1799 1860
70 1862 1925
70 1927 2018
70 2020 2047
70 2049 2136
70 2138 2187
70 2189 2212
70 2214 2233
70 2235 2282
70 2284 2301
70 2303 2390
70 2392 2485
70 2487 2508
70 2510 2567
70 2569 2576
70 2578 2633
70 2635 2718
59 1 74
59 76 151
59 153 228
59 230 291
59 293 388
59 390 465
59 467 474
59 476 485
59 487 572
59 574 617
59 619 620
59 622 721
59 723 766
59 768 815
59 817 902
59 904 945
59 947 994
59 996 1051
59 1053 1054
59 1056 1109
59 1111 1198
59 1200 1219
59 1221 1266
59 1268 1355
59 1357 1372
59 1374 1471
59 1473 1570
59 1572 1599
59 1601 1670
59 1672 1753
59 1755 1838
59 1840 1917
59 1919 1962
59 1964 1979
59 1981 1986
59 1988 1999
59 2001 2092
49 1 98
49 100 139
49 141 176
49 178 185
49 187 192
49 194 237
49 239 286
49 288 297
49 299 390
49 392 451
49 453 468
49 470 511
49 513 600
49 602 647
49 649 670
49 672 767
49 769 820
49 822 909
49 911 976
49 978 1061
49 1063 1158
49 1160 1177
49 1179 1226
49 1228 1305
49 1307 1386
49 1388 1395
49 1397 1446
49 1448 1493
49 1495 1540
49 1542 1613
49 1615 1630
49 1632 1703
49 1705 1742
49 1744 1843
49 1845 1882
49 1884 1907
49 1909 1974
49 1976 2019
49 2021 2080
49 2082 2145
49 2147 2190
49 2192 2223
49 2225 2286
49 2288 2377
49 2379 2464
49 2466 2537
49 2539 2610
53 1 56
53 58 81
53 83 164
53 166 245
53 247 300
53 302 385
53 387 446
53 448 495
53 497 524
53 526 537
53 539 554
53 556 643
53 645 690
53 692 731
53 733 830
53 832 867
53 869 890
53 892 973
53 975 1066
53 1068 1153
53 1155 1160
53 1162 1229
53 1231 1328
53 1330 1411
53 1413 1504
53 1506 1535
53 1537 1588
53 1590 1651
53 1653 1714
53 1716 1757
53 1759 1846
53 1848 1889
53 1891 1948
53 1950 2029
53 2031 2102
53 2104 2187
53 2189 2226
53 2228 2233
53 2235 2266
53 2268 2285
53 2287 2316
53 2318 2357
53 2359 2386
53 2388 2405
53 2407 2432
53 2434 2511
53 2513 2600
53 2602 2661
53 2663 2666
53 2668 2727
76 1 2
76 4 35
76 37 52
76 54 145
76 147 166
76 168 225
76 227 258
76 260 305
76 307 334
76 336 419
76 421 470
76 472 495
76 497 550
76 552 573
76 575 622
76 624 675
76 677 726
76 728 811
76 813 832
76 834 883
76 885 952
76 954 993
76 995 1074
76 1076 1117
76 1119 1152
76 1154 1201
76 1203 1282
76 1284 1331
76 1333 1418
76 1420 1435
76 1437 1510
76 1512 1519
76 1521 1548
76 1550 1575
76 1577 1632
76 1634 1705
76 1707 1778
76 1780 1871
76 1873 1918
76 1920 1921
76 1923 2010
76 2012 2085
76 2087 2158
76 2160 2213
76 2215 2310
76 2312 2373
76 2375 2460
76 2462 2489
76 2491 2506
76 2508 2541
76 2543 2590
76 2592 2645
76 2647 2668
76 2670 2763
76 2765 2782
76 2784 2789
76 2791 2848
76 2850 2869
76 2871 2936
7 1 10
7 12 43
7 45 62
7 64 153
7 155 172
7 174 207
7 209 308
7 310 353
7 355 454
7 456 521
7 523 608
7 610 653
7 655 668
7 670 741
7 743 804
7 806 899
7 901 930
7 932 1017
7 1019 1072
7 1074 1143
7 1145 1166
7 1168 1173
7 1175 1242
7 1244 1289
7 1291 1318
7 1320 1399
7 1401 1496
7 1498 1571
7 1573 1648
7 1650 1713
7 1715 1736
7 1738 1797
7 1799 1878
7 1880 1973
7 1975 1982
7 1984 2045
7 2047 2096
7 2098 2171
7 2173 2268
7 2270 2285
7 2287 2290
7 2292 2379
7 2381 2398
7 2400 2415
7 2417 2512
7 2514 2581
7 2583 2638
7 2640 2665
7 2667 2686
7 2688 2781
7 2783 2802
7 2804 2843
7 2845 2854
38 1 16
38 18 19
38 21 116
38 118 143
38 145 186
38 188 197
38 199 238
38 240 285
38 287 294
38 296 365
38 367 372
38 374 429
38 431 504
38 506 591
38 593 670
38 672 751
38 753 800
38 802 839
38 841 898
38 900 917
38 919 1004
38 1006 1065
38 1067 1108
38 1110 1127
38 1129 1142
38 1144 1197
38 1199 1272
38 1274 1281
38 1283 1284
38 1286 1289
38 1291 1338
38 1340 1393
38 1395 1442
38 1444 1469
38 1471 1512
38 1514 1555
38 1557 1620
38 1622 1685
38 1687 1692
38 1694 1773
38 1775 1810
38 1812 1889
38 1891 1990
38 1992 2083
38 2085 2130
38 2132 2159
38 2161 2188
38 2190 2265
38 2267 2318
38 2320 2359
38 2361 2440
38 2442 2455
38 2457 2498
38 2500 2521
38 2523 2542
38 2544 2595
68 1 34
68 36 45
68 47 120
68 122 163
68 165 176
68 178 187
68 189 284
68 286 287
68 289 366
68 368 395
68 397 452
68 454 455
68 457 552
68 554 631
68 633 720
68 722 765
68 767 822
68 824 885
68 887 974
68 976 1003
68 1005 1042
68 1044 1131
68 1133 1216
68 1218 1231
68 1233 1326
68 1328 1379
68 1381 1442
68 1444 1477
68 1479 1530
68 1532 1543
68 1545 1640
68 1642 1695
68 1697 1720
68 1722 1749
68 1751 1768
68 1770 1813
68 1815 1850
68 1852 1855
68 1857 1890
68 1892 1921
68 1923 1964
68 1966 2025
68 2027 2082
68 2084 2167
68 2169 2176
68 2178 2223
68 2225 2308
68 2310 2387
68 2389 2418
68 2420 2501
68 2503 2524
89 1 52
89 54 71
89 73 82
89 84 141
89 143 238
89 240 251
89 253 348
89 350 417
89 419 462
89 464 561
89 563 642
89 644 737
89 739 824
89 826 869
89 871 944
89 946 959
89 961 1056
89 1058 1157
89 1159 1242
89 1244 1261
89 1263 1298
89 1300 1337
89 1339 1412
89 1414 1451
89 1453 1528
89 1530 1599
89 1601 1614
89 1616 1631
89 1633 1692
89 1694 1739
89 1741 1800
89 1802 1877
89 1879 1938
89 1940 2039
89 2041 2076
89 2078 2105
89 2107 2164
89 2166 2193
89 2195 2288
89 2290 2345
89 2347 2400
89 2402 2475
89 2477 2478
89 2480 2509
89 2511 2586
89 2588 2633
89 2635 2682
89 2684 2763
39 1 46
39 48 113
39 115 158
39 160 179
39 181 212
39 214 273
39 275 324
39 326 373
39 375 418
39 420 487
39 489 584
39 586 657
39 659 702
39 704 767
39 769 792
39 794 865
39 867 904
39 906 943
39 945 968
39 970 1035
39 1037 1072
39 1074 1105
39 1107 1184
39 1186 1223
39 1225 1312
39 1314 1387
39 1389 1436
39 1438 1491
39 1493 1572
39 1574 1621
39 1623 1654
39 1656 1737
39 1739 1752
39 1754 1803
39 1805 1884
39 1886 1981
39 1983 2012
39 2014 2053
39 2055 2072
39 2074 2153
39 2155 2214
39 2216 2299
39 2301 2318
39 2320 2333
39 2335 2376
39 2378 2449
39 2451 2458
39 2460 2463
39 2465 2530
39 2532 2537
39 2539 2618
39 2620 2629
39 2631 2636
39 2638 2693
39 2695 2736
39 2738 2797
39 2799 2800
39 2802 2875
39 2877 2950
39 2952 3005
39 3007 3042
18 1 16
18 18 21
18 23 118
18 120 193
18 195 292
18 294 325
18 327 360
18 362 387
18 389 420
18 422 475
18 477 576
18 578 673
18 675 676
18 678 723
18 725 816
18 818 839
18 841 882
18 884 905
18 907 972
18 974 1065
18 1067 1072
18 1074 1087
18 1089 1102
18 1104 1121
18 1123 1184
18 1186 1231
18 1233 1300
18 1302 1393
18 1395 1474
18 1476 1505
18 1507 1598
18 1600 1651
18 1653 1674
18 1676 1765
18 1767 1778
18 1780 1815
18 1817 1880
18 1882 1963
18 1965 2056
18 2058 2107
18 2109 2184
18 2186 2283
18 2285 2376
90 1 2
90 4 95
90 97 132
90 134 157
90 159 246
90 248 329
90 331 336
90 338 395
90 397 486
90 488 555
90 557 604
90 606 623
90 625 682
90 684 769
90 771 856
90 858 919
90 921 942
90 944 977
90 979 1064
90 1066 1105
90 1107 1112
90 1114 1187
90 1189 1276
90 1278 1317
90 1319 1340
90 1342 1417
90 1419 1472
90 1474 1539
90 1541 1628
90 1630 1647
90 1649 1728
90 1730 1797
90 1799 1892
90 1894 1963
90 1965 2030
90 2032 2111
90 2113 2196
90 2198 2229
90 2231 2254
90 2256 2311
90 2313 2400
90 2402 2405
90 2407 2446
90 2448 2495
90 2497 2542
46 1 32
46 34 105
46 107 128
46 130 219
46 221 242
46 244 265
46 267 336
46 338 403
46 405 430
46 432 467
46 469 554
46 556 557
46 559 590
46 592 609
46 611 678
46 680 707
46 709 788
46 790 873
46 875 910
46 912 971
46 973 1066
46 1068 1121
46 1123 1150
46 1152 1213
46 1215 1260
46 1262 1323
46 1325 1422
46 1424 1467
46 1469 1486
46 1488 1535
46 1537 1624
46 1626 1677
46 1679 1686
46 1688 1785
46 1787 1834
46 1836 1843
46 1845 1858
46 1860 1883
46 1885 1982
46 1984 2015
46 2017 2064
46 2066 2073
46 2075 2144
46 2146 2219
46 2221 2314
46 2316 2403
46 2405 2498
46 2500 2591
46 2593 2606
63 1 72
63 74 81
63 83 148
63 150 175
63 177 240
63 242 283
63 285 352
63 354 393
63 395 442
63 444 477
63 479 494
63 496 499
63 501 564
63 566 601
63 603 656
63 658 707
63 709 790
63 792 801
63 803 888
63 890 979
63 981 988
63 990 1063
63 1065 1122
63 1124 1161
63 1163 1244
63 1246 1317
63 1319 1342
63 1344 1429
63 1431 1450
63 1452 1501
63 1503 1600
63 1602 1633
63 1635 1684
63 1686 1719
63 1721 1736
63 1738 1827
63 1829 1880
63 1882 1911
63 1913 1920
63 1922 2015
63 2017 2066
63 2068 2089
63 2091 2100
63 2102 2147
63 2149 2166
63 2168 2177
63 2179 2190
63 2192 2231
63 2233 2330
63 2332 2401
63 2403 2498
37 1 64
37 66 113
37 115 130
37 132 163
37 165 256
37 258 299
37 301 336
37 338 383
37 385 388
37 390 465
37 467 504
37 506 571
37 573 574
37 576 625
37 627 664
37 666 667
37 669 688
37 690 767
37 769 862
37 864 961
37 963 976
37 978 1011
37 1013 1050
37 1052 1069
37 1071 1168
37 1170 1255
37 1257 1264
37 1266 1315
37 1317 1360
37 1362 1385
37 1387 1434
37 1436 1467
37 1469 1504
37 1506 1569
37 1571 1594
37 1596 1669
37 1671 1704
37 1706 1711
37 1713 1740
37 1742 1791
37 1793 1862
37 1864 1907
37 1909 1916
37 1918 1959
37 1961 1970
37 1972 1987
37 1989 2042
37 2044 2047
37 2049 2106
37 2108 2181
37 2183 2202
37 2204 2271
37 2273 2274
37 2276 2347
37 2349 2382
37 2384 2413
37 2415 2476
37 2478 2489
37 2491 2492
37 2494 2517
37 2519 2560
37 2562 2629
37 2631 2702
37 2704 2743
37 2745 2778
37 2780 2871
37 2873 2950
37 2952 3029
82 1 40
82 42 91
82 93 110
82 112 211
82 213 278
82 280 321
82 323 348
82 350 367
82 369 460
82 462 501
82 503 576
82 578 593
82 595 606
82 608 651
82 653 730
82 732 753
82 755 808
82 810 873
82 875 972
82 974 1057
82 1059 1116
82 1118 1195
82 1197 1202
82 1204 1251
82 1253 1256
82 1258 1337
82 1339 1370
82 1372 1389
82 1391 1482
82 1484 1495
82 1497 1522
82 1524 1609
82 1611 1670
82 1672 1731
82 1733 1824
82 1826 1837
82 1839 1926
82 1928 1979
82 1981 1982
82 1984 2049
82 2051 2080
82 2082 2169
82 2171 2212
82 2214 2283
82 2285 2302
82 2304 2341
82 2343 2430
82 2432 2491
82 2493 2494
82 2496 2593
82 2595 2648
82 2650 2733
82 2735 2814
82 2816 2859
82 2861 2888
82 2890 2937
82 2939 2956
82 2958 3013
82 3015 3066
44 1 30
44 32 61
44 63 74
44 76 155
44 157 192
44 194 259
44 261 280
44 282 301
44 303 396
44 398 443
44 445 458
44 460 481
44 483 566
44 568 599
44 601 676
44 678 713
44 715 716
44 718 761
44 763 812
44 814 835
44 837 926
44 928 947
44 949 962
44 964 981
44 983 996
44 998 1087
44 1089 1180
44 1182 1271
44 1273 1324
44 1326 1411
44 1413 1444
44 1446 1485
44 1487 1520
44 1522 1597
44 1599 1642
44 1644 1701
44 1703 1710
44 1712 1787
44 1789 1828
74 1 10
74 12 109
74 111 178
74 180 239
74 241 248
74 250 339
74 341 376
74 378 443
74 445 476
74 478 501
74 503 568
74 570 663
74 665 760
74 762 819
74 821 866
74 868 869
74 871 898
74 900 949
74 951 954
74 956 977
74 979 1010
74 1012 1053
74 1055 1062
74 1064 1161
74 1163 1248
74 1250 1317
74 1319 1346
74 1348 1391
74 1393 1442
74 1444 1461
74 1463 1550
74 1552 1599
74 1601 1608
74 1610 1643
74 1645 1660
74 1662 1715
74 1717 1766
74 1768 1777
74 1779 1872
74 1874 1953
74 1955 1956
74 1958 1993
74 1995 2046
74 2048 2077
8 1 42
8 44 113
8 115 198
8 200 299
8 301 394
8 396 479
8 481 558
8 560 615
8 617 634
8 636 689
8 691 708
8 710 803
8 805 840
8 842 855
8 857 882
8 884 951
8 953 976
8 978 979
8 981 1010
8 1012 1035
8 1037 1106
8 1108 1153
8 1155 1214
8 1216 1227
8 1229 1320
8 1322 1341
8 1343 1402
8 1404 1493
8 1495 1580
8 1582 1599
8 1601 1646
8 1648 1691
8 1693 1784
8 1786 1825
8 1827 1920
8 1922 1945
8 1947 2030
8 2032 2113
8 2115 2180
8 2182 2209
8 2211 2280
8 2282 2357
8 2359 2446
8 2448 2527
8 2529 2616
8 2618 2657
8 2659 2682
8 2684 2769
8 2771 2816
8 2818 2865
8 2867 2942
41 1 38
41 40 115
41 117 190
41 192 213
41 215 312
41 314 333
41 335 404
41 406 449
41 451 538
41 540 629
41 631 670
41 672 739
41 741 782
41 784 817
41 819 882
41 884 947
41 949 992
41 994 1047
41 1049 1070
41 1072 1133
41 1135 1138
41 1140 1187
41 1189 1262
41 1264 1333
41 1335 1360
41 1362 1393
41 1395 1474
41 1476 1539
41 1541 1612
41 1614 1623
41 1625 1650
41 1652 1713
41 1715 1770
41 1772 1855
41 1857 1934
41 1936 1991
41 1993 2082
41 2084 2129
41 2131 2182
41 2184 2281
41 2283 2334
41 2336 2403
41 2405 2420
41 2422 2447
41 2449 2508
41 2510 2565
41 2567 2570
41 2572 2631
41 2633 2714
41 2716 2753
94 1 24
94 26 97
94 99 128
94 130 159
94 161 166
94 168 227
94 229 236
94 238 275
94 277 326
94 328 405
94 407 426
94 428 453
94 455 520
94 522 533
94 535 552
94 554 611
94 613 692
94 694 769
94 771 774
94 776 847
94 849 902
94 904 995
94 997 1050
94 1052 1107
94 1109 1138
94 1140 1211
94 1213 1306
94 1308 1339
94 1341 1368
94 1370 1377
94 1379 1462
94 1464 1559
94 1561 1632
94 1634 1703
94 1705 1706
94 1708 1775
94 1777 1832
94 1834 1923
94 1925 1970
94 1972 1975
94 1977 1980
94 1982 1987
94 1989 1992
94 1994 2083
94 2085 2110
94 2112 2151
94 2153 2188
5 1 92
5 94 187
5 189 242
5 244 287
5 289 380
5 382 463
5 465 542
5 544 627
5 629 654
5 656 661
5 663 726
5 728 825
5 827 916
5 918 1013
5 1015 1022
5 1024 1113
5 1115 1186
5 1188 1225
5 1227 1250
5 1252 1303
5 1305 1394
5 1396 1463
5 1465 1500
5 1502 1549
5 1551 1620
5 1622 1661
5 1663 1714
5 1716 1797
5 1799 1826
5 1828 1839
5 1841 1860
5 1862 1915
5 1917 1978
5 1980 2069
5 2071 2072
5 2074 2163
5 2165 2228
5 2230 2323
5 2325 2360
5 2362 2407
5 2409 2414
5 2416 2513
5 2515 2562
5 2564 2603
5 2605 2638
5 2640 2697
5 2699 2712
5 2714 2721
5 2723 2812
13 1 18
13 20 33
13 35 72
13 74 81
13 83 106
13 108 167
13 169 192
13 194 293
13 295 302
13 304 367
13 369 460
13 462 463
13 465 480
13 482 523
13 525 568
13 570 641
13 643 722
13 724 755
13 757 802
13 804 815
13 817 886
13 888 963
13 965 994
13 996 1037
13 1039 1076
13 1078 1141
13 1143 1196
13 1198 1209
13 1211 1224
13 1226 1263
13 1265 1302
13 1304 1345
13 1347 1374
13 1376 1457
13 1459 1552
13 1554 1623
13 1625 1682
13 1684 1701
13 1703 1718
13 1720 1737
13 1739 1814
13 1816 1877
13 1879 1884
13 1886 1965
13 1967 2050
13 2052 2091
13 2093 2114
13 2116 2199
13 2201 2256
86 1 84
86 86 91
86 93 96
86 98 139
86 141 238
86 240 273
86 275 332
86 334 389
86 391 430
86 432 437
86 439 532
86 534 581
86 583 610
86 612 691
86 693 726
86 728 729
86 731 780
86 782 821
86 823 874
86 876 887
86 889 970
86 972 975
86 977 1042
86 1044 1105
86 1107 1192
86 1194 1199
86 1201 1222
86 1224 1283
86 1285 1332
86 1334 1367
86 1369 1376
86 1378 1471
86 1473 1526
86 1528 1603
86 1605 1662
86 1664 1697
86 1699 1774
86 1776 1805
86 1807 1846
86 1848 1915
86 1917 1958
86 1960 1999
86 2001 2062
86 2064 2093
86 2095 2140
86 2142 2207
86 2209 2256
86 2258 2261
86 2263 2290
86 2292 2365
86 2367 2458
86 2460 2475
86 2477 2488
86 2490 2581
86 2583 2584
86 2586 2587
14 1 30
14 32 61
14 63 126
14 128 141
14 143 220
14 222 315
14 317 328
14 330 427
14 429 434
14 436 453
14 455 472
14 474 567
14 569 572
14 574 575
14 577 672
14 674 725
14 727 738
14 740 793
14 795 866
14 868 879
14 881 932
14 934 953
14 955 1006
14 1008 1041
14 1043 1070
14 1072 1113
14 1115 1200
14 1202 1255
14 1257 1344
14 1346 1397
14 1399 1454
14 1456 1495
14 1497 1586
14 1588 1687
14 1689 1728
14 1730 1783
14 1785 1790
14 1792 1887
25 1 58
25 60 117
25 119 198
25 200 207
25 209 272
25 274 331
25 333 388
25 390 445
25 447 516
25 518 545
25 547 580
25 582 645
25 647 696
25 698 703
25 705 780
25 782 859
25 861 918
25 920 1013
25 1015 1050
25 1052 1113
25 1115 1182
25 1184 1203
25 1205 1274
25 1276 1373
25 1375 1458
25 1460 1537
25 1539 1630
25 1632 1697
25 1699 1770
25 1772 1785
25 1787 1794
25 1796 1891
25 1893 1962
25 1964 1989
25 1991 2006
25 2008 2053
25 2055 2150
25 2152 2163
25 2165 2242
25 2244 2295
25 2297 2334
25 2336 2363
25 2365 2388
1 1000000
1 1000000
1 1000000
1 1000000
1 1000000
1 1000000
1 1000000
1 1000000
1 1000000
1 1000000
1 1000000
1 1000000
1 1000000
1 1000000
1 1000000
1 1000000
1 1000000
1 1000000
1 1000000
1 1000000
1 1000000
1 1000000
1 1000000
1 1000000
1 1000000
1 1000000
1 1000000
1 1000000
1 1000000
1 1000000
1 1000000
1 1000000
1 1000000
1 1000000
1 1000000
1 1000000
1 1000000
1 1000000
1 1000000
1 1000000
1 1000000
1 1000000
1 1000000
1 1000000
1 1000000
1 1000000
1 1000000
1 1000000
1 1000000
1 1000000
1 1000000
1 1000000
1 1000000
1 1000000
1 1000000
1 1000000
1 1000000
1 1000000
1 1000000
1 1000000
1 1000000
1 1000000
1 1000000
1 1000000
1 1000000
1 1000000
1 1000000
1 1000000
1 1000000
1 1000000
1 1000000
1 1000000
1 1000000
1 1000000
1 1000000
1 1000000
1 1000000
1 1000000
1 1000000
1 1000000
1 1000000
1 1000000
1 1000000
1 1000000
1 1000000
1 1000000
1 1000000
1 1000000
1 1000000
1 1000000
1 1000000
1 1000000
1 1000000
1 1000000
1 1000000
1 1000000
1 1000000
1 1000000
1 1000000
1 1000000
1 1000000
1 1000000
1 1000000
1 1000000
1 1000000
1 1000000
1 1000000
1 1000000
1 1000000
1 1000000
1 1000000
1 1000000
1 1000000
1 1000000
1 1000000
1 1000000
1 1000000
1 1000000
1 1000000
1 1000000
1 1000000
1 1000000
1 1000000
1 1000000
1 1000000
1 1000000
1 1000000
1 1000000
1 1000000
1 1000000
1 1000000
1 1000000
1 1000000
1 1000000
1 1000000
1 1000000
1 1000000
1 1000000
1 1000000
1 1000000
1 1000000
1 1000000
1 1000000
1 1000000
1 1000000
1 1000000
1 1000000
1 1000000
1 1000000
1 1000000
1 1000000
1 1000000
1 1000000
1 1000000
1 1000000
1 1000000
1 1000000
1 1000000
1 1000000
1 1000000
1 1000000
1 1000000
1 1000000
1 1000000
1 1000000
1 1000000
1 1000000
1 1000000
1 1000000
1 1000000
1 1000000
1 1000000
1 1000000
1 1000000
1 1000000
1 1000000
1 1000000
1 1000000
1 1000000
1 1000000
1 1000000
1 1000000
1 1000000
1 1000000
1 1000000
1 1000000
1 1000000
1 1000000
1 1000000
1 1000000
1 1000000
1 1000000
1 1000000
1 1000000
1 1000000
1 1000000
1 1000000
1 1000000
1 1000000
1 1000000
1 1000000
1 1000000
1 1000000
1 1000000
1 1000000
1 1000000
1 1000000
1 1000000
1 1000000
1 1000000
1 1000000
1 1000000
1 1000000
1 1000000
1 1000000
1 1000000
1 1000000
1 1000000
1 1000000
1 1000000
1 1000000
1 1000000
1 1000000
1 1000000
1 1000000
1 1000000
1 1000000
1 1000000
1 1000000
1 1000000
1 1000000
1 1000000
1 1000000
1 1000000
1 1000000
1 1000000
1 1000000
1 1000000
1 1000000
1 1000000
1 1000000
1 1000000
1 1000000
1 1000000
1 1000000
1 1000000
1 1000000
1 1000000
1 1000000
1 1000000
1 1000000
1 1000000
1 1000000
1 1000000
1 1000000
1 1000000
1 1000000
1 1000000
1 1000000
1 1000000
1 1000000
1 1000000
1 1000000
1 1000000
1 1000000
1 1000000
1 1000000
1 1000000
1 1000000
1 1000000
1 1000000
1 1000000
1 1000000
1 1000000
1 1000000
1 1000000
1 1000000
1 1000000
1 1000000
1 1000000
1 1000000
1 1000000
1 1000000
1 1000000
1 1000000
1 1000000
1 1000000
1 1000000
1 1000000
1 1000000
1 1000000
1 1000000
1 1000000
1 1000000
1 1000000
1 1000000
1 1000000
1 1000000
1 1000000
1 1000000
1 1000000
1 1000000
1 1000000
1 1000000
1 1000000
1 1000000
1 1000000
1 1000000
1 1000000
1 1000000
1 1000000
1 1000000
1 1000000
1 1000000
1 1000000
1 1000000
1 1000000
1 1000000
1 1000000
1 1000000
1 1000000
1 1000000
1 1000000
1 1000000
1 1000000
1 1000000
1 1000000
1 1000000
1 1000000
1 1000000
1 1000000
1 1000000
1 1000000
1 1000000
1 1000000
1 1000000
1 1000000
1 1000000
1 1000000
1 1000000
1 1000000
1 1000000
1 1000000
1 1000000
1 1000000
1 1000000
1 1000000
1 1000000
1 1000000
1 1000000
1 1000000
1 1000000
1 1000000
1 1000000
1 1000000
1 1000000
1 1000000
1 1000000
1 1000000
1 1000000
1 1000000
1 1000000
1 1000000
1 1000000
1 1000000
1 1000000
1 1000000
1 1000000
1 1000000
1 1000000
1 1000000
1 1000000
1 1000000
1 1000000
1 1000000
1 1000000
1 1000000
1 1000000
1 1000000
1 1000000
1 1000000
1 1000000
1 1000000
1 1000000
1 1000000
1 1000000
1 1000000
1 1000000
1 1000000
1 1000000
1 1000000
1 1000000
1 1000000
1 1000000
1 1000000
1 1000000
1 1000000
1 1000000
1 1000000
1 1000000
1 1000000
1 1000000
1 1000000
1 1000000
1 1000000
1 1000000
1 1000000
1 1000000
1 1000000
1 1000000
1 1000000
1 1000000
1 1000000
1 1000000
1 1000000
1 1000000
1 1000000
1 1000000
1 1000000
1 1000000
1 1000000
1 1000000
1 1000000
1 1000000
1 1000000
1 1000000
1 1000000
1 1000000
1 1000000
1 1000000
1 1000000
1 1000000
1 1000000
1 1000000
1 1000000
1 1000000
1 1000000
1 1000000
1 1000000
1 1000000
1 1000000
1 1000000
1 1000000
1 1000000
1 1000000
1 1000000
1 1000000
1 1000000
1 1000000
1 1000000
1 1000000
1 1000000
1 1000000
1 1000000
1 1000000
1 1000000
1 1000000
1 1000000
1 1000000
1 1000000
1 1000000
1 1000000
1 1000000
1 1000000
1 1000000
1 1000000
1 1000000
1 1000000
1 1000000
1 1000000
1 1000000
1 1000000
1 1000000
1 1000000
1 1000000
1 1000000
1 1000000
1 1000000
1 1000000
1 1000000
1 1000000
1 1000000
1 1000000
1 1000000
1 1000000
1 1000000
1 1000000
1 1000000
1 1000000
1 1000000
1 1000000
1 1000000
1 1000000
1 1000000
1 1000000
1 1000000
1 1000000
1 1000000
1 1000000
1 1000000
1 1000000
1 1000000
1 1000000
1 1000000
1 1000000
1 1000000
1 1000000
1 1000000
1 1000000
1 1000000
1 1000000
1 1000000
1 1000000
1 1000000
1 1000000
1 1000000
1 1000000
1 1000000
1 1000000
1 1000000
1 1000000
1 1000000
1 1000000
1 1000000
1 1000000
1 1000000
1 1000000
1 1000000
1 1000000
1 1000000
1 1000000
1 1000000
1 1000000
1 1000000
1 1000000
1 1000000
1 1000000
1 1000000
1 1000000
1 1000000
1 1000000
1 1000000
1 1000000
1 1000000
1 1000000
1 1000000
1 1000000
1 1000000
1 1000000
1 1000000
1 1000000
1 1000000
1 1000000
1 1000000
1 1000000
1 1000000
1 1000000
1 1000000
1 1000000
1 1000000
1 1000000
1 1000000
1 1000000
1 1000000
1 1000000
1 1000000
1 1000000
1 1000000
1 1000000
1 1000000
1 1000000
1 1000000
1 1000000
1 1000000
1 1000000
1 1000000
1 1000000
1 1000000
1 1000000
1 1000000
1 1000000
1 1000000
1 1000000
1 1000000
1 1000000
1 1000000
1 1000000
1 1000000
1 1000000
1 1000000
1 1000000
1 1000000
1 1000000
1 1000000
1 1000000
1 1000000
1 1000000
1 1000000
1 1000000
1 1000000
1 1000000
1 1000000
1 1000000
1 1000000
1 1000000
1 1000000
1 1000000
1 1000000
1 1000000
1 1000000
1 1000000
1 1000000
1 1000000
1 1000000
1 1000000
1 1000000
1 1000000
1 1000000
1 1000000
1 1000000
1 1000000
1 1000000
1 1000000
1 1000000
1 1000000
1 1000000
1 1000000
1 1000000
1 1000000
1 1000000
1 1000000
1 1000000
1 1000000
1 1000000
1 1000000
1 1000000
1 1000000
1 1000000
1 1000000
1 1000000
1 1000000
1 1000000
1 1000000
1 1000000
1 1000000
1 1000000
1 1000000
1 1000000
1 1000000
1 1000000
1 1000000
1 1000000
1 1000000
1 1000000
1 1000000
1 1000000
1 1000000
1 1000000
1 1000000
1 1000000
1 1000000
1 1000000
1 1000000
1 1000000
1 1000000
1 1000000
1 1000000
1 1000000
1 1000000
1 1000000
1 1000000
1 1000000
1 1000000
1 1000000
1 1000000
1 1000000
1 1000000
1 1000000
1 1000000
1 1000000
1 1000000
1 1000000
1 1000000
1 1000000
1 1000000
1 1000000
1 1000000
1 1000000
1 1000000
1 1000000
1 1000000
1 1000000
1 1000000
1 1000000
1 1000000
1 1000000
1 1000000
1 1000000
1 1000000
1 1000000
1 1000000
1 1000000
1 1000000
1 1000000
1 1000000
1 1000000
1 1000000
1 1000000
1 1000000
1 1000000
1 1000000
1 1000000
1 1000000
1 1000000
1 1000000
1 1000000
1 1000000
1 1000000
1 1000000
1 1000000
1 1000000
1 1000000
1 1000000
1 1000000
1 1000000
1 1000000
1 1000000
1 1000000
1 1000000
1 1000000
1 1000000
1 1000000
1 1000000
1 1000000
1 1000000
1 1000000
1 1000000
1 1000000
1 1000000
1 1000000
1 1000000
1 1000000
1 1000000
1 1000000
1 1000000
1 1000000
1 1000000
1 1000000
1 1000000
1 1000000
1 1000000
1 1000000
1 1000000
1 1000000
1 1000000
1 1000000
1 1000000
1 1000000
1 1000000
1 1000000
1 1000000
1 1000000
1 1000000
1 1000000
1 1000000
1 1000000
1 1000000
1 1000000
1 1000000
1 1000000
1 1000000
1 1000000
1 1000000
1 1000000
1 1000000
1 1000000
1 1000000
1 1000000
1 1000000
1 1000000
1 1000000
1 1000000
1 1000000
1 1000000
1 1000000
1 1000000
1 1000000
1 1000000
1 1000000
1 1000000
1 1000000
1 1000000
1 1000000
1 1000000
1 1000000
1 1000000
1 1000000
1 1000000
1 1000000
1 1000000
1 1000000
1 1000000
1 1000000
1 1000000
1 1000000
1 1000000
1 1000000
1 1000000
1 1000000
1 1000000
1 1000000
1 1000000
1 1000000
1 1000000
1 1000000
1 1000000
1 1000000
1 1000000
1 1000000
1 1000000
1 1000000
1 1000000
1 1000000
1 1000000
1 1000000
1 1000000
1 1000000
1 1000000
1 1000000
1 1000000
1 1000000
1 1000000
1 1000000
1 1000000
1 1000000
1 1000000
1 1000000
1 1000000
1 1000000
1 1000000
1 1000000
1 1000000
1 1000000
1 1000000
1 1000000
1 1000000
1 1000000
1 1000000
1 1000000
1 1000000
1 1000000
1 1000000
1 1000000
1 1000000
1 1000000
1 1000000
1 1000000
1 1000000
1 1000000
1 1000000
1 1000000
1 1000000
1 1000000
1 1000000
1 1000000
1 1000000
1 1000000
1 1000000
1 1000000
1 1000000
1 1000000
1 1000000
1 1000000
1 1000000
1 1000000
1 1000000
1 1000000
1 1000000
1 1000000
1 1000000
1 1000000
1 1000000
1 1000000
1 1000000
1 1000000
1 1000000
1 1000000
1 1000000
1 1000000
1 1000000
1 1000000
1 1000000
1 1000000
1 1000000
1 1000000
1 1000000
1 1000000
1 1000000
1 1000000
1 1000000
1 1000000
1 1000000
1 1000000
1 1000000
1 1000000
1 1000000
1 1000000
1 1000000
1 1000000
1 1000000
1 1000000
1 1000000
1 1000000
1 1000000
1 1000000
1 1000000
1 1000000
1 1000000
1 1000000
1 1000000
1 1000000
1 1000000
1 1000000
1 1000000
1 1000000
1 1000000
1 1000000
1 1000000
1 1000000
1 1000000
1 1000000
1 1000000
1 1000000
1 1000000
1 1000000
1 1000000
1 1000000
1 1000000
1 1000000
1 1000000
1 1000000
1 1000000
1 1000000
1 1000000
1 1000000
1 1000000
1 1000000
1 1000000
1 1000000
1 1000000
1 1000000
1 1000000
1 1000000
1 1000000
1 1000000
1 1000000
1 1000000
1 1000000
1 1000000
1 1000000
1 1000000
1 1000000
1 1000000
1 1000000
1 1000000
1 1000000
1 1000000
1 1000000
1 1000000
1 1000000
1 1000000
1 1000000
1 1000000
1 1000000
1 1000000
1 1000000
1 1000000
1 1000000
1 1000000
1 1000000
1 1000000
1 1000000
1 1000000
1 1000000
1 1000000
1 1000000
1 1000000
1 1000000
1 1000000
1 1000000
1 1000000
1 1000000
1 1000000
1 1000000
1 1000000
1 1000000
1 1000000
1 1000000
1 1000000
1 1000000
