100 1000 200 1000
72 1 10
72 12 29
72 31 76
72 78 173
58 1 72
58 74 131
58 133 222
50 1 22
50 24 121
50 123 132
50 134 155
66 1 24
66 26 37
66 39 82
3 1 60
3 62 149
3 151 174
9 1 82
98 1 26
80 1 56
80 58 81
80 83 158
80 160 185
25 1 90
25 92 103
25 105 150
12 1 16
12 18 61
12 63 118
12 120 121
83 1 64
35 1 18
35 20 39
52 1 40
52 42 141
52 143 150
52 152 243
32 1 8
32 10 51
32 53 88
32 90 129
32 131 212
32 214 279
16 1 44
16 46 57
65 1 46
65 48 127
65 129 220
65 222 229
65 231 270
100 1 12
100 14 101
100 103 138
11 1 64
11 66 69
11 71 168
79 1 30
79 32 85
79 87 180
2 1 16
4 1 30
81 1 14
81 16 87
81 89 108
31 1 64
31 66 69
47 1 76
47 78 97
43 1 70
43 72 151
82 1 74
82 76 91
42 1 70
99 1 6
99 8 19
99 21 54
99 56 99
28 1 66
28 68 107
28 109 146
28 148 149
40 1 52
40 54 145
27 1 94
27 96 151
1 1 4
1 6 35
1 37 40
68 1 34
68 36 43
68 45 68
74 1 4
74 6 89
74 91 136
91 1 98
91 100 167
7 1 8
73 1 6
73 8 99
75 1 36
75 38 49
90 1 4
90 6 39
90 41 132
90 134 209
90 211 304
10 1 20
10 22 23
15 1 28
15 30 37
15 39 120
15 122 125
36 1 20
36 22 79
41 1 90
41 92 115
46 1 32
46 34 131
46 133 180
96 1 8
96 10 57
96 59 146
37 1 16
37 18 29
37 31 64
84 1 74
84 76 89
60 1 98
60 100 143
60 145 188
60 190 227
51 1 66
51 68 155
51 157 158
71 1 40
71 42 59
71 61 84
71 86 163
53 1 54
53 56 83
88 1 2
88 4 73
88 75 152
88 154 249
94 1 36
24 1 34
24 36 51
24 53 54
56 1 88
56 90 133
97 1 40
39 1 50
63 1 66
63 68 147
86 1 88
86 90 183
86 185 216
18 1 16
18 18 55
18 57 130
22 1 58
22 60 119
67 1 82
67 84 113
33 1 60
33 62 69
62 1 70
62 72 147
55 1 16
54 1 8
54 10 51
34 1 76
34 78 139
5 1 92
89 1 36
89 38 81
6 1 78
57 1 56
57 58 137
57 139 220
23 1 22
17 1 42
20 1 84
14 1 80
14 82 145
76 1 58
69 1 28
93 1 22
38 1 36
85 1 44
64 1 70
77 1 92
30 1 92
19 1 46
26 1 10
45 1 52
21 1 82
59 1 90
49 1 66
29 1 28
1 1000
1 1000
1 1000
1 1000
1 1000
1 1000
1 1000
1 1000
1 1000
1 1000
1 1000
1 1000
1 1000
1 1000
1 1000
1 1000
1 1000
1 1000
1 1000
1 1000
1 1000
1 1000
1 1000
1 1000
1 1000
1 1000
1 1000
1 1000
1 1000
1 1000
1 1000
1 1000
1 1000
1 1000
1 1000
1 1000
1 1000
1 1000
1 1000
1 1000
1 1000
1 1000
1 1000
1 1000
1 1000
1 1000
1 1000
1 1000
1 1000
1 1000
1 1000
1 1000
1 1000
1 1000
1 1000
1 1000
1 1000
1 1000
1 1000
1 1000
1 1000
1 1000
1 1000
1 1000
1 1000
1 1000
1 1000
1 1000
1 1000
1 1000
1 1000
1 1000
1 1000
1 1000
1 1000
1 1000
1 1000
1 1000
1 1000
1 1000
1 1000
1 1000
1 1000
1 1000
1 1000
1 1000
1 1000
1 1000
1 1000
1 1000
1 1000
1 1000
1 1000
1 1000
1 1000
1 1000
1 1000
1 1000
1 1000
1 1000
1 1000
1 1000
1 1000
1 1000
1 1000
1 1000
1 1000
1 1000
1 1000
1 1000
1 1000
1 1000
1 1000
1 1000
1 1000
1 1000
1 1000
1 1000
1 1000
1 1000
1 1000
1 1000
1 1000
1 1000
1 1000
1 1000
1 1000
1 1000
1 1000
1 1000
1 1000
1 1000
1 1000
1 1000
1 1000
1 1000
1 1000
1 1000
1 1000
1 1000
1 1000
1 1000
1 1000
1 1000
1 1000
1 1000
1 1000
1 1000
1 1000
1 1000
1 1000
1 1000
1 1000
1 1000
1 1000
1 1000
1 1000
1 1000
1 1000
1 1000
1 1000
1 1000
1 1000
1 1000
1 1000
1 1000
1 1000
1 1000
1 1000
1 1000
1 1000
1 1000
1 1000
1 1000
1 1000
1 1000
1 1000
1 1000
1 1000
1 1000
1 1000
1 1000
1 1000
1 1000
1 1000
1 1000
1 1000
1 1000
1 1000
1 1000
1 1000
1 1000
1 1000
1 1000
1 1000
1 1000
1 1000
1 1000
1 1000
1 1000
1 1000
1 1000
1 1000
1 1000
1 1000
1 1000
1 1000
1 1000
1 1000
1 1000
1 1000
1 1000
1 1000
1 1000
1 1000
1 1000
1 1000
1 1000
1 1000
1 1000
1 1000
1 1000
1 1000
1 1000
1 1000
1 1000
1 1000
1 1000
1 1000
1 1000
1 1000
1 1000
1 1000
1 1000
1 1000
1 1000
1 1000
1 1000
1 1000
1 1000
1 1000
1 1000
1 1000
1 1000
1 1000
1 1000
1 1000
1 1000
1 1000
1 1000
1 1000
1 1000
1 1000
1 1000
1 1000
1 1000
1 1000
1 1000
1 1000
1 1000
1 1000
1 1000
1 1000
1 1000
1 1000
1 1000
1 1000
1 1000
1 1000
1 1000
1 1000
1 1000
1 1000
1 1000
1 1000
1 1000
1 1000
1 1000
1 1000
1 1000
1 1000
1 1000
1 1000
1 1000
1 1000
1 1000
1 1000
1 1000
1 1000
1 1000
1 1000
1 1000
1 1000
1 1000
1 1000
1 1000
1 1000
1 1000
1 1000
1 1000
1 1000
1 1000
1 1000
1 1000
1 1000
1 1000
1 1000
1 1000
1 1000
1 1000
1 1000
1 1000
1 1000
1 1000
1 1000
1 1000
1 1000
1 1000
1 1000
1 1000
1 1000
1 1000
1 1000
1 1000
1 1000
1 1000
1 1000
1 1000
1 1000
1 1000
1 1000
1 1000
1 1000
1 1000
1 1000
1 1000
1 1000
1 1000
1 1000
1 1000
1 1000
1 1000
1 1000
1 1000
1 1000
1 1000
1 1000
1 1000
1 1000
1 1000
1 1000
1 1000
1 1000
1 1000
1 1000
1 1000
1 1000
1 1000
1 1000
1 1000
1 1000
1 1000
1 1000
1 1000
1 1000
1 1000
1 1000
1 1000
1 1000
1 1000
1 1000
1 1000
1 1000
1 1000
1 1000
1 1000
1 1000
1 1000
1 1000
1 1000
1 1000
1 1000
1 1000
1 1000
1 1000
1 1000
1 1000
1 1000
1 1000
1 1000
1 1000
1 1000
1 1000
1 1000
1 1000
1 1000
1 1000
1 1000
1 1000
1 1000
1 1000
1 1000
1 1000
1 1000
1 1000
1 1000
1 1000
1 1000
1 1000
1 1000
1 1000
1 1000
1 1000
1 1000
1 1000
1 1000
1 1000
1 1000
1 1000
1 1000
1 1000
1 1000
1 1000
1 1000
1 1000
1 1000
1 1000
1 1000
1 1000
1 1000
1 1000
1 1000
1 1000
1 1000
1 1000
1 1000
1 1000
1 1000
1 1000
1 1000
1 1000
1 1000
1 1000
1 1000
1 1000
1 1000
1 1000
1 1000
1 1000
1 1000
1 1000
1 1000
1 1000
1 1000
1 1000
1 1000
1 1000
1 1000
1 1000
1 1000
1 1000
1 1000
1 1000
1 1000
1 1000
1 1000
1 1000
1 1000
1 1000
1 1000
1 1000
1 1000
1 1000
1 1000
1 1000
1 1000
1 1000
1 1000
1 1000
1 1000
1 1000
1 1000
1 1000
1 1000
1 1000
1 1000
1 1000
1 1000
1 1000
1 1000
1 1000
1 1000
1 1000
1 1000
1 1000
1 1000
1 1000
1 1000
1 1000
1 1000
1 1000
1 1000
1 1000
1 1000
1 1000
1 1000
1 1000
1 1000
1 1000
1 1000
1 1000
1 1000
1 1000
1 1000
1 1000
1 1000
1 1000
1 1000
1 1000
1 1000
1 1000
1 1000
1 1000
1 1000
1 1000
1 1000
1 1000
1 1000
1 1000
1 1000
1 1000
1 1000
1 1000
1 1000
1 1000
1 1000
1 1000
1 1000
1 1000
1 1000
1 1000
1 1000
1 1000
1 1000
1 1000
1 1000
1 1000
1 1000
1 1000
1 1000
1 1000
1 1000
1 1000
1 1000
1 1000
1 1000
1 1000
1 1000
1 1000
1 1000
1 1000
1 1000
1 1000
1 1000
1 1000
1 1000
1 1000
1 1000
1 1000
1 1000
1 1000
1 1000
1 1000
1 1000
1 1000
1 1000
1 1000
1 1000
1 1000
1 1000
1 1000
1 1000
1 1000
1 1000
1 1000
1 1000
1 1000
1 1000
1 1000
1 1000
1 1000
1 1000
1 1000
1 1000
1 1000
1 1000
1 1000
1 1000
1 1000
1 1000
1 1000
1 1000
1 1000
1 1000
1 1000
1 1000
1 1000
1 1000
1 1000
1 1000
1 1000
1 1000
1 1000
1 1000
1 1000
1 1000
1 1000
1 1000
1 1000
1 1000
1 1000
1 1000
1 1000
1 1000
1 1000
1 1000
1 1000
1 1000
1 1000
1 1000
1 1000
1 1000
1 1000
1 1000
1 1000
1 1000
1 1000
1 1000
1 1000
1 1000
1 1000
1 1000
1 1000
1 1000
1 1000
1 1000
1 1000
1 1000
1 1000
1 1000
1 1000
1 1000
1 1000
1 1000
1 1000
1 1000
1 1000
1 1000
1 1000
1 1000
1 1000
1 1000
1 1000
1 1000
1 1000
1 1000
1 1000
1 1000
1 1000
1 1000
1 1000
1 1000
1 1000
1 1000
1 1000
1 1000
1 1000
1 1000
1 1000
1 1000
1 1000
1 1000
1 1000
1 1000
1 1000
1 1000
1 1000
1 1000
1 1000
1 1000
1 1000
1 1000
1 1000
1 1000
1 1000
1 1000
1 1000
1 1000
1 1000
1 1000
1 1000
1 1000
1 1000
1 1000
1 1000
1 1000
1 1000
1 1000
1 1000
1 1000
1 1000
1 1000
1 1000
1 1000
1 1000
1 1000
1 1000
1 1000
1 1000
1 1000
1 1000
1 1000
1 1000
1 1000
1 1000
1 1000
1 1000
1 1000
1 1000
1 1000
1 1000
1 1000
1 1000
1 1000
1 1000
1 1000
1 1000
1 1000
1 1000
1 1000
1 1000
1 1000
1 1000
1 1000
1 1000
1 1000
1 1000
1 1000
1 1000
1 1000
1 1000
1 1000
1 1000
1 1000
1 1000
1 1000
1 1000
1 1000
1 1000
1 1000
1 1000
1 1000
1 1000
1 1000
1 1000
1 1000
1 1000
1 1000
1 1000
1 1000
1 1000
1 1000
1 1000
1 1000
1 1000
1 1000
1 1000
1 1000
1 1000
1 1000
1 1000
1 1000
1 1000
1 1000
1 1000
1 1000
1 1000
1 1000
1 1000
1 1000
1 1000
1 1000
1 1000
1 1000
1 1000
1 1000
1 1000
1 1000
1 1000
1 1000
1 1000
1 1000
1 1000
1 1000
1 1000
1 1000
1 1000
1 1000
1 1000
1 1000
1 1000
1 1000
1 1000
1 1000
1 1000
1 1000
1 1000
1 1000
1 1000
1 1000
1 1000
1 1000
1 1000
1 1000
1 1000
1 1000
1 1000
1 1000
1 1000
1 1000
1 1000
1 1000
1 1000
1 1000
1 1000
1 1000
1 1000
1 1000
1 1000
1 1000
1 1000
1 1000
1 1000
1 1000
1 1000
1 1000
1 1000
1 1000
1 1000
1 1000
1 1000
1 1000
1 1000
1 1000
1 1000
1 1000
1 1000
1 1000
1 1000
1 1000
1 1000
1 1000
1 1000
1 1000
1 1000
1 1000
1 1000
1 1000
1 1000
1 1000
1 1000
1 1000
1 1000
1 1000
1 1000
1 1000
1 1000
1 1000
1 1000
1 1000
1 1000
1 1000
1 1000
1 1000
1 1000
1 1000
1 1000
1 1000
1 1000
1 1000
1 1000
1 1000
1 1000
1 1000
1 1000
1 1000
1 1000
1 1000
1 1000
1 1000
1 1000
1 1000
1 1000
1 1000
1 1000
1 1000
1 1000
1 1000
1 1000
1 1000
1 1000
1 1000
1 1000
1 1000
1 1000
1 1000
1 1000
1 1000
1 1000
1 1000
1 1000
1 1000
1 1000
1 1000
1 1000
1 1000
1 1000
1 1000
1 1000
1 1000
1 1000
1 1000
1 1000
1 1000
1 1000
1 1000
1 1000
1 1000
1 1000
1 1000
1 1000
1 1000
1 1000
1 1000
1 1000
1 1000
1 1000
1 1000
1 1000
1 1000
1 1000
1 1000
1 1000
1 1000
1 1000
1 1000
1 1000
1 1000
1 1000
1 1000
1 1000
1 1000
1 1000
1 1000
1 1000
1 1000
1 1000
1 1000
1 1000
1 1000
1 1000
1 1000
1 1000
1 1000
1 1000
1 1000
1 1000
1 1000
1 1000
1 1000
1 1000
1 1000
1 1000
1 1000
1 1000
1 1000
1 1000
1 1000
1 1000
1 1000
1 1000
1 1000
1 1000
1 1000
1 1000
1 1000
1 1000
1 1000
1 1000
1 1000
