5 1000 333 1000
1 1 2
1 4 5
1 7 8
1 10 11
1 13 14
1 16 17
1 19 20
1 22 23
1 25 26
1 28 29
1 31 32
1 34 35
1 37 38
1 40 41
1 43 44
1 46 47
1 49 50
1 52 53
1 55 56
1 58 59
1 61 62
1 64 65
1 67 68
1 70 71
1 73 74
1 76 77
1 79 80
1 82 83
1 85 86
1 88 89
1 91 92
1 94 95
1 97 98
1 100 101
1 103 104
1 106 107
1 109 110
1 112 113
1 115 116
1 118 119
1 121 122
1 124 125
1 127 128
1 130 131
1 133 134
1 136 137
1 139 140
1 142 143
1 145 146
1 148 149
1 151 152
1 154 155
1 157 158
1 160 161
1 163 164
1 166 167
1 169 170
1 172 173
1 175 176
1 178 179
1 181 182
1 184 185
1 187 188
1 190 191
1 193 194
1 196 197
1 199 200
1 202 203
1 205 206
1 208 209
1 211 212
1 214 215
1 217 218
1 220 221
1 223 224
1 226 227
1 229 230
1 232 233
1 235 236
1 238 239
1 241 242
1 244 245
1 247 248
1 250 251
1 253 254
1 256 257
1 259 260
1 262 263
1 265 266
1 268 269
1 271 272
1 274 275
1 277 278
1 280 281
1 283 284
1 286 287
1 289 290
1 292 293
1 295 296
1 298 299
1 301 302
1 304 305
1 307 308
1 310 311
1 313 314
1 316 317
1 319 320
1 322 323
1 325 326
1 328 329
1 331 332
1 334 335
1 337 338
1 340 341
1 343 344
1 346 347
1 349 350
1 352 353
1 355 356
1 358 359
1 361 362
1 364 365
1 367 368
1 370 371
1 373 374
1 376 377
1 379 380
1 382 383
1 385 386
1 388 389
1 391 392
1 394 395
1 397 398
1 400 401
1 403 404
1 406 407
1 409 410
1 412 413
1 415 416
1 418 419
1 421 422
1 424 425
1 427 428
1 430 431
1 433 434
1 436 437
1 439 440
1 442 443
1 445 446
1 448 449
1 451 452
1 454 455
1 457 458
1 460 461
1 463 464
1 466 467
1 469 470
1 472 473
1 475 476
1 478 479
1 481 482
1 484 485
1 487 488
1 490 491
1 493 494
1 496 497
1 499 500
1 502 503
1 505 506
1 508 509
1 511 512
1 514 515
1 517 518
1 520 521
1 523 524
1 526 527
1 529 530
1 532 533
1 535 536
1 538 539
1 541 542
1 544 545
1 547 548
1 550 551
1 553 554
1 556 557
1 559 560
1 562 563
1 565 566
1 568 569
1 571 572
1 574 575
1 577 578
1 580 581
1 583 584
1 586 587
1 589 590
1 592 593
1 595 596
1 598 599
1 601 602
1 604 605
1 607 608
1 610 611
1 613 614
1 616 617
1 619 620
1 622 623
1 625 626
1 628 629
1 631 632
1 634 635
1 637 638
1 640 641
1 643 644
1 646 647
1 649 650
1 652 653
1 655 656
1 658 659
1 661 662
1 664 665
1 667 668
1 670 671
1 673 674
1 676 677
1 679 680
1 682 683
1 685 686
1 688 689
1 691 692
1 694 695
1 697 698
1 700 701
1 703 704
1 706 707
1 709 710
1 712 713
1 715 716
1 718 719
1 721 722
1 724 725
1 727 728
1 730 731
1 733 734
1 736 737
1 739 740
1 742 743
1 745 746
1 748 749
1 751 752
1 754 755
1 757 758
1 760 761
1 763 764
1 766 767
1 769 770
1 772 773
1 775 776
1 778 779
1 781 782
1 784 785
1 787 788
1 790 791
1 793 794
1 796 797
1 799 800
1 802 803
1 805 806
1 808 809
1 811 812
1 814 815
1 817 818
1 820 821
1 823 824
1 826 827
1 829 830
1 832 833
1 835 836
1 838 839
1 841 842
1 844 845
1 847 848
1 850 851
1 853 854
1 856 857
1 859 860
1 862 863
1 865 866
1 868 869
1 871 872
1 874 875
1 877 878
1 880 881
1 883 884
1 886 887
1 889 890
1 892 893
1 895 896
1 898 899
1 901 902
1 904 905
1 907 908
1 910 911
1 913 914
1 916 917
1 919 920
1 922 923
1 925 926
1 928 929
1 931 932
1 934 935
1 937 938
1 940 941
1 943 944
1 946 947
1 949 950
1 952 953
1 955 956
1 958 959
1 961 962
1 964 965
1 967 968
1 970 971
1 973 974
1 976 977
1 979 980
1 982 983
1 985 986
1 988 989
1 991 992
1 994 995
1 997 998
522 690
198 334
166 668
55 157
212 279
721 870
358 861
603 833
711 787
617 798
783 791
898 929
331 364
349 793
71 525
929 979
71 298
612 834
134 761
87 400
91 415
345 807
655 898
310 571
261 388
758 758
39 330
498 942
613 880
704 756
339 787
729 937
627 956
337 944
921 955
100 668
182 976
699 807
155 327
975 993
14 313
640 686
543 938
261 344
781 934
28 163
842 867
395 995
216 569
273 500
591 966
235 487
324 805
910 915
191 301
128 971
855 899
140 465
52 303
906 973
767 881
581 876
902 926
36 556
457 655
130 746
925 985
454 632
453 773
648 914
556 808
529 695
351 993
122 481
313 756
561 844
629 862
642 658
364 618
336 568
453 671
262 447
560 796
496 860
32 443
270 797
923 996
383 397
355 635
516 863
252 304
666 722
994 994
934 959
237 746
146 254
237 375
981 981
775 847
165 686
476 628
191 980
596 799
36 537
183 945
981 1000
509 878
239 468
740 898
993 997
424 806
200 908
445 741
112 559
676 832
868 909
234 467
928 964
396 536
958 968
303 936
213 993
926 957
493 740
186 430
184 952
906 940
860 891
699 786
818 854
21 371
808 903
1000 1000
709 879
958 979
465 654
642 831
843 911
761 895
313 556
937 987
76 148
627 791
642 935
496 642
419 917
253 882
730 740
816 878
904 923
994 999
614 716
771 853
199 744
56 373
751 826
765 889
448 471
814 950
28 672
925 975
458 628
951 965
526 739
236 345
364 430
864 868
910 969
184 274
826 963
189 869
28 760
383 727
376 401
571 688
423 878
835 998
566 658
17 65
475 721
8 874
397 491
250 375
266 382
270 957
872 910
58 205
244 770
392 528
839 994
970 990
784 884
179 811
813 820
746 865
359 920
601 744
71 199
993 993
677 714
750 988
593 734
880 984
788 942
320 358
928 998
513 646
697 738
154 198
77 426
302 378
710 726
969 992
1000 1000
286 360
989 993
701 907
298 407
742 980
74 503
868 880
76 179
873 978
878 906
903 979
172 365
176 822
814 1000
42 683
773 792
329 566
441 683
837 902
669 959
31 294
112 369
119 627
640 756
614 701
613 900
544 640
489 581
542 697
352 563
446 479
22 903
102 809
993 994
668 942
32 476
292 859
186 214
437 703
482 995
679 888
930 954
657 786
641 678
470 520
581 869
577 922
183 536
393 850
967 988
647 746
828 909
567 833
923 954
402 960
459 732
69 928
564 756
254 943
808 848
976 977
285 288
38 186
287 642
245 667
253 667
648 693
853 950
92 282
333 626
208 565
772 899
340 491
762 964
855 993
733 931
378 618
939 988
501 530
888 893
318 395
887 970
868 951
305 392
130 773
54 88
483 712
967 978
353 764
126 701
150 892
457 474
206 631
740 778
810 925
867 970
501 994
124 688
799 841
226 822
450 615
333 402
443 601
119 377
481 949
747 987
911 917
248 867
83 616
201 459
678 808
520 723
982 990
16 774
810 824
705 807
817 877
854 883
194 360
194 594
461 751
906 998
918 964
408 448
384 711
779 786
287 867
973 987
854 869
322 840
474 948
656 986
964 992
386 489
994 1000
869 930
44 717
500 632
415 682
304 806
914 920
297 565
727 974
17 183
407 613
768 957
28 982
89 905
503 827
778 790
687 750
226 784
371 573
767 944
508 697
11 788
411 449
308 452
850 898
149 471
994 999
204 959
368 691
496 677
734 868
794 955
591 919
427 592
799 902
343 979
469 567
342 382
203 408
342 753
480 739
474 883
549 998
960 977
864 995
89 445
584 772
7 966
921 926
818 898
883 962
160 510
672 1000
659 958
478 990
647 801
735 907
632 893
425 528
593 798
597 957
645 884
984 995
129 496
595 605
608 646
511 670
918 999
960 960
40 62
671 899
49 757
715 815
614 940
624 981
527 590
599 819
692 913
636 996
641 931
596 776
897 1000
255 761
494 746
989 992
751 793
481 999
545 860
973 1000
434 697
286 370
226 739
342 864
596 679
437 555
680 757
73 85
79 356
305 766
772 804
934 982
375 713
375 803
333 422
215 775
283 706
560 560
692 963
416 857
476 863
535 724
505 736
899 987
297 707
932 973
663 774
223 474
703 938
240 420
323 837
416 668
263 475
989 990
782 998
841 919
666 943
243 432
596 854
181 988
977 998
157 248
763 936
462 742
24 642
65 510
260 722
428 592
763 899
250 549
770 920
826 884
2 869
431 844
91 995
253 550
474 796
716 950
619 747
271 649
519 962
785 821
316 701
646 711
965 970
497 931
773 903
26 981
855 884
15 169
629 678
963 976
366 824
412 447
497 550
749 812
765 814
540 921
42 404
294 660
981 988
326 568
452 555
584 646
225 842
813 922
203 557
560 733
497 523
573 743
20 62
715 960
954 987
867 941
564 594
566 861
914 970
369 954
55 702
453 721
693 706
554 895
36 731
51 141
900 990
901 963
295 539
191 551
211 772
160 686
822 985
687 871
589 797
201 815
217 398
143 507
672 743
104 180
451 480
836 886
862 941
520 618
903 912
865 968
257 885
143 985
355 842
714 761
13 265
666 813
356 544
344 903
180 476
441 787
852 961
857 868
646 925
101 761
266 742
214 886
223 333
409 490
355 807
769 879
618 917
589 911
668 841
487 954
376 542
491 682
457 820
678 741
586 786
231 332
967 978
811 931
417 563
735 749
60 953
482 887
376 975
828 850
725 822
541 788
25 912
691 990
654 757
590 640
848 950
112 780
275 366
935 953
583 619
425 579
69 340
842 870
449 665
339 923
598 624
183 935
44 786
169 392
165 394
208 928
13 674
28 964
131 792
173 349
21 446
909 963
221 837
622 870
959 977
50 997
105 722
862 874
199 690
865 946
818 863
1000 1000
424 567
829 966
579 751
940 983
42 247
213 332
298 312
661 782
166 352
435 821
351 474
24 878
589 735
676 917
982 990
94 791
63 674
137 913
445 898
140 931
492 889
456 997
529 643
553 761
109 592
746 880
21 103
457 822
255 997
864 943
963 986
650 732
752 800
404 515
670 865
728 954
276 861
105 255
967 995
520 632
600 722
47 212
672 741
241 600
67 429
672 696
469 843
775 864
453 689
602 704
915 965
248 731
263 742
188 226
767 923
911 941
519 695
929 962
688 773
924 985
882 912
343 453
681 956
549 700
475 526
783 914
59 520
22 648
311 424
319 771
949 966
659 801
873 875
499 744
465 817
770 897
486 673
835 837
699 836
310 788
57 759
148 399
476 894
524 578
830 956
820 970
631 712
213 638
194 792
402 536
224 445
637 912
75 971
999 1000
478 757
600 879
456 532
940 962
548 793
819 988
819 886
693 817
110 694
615 742
422 558
916 983
254 359
312 690
370 683
355 773
342 764
718 873
70 617
728 838
318 684
279 577
298 333
961 998
113 949
703 805
402 960
729 936
602 652
513 985
170 937
967 969
142 986
166 580
774 876
118 698
557 914
986 996
994 995
573 917
124 501
454 803
904 932
274 453
80 863
113 676
987 988
427 914
736 773
614 768
490 860
573 774
328 438
611 828
10 353
820 918
160 225
983 995
779 838
301 692
125 675
251 385
211 243
490 502
642 873
798 989
470 635
509 896
800 971
26 555
390 740
811 981
64 97
328 615
866 991
653 984
365 587
348 620
763 905
130 836
970 997
84 655
346 725
54 54
128 747
176 956
634 897
686 686
51 398
800 958
382 728
374 823
556 752
61 564
550 569
148 853
2 217
767 859
976 988
181 353
750 909
788 850
642 831
197 927
105 171
317 620
195 360
271 636
940 963
102 144
173 592
827 939
625 775
980 997
941 981
527 682
768 984
311 435
57 333
333 771
258 348
621 825
119 465
698 856
843 857
152 237
728 955
417 791
168 717
508 561
50 317
766 782
491 675
440 531
638 891
746 992
558 777
703 832
79 592
716 833
6 532
749 870
939 955
785 791
679 952
304 638
90 252
87 205
185 742
502 860
770 786
182 209
789 804
530 893
297 970
81 619
934 960
449 975
798 836
302 353
942 997
381 989
507 901
509 954
482 721
86 242
909 960
242 635
287 593
634 721
797 802
417 700
767 920
971 984
149 277
571 916
618 848
984 997
113 408
834 913
898 956
712 785
834 840
426 717
851 965
924 967
2 279
735 748
933 993
89 976
140 583
146 546
361 993
947 965
499 966
990 991
951 993
106 150
699 805
443 606
425 567
554 866
838 973
212 779
680 787
397 943
882 996
915 927
496 898
266 815
616 832
8 108
281 398
917 982
618 624
51 518
595 669
686 931
312 558
954 983
844 910
272 843
848 946
160 469
804 882
110 122
93 236
122 579
24 501
895 945
920 986
187 989
42 778
743 844
426 524
771 867
181 201
286 896
334 378
107 256
513 847
867 881
123 632
306 760
316 688
892 925
83 147
813 880
5 46
602 759
420 879
189 781
690 984
477 550
552 598
493 579
991 1000
37 67
658 733
407 609
836 840
138 967
909 978
936 983
134 602
532 620
559 905
677 680
794 892
