100 1000 296 1000
1 1 188
1 190 371
1 373 494
1 496 533
2 1 152
3 1 198
3 200 357
3 359 502
3 504 611
3 613 702
4 1 198
4 200 351
4 353 454
5 1 64
5 66 263
5 265 272
5 274 343
6 1 36
6 38 179
6 181 230
6 232 265
6 267 274
7 1 198
8 1 104
8 106 115
8 117 228
9 1 98
9 100 261
9 263 458
9 460 567
9 569 574
10 1 108
11 1 78
11 80 155
11 157 206
11 208 249
11 251 278
12 1 46
12 48 207
12 209 272
12 274 419
12 421 456
13 1 148
13 150 165
13 167 202
13 204 275
14 1 56
14 58 171
14 173 260
14 262 455
15 1 42
15 44 121
15 123 140
15 142 243
16 1 200
17 1 144
17 146 311
17 313 432
17 434 557
18 1 4
18 6 39
18 41 120
19 1 100
19 102 289
19 291 362
19 364 411
20 1 56
21 1 66
22 1 26
22 28 191
22 193 280
23 1 174
23 176 349
23 351 538
23 540 737
24 1 66
25 1 44
25 46 149
25 151 312
26 1 110
26 112 289
26 291 448
26 450 571
26 573 672
27 1 38
27 40 63
27 65 84
27 86 93
28 1 90
28 92 287
29 1 158
30 1 122
30 124 221
30 223 362
30 364 541
31 1 166
32 1 156
32 158 169
32 171 336
33 1 80
33 82 105
34 1 80
34 82 99
34 101 212
34 214 295
34 297 474
35 1 32
35 34 125
35 127 248
35 250 349
36 1 88
36 90 171
36 173 204
36 206 329
37 1 104
38 1 116
38 118 135
38 137 272
39 1 136
39 138 253
39 255 448
39 450 605
40 1 160
40 162 261
40 263 460
40 462 503
41 1 196
41 198 225
42 1 200
42 202 337
43 1 198
43 200 207
44 1 162
44 164 299
44 301 326
44 328 517
44 519 524
45 1 22
45 24 113
45 115 214
45 216 363
45 365 394
46 1 54
46 56 79
46 81 194
47 1 120
47 122 283
48 1 134
49 1 116
50 1 90
51 1 10
52 1 182
52 184 247
52 249 440
52 442 575
53 1 130
54 1 142
55 1 184
55 186 383
55 385 506
56 1 80
56 82 153
56 155 228
56 230 415
57 1 70
57 72 149
57 151 252
57 254 319
58 1 122
58 124 281
59 1 166
59 168 343
59 345 442
60 1 114
61 1 80
61 82 117
62 1 116
62 118 145
63 1 106
63 108 161
63 163 294
63 296 397
63 399 582
64 1 194
65 1 70
65 72 115
65 117 118
65 120 151
66 1 54
66 56 157
66 159 252
67 1 90
67 92 247
67 249 252
67 254 293
68 1 64
68 66 201
69 1 150
69 152 329
69 331 364
70 1 122
70 124 293
70 295 430
71 1 100
71 102 113
71 115 248
72 1 32
72 34 105
72 107 222
72 224 389
73 1 90
74 1 44
74 46 229
75 1 94
75 96 251
75 253 410
75 412 493
75 495 670
76 1 82
76 84 139
76 141 168
77 1 128
77 130 183
78 1 98
78 100 213
79 1 10
79 12 147
79 149 342
80 1 14
80 16 183
80 185 188
81 1 156
81 158 299
81 301 466
82 1 116
82 118 283
82 285 472
82 474 643
83 1 186
83 188 299
83 301 410
83 412 473
83 475 492
84 1 172
84 174 181
85 1 174
85 176 241
85 243 358
85 360 455
85 457 612
86 1 76
86 78 259
86 261 286
86 288 467
87 1 98
87 100 285
87 287 314
87 316 441
88 1 20
88 22 147
88 149 262
88 264 279
89 1 144
89 146 249
90 1 192
91 1 116
91 118 217
91 219 386
92 1 72
92 74 249
93 1 130
93 132 147
93 149 224
93 226 291
94 1 94
94 96 137
94 139 170
94 172 179
95 1 144
95 146 237
95 239 326
95 328 463
96 1 58
96 60 245
97 1 28
97 30 115
97 117 126
97 128 305
98 1 174
98 176 309
99 1 46
99 48 101
99 103 236
100 1 166
100 168 233
100 235 330
58 779
618 865
281 757
69 336
987 1000
396 538
520 780
243 604
630 850
260 999
999 1000
503 990
889 936
724 907
285 778
554 838
944 993
622 783
580 814
428 950
631 683
962 983
332 715
805 861
117 353
599 986
172 183
738 788
35 738
805 820
951 969
623 804
100 477
832 973
7 300
982 986
231 992
590 643
324 585
628 696
183 772
575 800
821 937
59 357
552 683
847 873
146 157
467 756
668 697
590 972
490 790
494 918
891 928
882 941
827 834
542 592
976 994
934 962
8 405
862 970
320 420
230 823
910 983
131 950
150 219
911 989
748 891
764 810
495 646
469 896
710 883
768 774
415 906
68 488
215 652
178 254
646 761
607 650
812 839
523 664
517 912
619 798
631 949
195 276
580 668
887 966
795 826
410 965
939 988
994 998
770 953
636 946
874 935
313 592
652 922
138 403
721 809
173 631
386 410
116 753
637 670
64 92
421 528
707 836
669 911
814 872
23 331
155 881
948 962
655 975
556 918
818 921
310 621
163 666
907 967
552 962
326 600
494 869
573 736
528 645
14 278
91 890
960 972
859 908
805 833
74 826
984 994
621 999
244 567
864 911
941 952
786 855
448 747
878 1000
455 707
669 840
92 330
222 984
190 337
634 900
265 432
256 629
324 501
182 926
991 992
836 846
299 902
332 520
756 796
461 590
666 906
801 862
316 720
93 397
685 768
577 739
493 692
225 405
729 855
145 444
342 582
647 895
616 820
328 549
724 933
710 980
601 883
25 410
541 756
665 865
785 850
882 915
272 917
297 829
363 923
825 855
909 1000
394 895
732 871
235 427
896 982
469 479
720 926
22 727
65 900
334 336
960 994
287 501
734 970
22 290
430 658
338 806
227 749
821 930
682 730
203 349
774 850
756 806
281 812
881 945
764 983
661 682
217 606
211 889
223 354
238 903
265 429
203 946
388 722
778 860
635 967
351 978
92 176
318 434
286 391
788 940
259 681
708 919
740 968
47 476
486 503
782 877
291 879
54 398
282 400
752 922
484 782
23 523
869 944
929 975
703 771
151 715
130 213
598 672
385 693
497 918
839 862
325 517
400 854
302 980
192 903
62 124
191 222
611 876
390 957
534 984
698 863
630 954
873 999
901 918
291 906
674 981
562 931
11 152
93 143
66 903
824 948
100 338
738 840
205 303
836 903
727 823
684 970
843 913
249 379
420 703
71 977
407 712
111 342
255 403
591 640
329 739
453 471
701 718
32 76
766 996
352 591
104 431
416 793
60 242
507 525
114 679
341 851
891 921
133 383
722 974
433 576
560 957
64 534
493 731
826 851
329 773
626 796
954 993
915 979
895 898
954 986
737 788
534 793
935 969
61 80
47 610
316 323
887 942
911 975
201 328
616 721
80 99
366 982
304 335
442 667
775 881
973 987
935 985
28 523
905 935
691 974
686 902
930 974
278 349
596 998
901 919
587 606
360 426
995 995
33 83
433 683
28 710
515 978
385 556
342 541
220 916
588 790
150 858
753 838
150 193
701 798
128 887
653 936
836 967
979 982
993 999
334 912
832 859
159 370
648 867
219 670
739 874
660 830
994 1000
576 904
75 812
378 570
503 868
459 691
990 990
523 839
232 982
674 998
630 641
899 931
708 732
163 951
864 977
831 943
987 998
104 951
767 826
872 971
934 996
873 921
249 711
231 361
867 873
483 577
200 344
173 479
495 782
282 683
172 975
122 123
435 716
555 869
122 533
756 912
485 553
215 503
452 841
873 995
376 579
556 773
137 798
605 843
867 973
496 517
469 620
800 848
66 684
861 948
337 588
758 791
700 913
870 882
167 994
305 811
96 351
135 459
609 1000
667 755
873 967
324 618
88 508
501 877
654 695
248 252
299 515
640 839
949 979
418 736
615 641
328 477
933 943
604 985
898 960
42 560
612 891
900 930
964 983
190 576
701 919
659 808
801 999
520 824
330 335
58 341
706 734
831 892
827 879
243 440
650 732
367 863
789 870
161 202
37 413
627 982
255 293
701 872
735 857
883 982
926 954
528 906
612 642
228 334
280 770
477 825
234 752
256 584
692 999
21 340
625 641
614 834
646 917
352 476
409 535
314 522
72 844
722 933
849 913
165 233
786 852
235 700
499 673
808 817
218 221
707 804
561 734
494 830
750 832
602 646
177 890
190 876
653 893
775 967
832 878
166 686
28 979
221 866
907 918
462 1000
366 593
499 865
586 717
272 696
894 969
308 766
238 635
533 548
724 745
915 970
575 832
964 978
565 635
883 947
764 936
903 931
883 906
18 484
279 454
102 602
146 581
290 624
338 959
153 956
119 794
726 754
412 456
58 790
506 541
801 854
224 349
459 614
959 967
367 601
170 623
111 300
964 992
114 759
870 880
626 769
463 934
587 820
911 945
63 775
916 943
612 754
196 908
828 959
694 869
121 654
864 899
418 690
313 853
472 928
456 796
686 857
818 849
847 912
744 982
973 989
935 977
23 39
562 712
813 965
254 591
651 986
150 667
385 807
609 951
938 984
160 383
463 490
66 156
867 925
674 779
254 622
263 641
162 835
868 949
390 471
830 909
127 816
49 281
963 991
5 556
772 783
190 594
372 595
288 435
964 964
870 922
109 621
564 917
639 807
706 877
142 706
470 627
833 961
798 809
686 889
583 825
331 538
421 604
289 762
717 948
978 993
654 898
176 970
98 751
400 590
262 840
909 965
187 292
384 464
148 749
939 939
658 921
472 583
784 788
947 959
309 837
304 372
842 903
210 679
966 975
970 977
902 929
505 770
815 825
234 261
953 984
855 886
557 620
66 205
120 677
992 997
708 729
11 802
838 969
284 654
895 991
961 979
522 864
250 500
790 838
657 925
293 893
876 928
544 817
185 212
650 881
171 734
182 245
384 603
420 516
57 206
910 923
852 972
29 495
476 582
867 919
299 844
446 759
760 954
757 918
846 909
782 878
159 926
619 908
742 914
577 880
465 842
560 702
757 895
349 867
113 191
287 502
277 934
711 805
137 564
535 831
252 521
751 939
805 886
802 909
898 924
639 991
761 784
282 953
379 475
179 470
444 649
488 777
981 997
542 711
581 667
744 899
961 963
656 902
146 317
874 988
746 988
368 618
758 896
452 497
739 943
232 520
741 947
585 932
982 982
73 723
301 361
541 746
201 471
343 909
49 375
558 948
283 747
913 920
542 974
743 981
587 645
220 449
156 409
622 758
483 786
588 926
381 963
175 473
535 781
962 976
805 925
522 565
648 950
809 961
49 997
51 937
170 878
633 657
390 982
840 922
945 954
61 381
51 959
13 301
925 962
472 595
13 249
546 784
640 836
693 924
574 858
536 882
843 950
588 657
854 881
740 850
889 898
151 779
969 993
51 861
310 919
869 895
745 748
284 729
513 928
659 975
14 353
98 216
820 945
663 696
916 977
472 677
864 990
526 643
738 943
821 948
554 662
172 503
343 483
259 911
549 783
89 963
708 1000
22 111
521 606
398 787
933 977
136 697
868 925
161 244
931 962
512 863
447 729
482 996
804 969
485 950
833 880
963 980
59 202
139 148
529 917
648 973
399 797
623 683
651 729
962 974
867 934
994 995
753 978
209 926
498 988
545 642
832 855
435 646
524 927
707 791
47 141
772 853
411 881
374 446
663 791
138 611
610 780
596 621
283 635
384 810
981 989
902 954
500 744
518 843
29 39
782 798
699 805
771 983
164 772
912 956
994 994
957 972
57 581
528 836
617 833
184 924
462 987
908 931
483 502
137 955
230 311
95 666
561 581
85 194
154 240
217 272
786 990
958 991
173 751
506 793
441 797
84 263
411 985
414 476
253 890
206 841
131 405
446 638
238 560
564 892
689 744
104 887
998 999
923 948
164 648
594 775
931 934
392 741
435 755
767 851
298 407
221 863
298 604
872 996
348 465
842 908
370 919
131 246
609 987
422 429
916 993
101 526
658 995
614 680
972 989
599 967
584 791
319 941
40 739
667 963
308 974
551 590
413 600
153 663
922 983
507 953
505 851
144 402
635 690
720 876
710 896
563 588
16 50
691 869
412 683
951 998
458 674
934 953
732 958
854 933
229 835
589 888
388 628
246 977
789 930
654 823
870 889
180 414
699 795
359 460
999 999
130 517
767 777
428 604
594 911
36 53
882 912
699 739
310 875
914 996
611 870
435 854
958 962
717 719
125 409
999 1000
148 941
627 837
728 910
770 857
364 468
753 824
988 988
466 598
658 694
133 605
85 719
418 652
923 975
469 735
823 851
27 584
948 986
715 845
505 841
702 764
669 852
437 930
852 965
965 992
210 927
933 968
776 828
349 948
958 997
938 1000
274 971
240 758
469 633
881 904
11 438
176 466
536 776
71 482
610 838
77 814
328 604
29 123
278 439
756 985
251 827
119 413
598 945
466 728
79 939
901 921
933 951
335 510
160 326
231 786
413 958
359 952
914 933
699 738
917 970
748 994
654 833
411 584
236 785
364 811
199 370
419 912
733 941
470 628
