95 116930 1 1000
26 43518 45479
39888 103054
59419 88369
42040 69397
51259 70827
31774 115480
5397 53499
45221 52345
75778 107781
56493 91238
43377 111346
27621 111458
53282 104316
102104 116394
20169 98560
57726 79242
69092 112651
116141 116307
87068 113562
27660 82562
29205 35532
55562 71029
111983 113071
49860 53394
73447 115069
8853 112776
21651 86121
36721 98163
18361 113101
21479 109893
113592 113748
95538 116762
11009 87539
34558 80523
111243 112475
65639 72924
3572 78120
68893 93290
24812 63059
4103 66115
32617 100089
18552 35327
99997 100262
49544 55472
114430 115929
34409 61396
16824 47405
59190 59412
29925 79211
92185 99645
46077 93592
5625 13949
49292 82443
72465 98438
100071 113518
7698 28600
15628 84384
73691 115778
30581 103328
101845 104759
2609 46464
64428 92496
53227 67442
43260 98692
101970 104898
63344 109943
7990 116308
88399 96809
108275 112769
90119 112332
53235 95274
95000 110317
108492 112383
37696 59641
57311 93603
73527 114024
12099 40001
105365 109998
92879 99454
113475 116858
107161 111501
79260 81461
57609 69966
106299 106548
56312 59226
105827 109669
83955 90401
110461 115128
52106 103346
56196 97740
85422 109059
8551 14769
72928 82979
80430 92455
97782 107934
65426 71857
114416 115537
114073 115034
50849 85478
91999 99948
32916 103592
505 59869
23244 59297
52008 88746
66776 74219
95927 103224
6936 56172
46206 79482
112000 112496
37571 57604
2681 64493
45480 57238
102506 105494
58461 101805
23310 28600
32744 86866
3319 108522
63839 109459
83665 100892
108969 112833
111820 114403
79653 80684
19131 23475
13931 107475
7076 94526
41655 72743
76489 109108
7362 62964
17886 109475
18299 39267
55423 56317
58559 92913
59922 80080
25291 113576
76892 79681
65018 81124
18214 61262
8734 27961
39385 80175
40143 49488
104593 116483
102168 108552
88429 106796
9840 112326
25925 73318
106715 111988
12164 88431
114049 115950
69367 75912
5748 58077
37799 86681
24083 33761
67389 116385
100861 105075
11495 95431
107908 114139
110601 111246
44524 69894
78339 96091
13866 65423
84101 94794
93941 107393
85628 94621
42418 104290
95204 104896
42651 64618
114393 115902
46622 109146
26118 106423
94202 98819
16144 69425
85309 109237
13939 70504
43518 49262
72512 87506
6366 111370
80031 115261
16151 107076
25321 85661
30588 42722
12348 70032
97146 98006
36584 41574
30673 55191
69994 86104
57056 95053
113446 114500
2877 70366
10995 25950
95191 100139
24323 78171
54428 97577
23965 48820
20601 95573
109096 109179
75370 105989
114188 115612
57526 95304
2003 48360
5624 101558
39413 94212
17808 69380
106866 108473
17573 105989
25602 86386
66952 80776
89240 111220
99163 105997
82929 107212
55026 64911
54313 90716
7551 39656
19858 84112
14463 81432
42397 59314
111927 113322
103789 106418
6107 57204
35036 64356
37048 87915
65807 99380
3216 106079
68607 87815
28220 67796
67735 88770
90878 111852
51689 94560
90277 97042
39681 107061
21646 51509
31711 67285
110533 110749
81535 107897
116605 116834
57072 116227
63670 71931
7073 93156
2437 3326
90659 114437
48000 77913
7876 92313
14909 72395
115634 116501
2789 20572
23734 39351
45680 47570
19161 96112
100831 107086
29607 87589
50159 69875
1474 41637
41426 84392
52626 98409
15792 61882
102847 105670
59344 69077
92782 113204
65556 66521
80695 107311
74859 101044
68855 115950
56259 78856
46718 100716
82484 115742
24825 89913
10394 114493
32590 38879
109783 116808
94540 97132
106776 111285
97570 110453
76421 88330
57125 67710
13110 74226
58420 74829
102310 111228
77564 79767
116046 116311
13283 30893
73716 79345
7748 84214
110800 112025
18238 58345
62542 63838
94451 104258
25284 71373
41066 106774
28393 35925
9057 59096
55920 114225
12592 56992
82111 97381
44307 46488
105232 116879
85668 100032
16378 83993
23905 28565
12020 80631
87583 87799
85446 114747
62476 80168
23124 33729
89379 112197
400 34455
81613 107991
78805 102311
101551 114204
22655 80697
102014 110610
42464 105926
72128 82077
40815 54854
22650 23635
16308 94033
75363 102834
47419 76064
15830 46025
82945 114870
105899 109645
104732 110759
29654 50433
21642 116641
54438 56843
14136 107366
59019 95321
1998 3309
57445 62424
86135 97485
63832 98015
82667 97974
81965 91872
96758 115994
49671 102657
74853 76946
58278 64966
104414 112062
19936 93195
62357 74003
97076 114656
1535 100780
9455 47967
38672 62277
29912 106776
35551 37164
47025 78649
21727 39132
61059 78349
2003 58309
46267 97662
18685 24237
58510 93734
95357 96053
113592 113983
1072 69330
79324 108454
72359 88086
107355 112272
7650 28057
85649 104957
28789 50124
107557 108775
58829 62403
43009 81375
25707 92557
19569 45056
86571 104145
7700 43314
34523 40600
71549 82384
87075 101811
111371 116633
52553 77389
111416 114727
26017 55624
110632 112577
25693 76640
60236 90780
28128 113033
11201 66521
13229 75401
19971 86237
108142 114969
105315 110645
42062 65666
87614 105253
16348 28760
65229 98946
38751 85602
61708 77906
636 115183
26776 107830
97731 109563
108557 112626
90390 102952
62736 105396
6049 7297
64165 99485
62495 105184
58952 59622
12404 12713
65630 110869
28837 105799
55952 69836
18723 19393
84713 100675
102398 111934
12377 18249
14181 98733
114132 116915
62352 75016
108725 110117
84253 99682
104644 109955
10010 25056
84268 105505
26386 49660
43071 100173
8461 10476
33196 87924
76222 103069
1698 108078
27514 47088
105279 114575
83443 108276
70621 76747
44254 109836
3678 62231
83303 96828
24385 54379
38889 42989
63474 82528
92901 115512
99233 105205
48120 78668
7468 103027
92831 97795
54418 109546
80684 94559
9335 16482
70067 82017
107203 112224
9529 60454
17371 89818
63053 89820
8449 83759
32201 75795
101723 115411
63954 98308
15478 87461
50066 77596
35284 56028
35264 48895
68861 71719
47760 76665
9613 44735
55882 70850
16316 25676
107921 113930
52451 67223
49713 75539
79957 112323
9522 53321
27101 44413
75926 99495
42679 52290
2710 86206
18057 35035
28543 54357
30242 97457
12054 53237
70344 114425
77279 86651
82384 100931
97226 115606
114135 114441
99391 107294
19843 74626
13707 15838
116018 116521
13359 60156
71930 72802
28804 97859
55452 98560
36031 46716
83555 90506
73793 83654
79619 79763
66781 115716
111558 113327
95793 105806
57507 86533
6433 114855
93710 96283
2190 27958
39143 92457
25276 31575
20874 22349
28020 106689
116286 116922
26478 64159
14605 113741
35644 95287
90182 93673
101233 102590
70958 108607
84689 97120
55649 106858
28944 116257
71834 113087
5847 47272
107600 112001
95736 115834
82555 87188
18660 73353
97553 112706
83427 95200
114309 116505
112352 113044
102292 113624
54756 66395
106092 111604
66255 116202
5548 55461
114320 115736
24548 104086
72549 73593
88579 116474
63104 90065
19076 21749
96771 100603
6938 8771
87095 116449
29557 34151
5474 77692
78010 101687
109340 114479
8871 28427
59195 59971
16030 41629
30106 59314
66944 77410
49013 99410
62459 79954
40159 77964
41036 79839
9343 92111
5730 77364
78649 83221
105451 116266
19521 84479
58677 88104
47168 81370
101020 112546
37921 98925
115876 116683
57279 106462
46977 69409
870 27692
61290 92005
101057 107339
66856 93440
46560 86057
32995 66310
20705 115647
40778 84408
31024 72722
69340 70875
9850 70286
72945 74096
46366 60778
55885 95601
13492 111458
82680 110195
81071 104187
70726 111738
54125 61945
36757 62704
20669 103553
30302 42968
115221 116622
4260 39763
91110 113966
99112 103682
113213 115742
35394 77880
26810 50367
21079 113345
45635 113601
116603 116904
88707 111882
41659 76159
48474 108343
79137 105576
70733 86481
116826 116885
61657 109721
68322 90486
53016 113520
12617 85682
90419 116422
25419 31613
92449 113527
72585 77632
98094 109428
80991 105796
6076 60597
5215 30543
46413 100534
4245 112313
106499 115081
98144 113915
31720 72653
106225 106281
75361 109958
15709 109748
9688 27927
78849 101855
1142 44972
13157 48672
21426 21589
110239 115852
12588 32393
70840 109497
1044 27806
26188 114360
112508 115464
38738 100980
31013 116552
76080 113838
111878 114805
63685 74006
112086 113307
92106 114297
68105 108520
95736 99838
84285 107796
82832 107539
81722 85334
85994 92065
75675 95299
85655 98324
102557 115885
44581 102964
40128 87143
67847 79812
52007 115142
21157 63292
58986 93874
67162 100868
62255 115227
102001 116845
37904 103839
38452 58071
60322 104951
7139 49201
115876 116128
59326 84446
95738 103879
69600 75975
51949 91906
66032 103468
19805 66783
48100 105676
47748 82439
62551 111350
103439 111244
113257 113496
96809 115479
27238 101431
66592 100362
114438 115873
44111 115239
54291 112856
113561 113933
92104 106644
92231 104828
90884 115649
12195 60004
6107 25799
69601 96412
11624 96113
67547 114017
111225 113768
8026 63614
90278 109984
52618 85322
19276 87407
38870 58099
80070 114333
37775 103390
88398 115724
4880 17007
587 9531
35771 85920
35422 72516
8107 62603
14496 24917
46223 114558
115332 115495
57221 63240
91581 105059
95861 112637
74917 77748
105586 114862
27010 45903
43758 56531
9172 99504
382 78969
33123 98214
96808 100963
90087 106294
102346 106474
75459 86794
77090 94945
42418 90626
103741 110919
58035 73539
85738 86922
104015 109952
34003 68169
64469 107292
58728 116412
63521 80421
49363 116029
11988 94286
77967 100124
18862 74728
9630 14591
89349 111200
94648 110611
3972 16005
106856 107024
95130 114002
80292 108807
3002 46397
78150 92852
58279 116467
478 41725
7972 89278
1184 61150
15498 18963
24115 87327
12362 102689
112554 114674
12159 69615
58869 86170
101647 115353
79926 81408
37781 92412
71430 75447
87860 93191
110182 112217
95052 112451
47407 64196
41471 116184
76386 80277
88575 98792
12575 110744
49851 90796
42369 65551
33753 38139
19802 94144
87846 111813
32848 65238
74690 88216
98988 113277
65043 108460
98589 110549
50986 106878
59409 104536
95278 108676
5550 58478
1530 65684
29074 92528
60275 95857
76277 76775
67326 114545
85580 90600
70057 72441
23857 50481
33385 49460
89362 95604
52685 93033
53614 112947
7701 116467
41902 43747
58814 115772
69336 89279
93740 98452
100385 113903
6838 100854
85646 95780
108655 114416
26334 113440
95694 103164
62700 96261
106621 108490
45837 46931
113020 113389
61729 97447
104626 112721
99985 103862
69585 114447
109849 115731
65403 91488
68614 103026
65759 89701
5324 103875
25632 89819
38250 51592
38488 38504
95845 106473
75059 113915
104580 109997
5935 71777
56121 108495
68378 83494
33136 110311
68029 109410
25344 54614
87287 111144
60849 86217
64885 74392
59762 74100
82686 91113
98729 108387
62144 91311
19729 37119
19728 98294
24672 107509
7973 14433
17779 66459
13161 19685
87167 112294
75061 87011
7887 110994
76357 112425
23720 91936
20063 68926
32118 38801
14506 86741
26394 43938
43945 51547
86763 113827
45502 89402
81314 86746
89772 96199
44299 70719
15158 83211
37437 87583
18652 114725
19787 66275
80751 100856
9110 61900
93297 99704
1745 71814
77278 80846
83806 101323
26806 28432
57419 72393
49502 108807
29483 78693
21350 25801
16925 74830
76786 85240
22320 106527
71902 116714
97654 104244
34100 87038
44125 45501
112308 116116
98791 107420
731 96635
79997 110643
48049 64750
90707 101923
94510 97995
4279 114917
33152 40460
23522 111597
66328 66818
102786 112224
47412 72465
89622 106019
31298 111515
97293 115155
114970 116541
108950 116787
26006 107173
90578 109139
34046 36894
103641 106907
77678 97990
16586 58231
14170 82768
36066 60876
17507 55173
73351 103454
78211 105765
55698 66474
31496 93153
70292 112829
93528 99805
71172 103600
12835 66284
58287 72280
115007 116456
32603 103174
65672 110834
62552 75511
34687 113131
20427 55365
106616 109922
87653 98641
25659 26161
11342 62296
7853 92965
51700 67673
47103 53761
37023 102323
110352 116063
93079 114706
46702 93261
103068 116138
87215 90690
84420 95404
2845 4947
75792 96549
91693 114787
49123 53154
59157 61931
63416 85163
110896 112811
76962 95193
30931 91511
38778 96709
91303 115978
31564 41631
73702 74398
103877 105934
33019 33648
52332 75304
113425 114007
60723 78235
90510 111901
8801 114155
51139 105429
54610 96308
55424 83850
28770 94181
12245 75237
30566 88997
75091 84241
98402 113823
88059 90636
96528 107466
111928 116296
94486 97746
76524 79124
95059 110074
48330 77473
106566 112459
109949 114858
37952 56633
47252 70573
54309 91413
36317 83913
2375 95293
10490 51219
18521 55203
19123 115938
108830 111653
41077 73808
25530 99529
6557 44990
95061 101817
109226 114263
88854 89534
103692 107525
116363 116397
32 25101
75479 82892
74230 87183
101051 103693
111187 112262
93435 113153
24939 90723
86899 113543
109523 112871
83936 84682
83289 111294
60509 88803
3446 47287
104697 107433
9075 56369
56412 105856
37755 103807
38020 102740
26074 83836
60151 90274
25270 33802
