47 842 442 1000
23 1 86
23 88 141
23 143 166
23 168 175
23 177 222
23 224 293
23 295 304
23 306 323
10 1 50
10 52 61
10 63 142
10 144 175
10 177 264
10 266 317
10 319 320
10 322 347
10 349 432
10 434 521
10 523 536
10 538 593
10 595 670
27 1 8
27 10 49
27 51 74
27 76 93
27 95 98
27 100 181
27 183 222
27 224 233
21 1 34
21 36 39
21 41 64
21 66 83
21 85 172
21 174 251
21 253 292
21 294 389
21 391 446
21 448 495
21 497 594
35 1 4
35 6 97
35 99 156
35 158 231
35 233 268
35 270 329
8 1 72
8 74 105
8 107 170
8 172 249
8 251 278
8 280 329
8 331 364
8 366 381
8 383 402
8 404 437
25 1 72
25 74 131
25 133 224
25 226 313
25 315 400
25 402 463
25 465 466
25 468 485
25 487 524
6 1 28
6 30 91
6 93 172
6 174 177
6 179 216
6 218 237
6 239 330
6 332 365
6 367 414
6 416 489
36 1 28
36 30 85
36 87 114
36 116 121
36 123 126
36 128 129
36 131 160
36 162 247
36 249 302
36 304 387
41 1 86
41 88 151
41 153 182
41 184 205
41 207 248
41 250 251
41 253 316
41 318 389
41 391 410
18 1 40
18 42 83
18 85 146
18 148 211
18 213 270
18 272 281
18 283 324
18 326 327
18 329 388
18 390 419
18 421 474
2 1 44
2 46 77
2 79 146
2 148 191
2 193 284
2 286 325
2 327 354
2 356 455
2 457 464
2 466 547
2 549 582
2 584 589
2 591 668
20 1 76
20 78 125
20 127 160
20 162 249
20 251 270
20 272 297
20 299 362
20 364 433
16 1 80
16 82 159
16 161 210
16 212 237
16 239 262
16 264 285
16 287 376
16 378 413
16 415 506
16 508 561
16 563 564
16 566 641
16 643 716
16 718 755
16 757 802
16 804 841
42 1 90
42 92 159
42 161 224
42 226 283
42 285 330
42 332 391
42 393 468
42 470 567
42 569 582
42 584 599
42 601 698
42 700 731
42 733 742
38 1 54
38 56 111
38 113 168
38 170 219
38 221 230
38 232 323
38 325 332
38 334 383
38 385 400
38 402 491
38 493 578
38 580 637
38 639 690
38 692 749
38 751 760
46 1 60
46 62 131
46 133 206
46 208 211
46 213 246
46 248 309
46 311 398
22 1 16
22 18 69
22 71 114
22 116 119
22 121 196
22 198 203
45 1 100
45 102 141
45 143 194
45 196 271
45 273 326
45 328 337
45 339 414
45 416 445
45 447 486
9 1 84
9 86 103
9 105 128
9 130 205
9 207 266
9 268 367
9 369 396
9 398 437
9 439 484
9 486 549
9 551 572
9 574 579
9 581 630
9 632 669
9 671 730
7 1 64
7 66 105
7 107 166
7 168 199
7 201 206
7 208 239
7 241 270
7 272 309
7 311 320
7 322 399
7 401 428
7 430 491
7 493 560
7 562 631
7 633 676
26 1 48
26 50 89
26 91 108
26 110 145
26 147 176
26 178 195
26 197 236
26 238 327
26 329 340
24 1 42
24 44 67
24 69 134
24 136 181
24 183 186
24 188 217
34 1 40
34 42 101
34 103 200
34 202 223
33 1 26
33 28 43
33 45 60
33 62 155
33 157 182
39 1 96
39 98 149
39 151 192
32 1 34
32 36 115
32 117 150
32 152 193
32 195 268
32 270 305
32 307 344
5 1 12
5 14 37
5 39 108
5 110 129
5 131 136
5 138 181
5 183 262
5 264 349
5 351 444
5 446 471
5 473 492
5 494 579
5 581 640
5 642 649
5 651 728
5 730 735
5 737 746
5 748 763
5 765 794
47 1 54
47 56 153
47 155 248
47 250 265
47 267 310
47 312 359
47 361 452
47 454 509
47 511 524
19 1 48
19 50 125
19 127 164
19 166 249
19 251 278
19 280 317
19 319 390
19 392 393
19 395 434
43 1 88
43 90 179
43 181 218
43 220 279
43 281 318
43 320 323
43 325 386
43 388 407
43 409 486
43 488 505
43 507 544
43 546 559
43 561 604
28 1 92
28 94 117
28 119 184
28 186 247
28 249 288
28 290 339
15 1 34
15 36 131
15 133 218
15 220 231
37 1 44
37 46 121
37 123 214
37 216 267
37 269 350
37 352 419
37 421 470
37 472 479
37 481 504
37 506 563
37 565 656
29 1 8
29 10 59
29 61 112
29 114 141
29 143 226
29 228 321
29 323 402
14 1 56
14 58 151
14 153 196
14 198 223
14 225 244
14 246 263
14 265 350
14 352 423
14 425 432
14 434 511
14 513 520
14 522 615
13 1 28
13 30 121
13 123 156
13 158 179
13 181 226
13 228 235
13 237 266
13 268 281
13 283 342
13 344 387
13 389 394
13 396 465
13 467 546
13 548 615
44 1 18
44 20 79
44 81 136
44 138 231
44 233 244
44 246 321
44 323 386
44 388 451
1 1 16
1 18 59
1 61 68
1 70 157
1 159 190
1 192 221
1 223 316
1 318 411
1 413 436
1 438 515
11 1 86
11 88 119
11 121 160
11 162 199
11 201 250
11 252 301
11 303 400
11 402 415
30 1 2
30 4 29
30 31 78
30 80 115
30 117 122
30 124 143
30 145 180
30 182 245
30 247 280
30 282 317
3 1 96
3 98 161
3 163 190
3 192 249
3 251 268
3 270 273
3 275 300
3 302 371
3 373 382
40 1 76
40 78 165
40 167 248
40 250 301
40 303 400
40 402 413
40 415 466
40 468 539
31 1 68
31 70 155
31 157 166
31 168 179
31 181 212
31 214 255
17 1 54
17 56 133
17 135 208
4 1 36
4 38 103
4 105 146
4 148 149
4 151 156
4 158 229
4 231 304
4 306 319
4 321 354
12 1 12
12 14 111
12 113 208
12 210 291
12 293 372
12 374 429
12 431 482
12 484 503
12 505 598
12 600 651
12 653 744
558 605
629 653
38 261
544 747
522 678
524 714
448 489
240 632
49 572
670 670
285 739
776 782
689 802
357 782
377 575
759 811
555 735
240 637
408 804
108 593
34 435
740 817
363 784
446 830
128 797
556 717
319 328
524 828
114 474
388 784
132 713
365 381
705 794
379 526
497 573
161 834
234 616
611 811
247 292
557 655
68 537
273 308
757 765
354 416
729 776
372 566
834 834
166 531
172 249
127 686
179 834
38 334
639 658
339 426
707 801
53 655
119 744
222 591
523 545
15 374
345 528
462 808
735 768
722 804
377 499
439 694
469 819
679 773
842 842
55 485
204 346
156 173
588 775
530 665
85 799
418 719
418 778
515 834
6 13
439 726
553 641
686 744
498 725
751 813
330 829
84 494
64 662
511 516
147 414
240 272
117 657
776 824
39 636
548 824
423 457
428 470
729 796
204 345
643 743
572 584
565 841
387 393
777 789
247 587
636 811
161 727
224 534
797 838
12 283
168 196
304 352
509 631
144 151
428 507
408 411
26 525
588 818
588 769
456 613
195 576
815 824
620 762
220 471
615 670
727 749
461 597
246 301
143 538
744 805
610 688
717 825
164 634
203 604
271 819
390 682
563 648
784 813
165 173
412 755
671 805
841 842
127 803
772 793
479 598
721 816
490 783
484 753
529 564
552 694
543 690
470 614
716 800
593 695
210 339
825 839
110 253
492 803
827 842
89 127
582 747
208 807
117 250
44 595
431 629
417 776
732 798
37 233
604 778
210 517
598 782
544 695
366 521
215 443
586 787
834 837
385 830
733 809
686 789
767 819
648 791
545 597
312 726
791 825
100 566
682 743
779 840
456 839
588 765
233 448
302 748
685 776
1 792
136 421
806 816
594 766
783 841
457 541
798 835
117 174
189 285
54 317
88 341
533 565
772 808
788 825
342 787
445 643
391 685
784 811
420 715
559 644
404 615
737 799
527 672
640 757
513 672
683 717
822 830
475 546
8 833
823 834
774 828
198 747
53 597
249 560
830 842
266 437
317 633
688 840
97 777
398 786
708 807
223 380
105 272
778 814
805 831
129 199
426 524
474 525
339 454
651 670
789 821
47 768
68 357
138 276
731 737
634 760
554 559
764 772
176 498
759 821
811 813
9 455
105 174
752 820
558 564
797 836
739 814
530 579
356 561
647 787
767 840
238 340
585 586
402 839
377 564
770 818
625 796
410 471
676 696
12 726
514 555
89 424
484 615
551 601
761 777
265 480
160 199
609 643
2 287
295 480
539 774
344 480
522 579
819 822
716 741
6 604
306 830
413 437
108 279
783 790
304 326
773 802
496 552
34 364
338 601
82 147
677 688
813 823
199 512
209 513
329 692
8 543
296 454
616 743
786 833
414 788
85 437
534 636
135 705
730 815
272 678
405 690
5 275
588 591
282 612
27 512
34 536
267 509
457 687
394 801
739 819
37 364
498 580
279 702
640 691
239 272
756 767
533 663
468 626
445 778
708 833
705 823
48 828
591 797
289 651
2 747
98 240
675 811
210 451
364 494
266 688
36 37
643 692
756 824
420 525
672 743
400 705
835 840
38 487
708 766
277 683
398 458
192 340
735 776
669 715
497 638
582 705
149 195
466 761
138 298
143 701
362 676
600 661
157 300
374 817
177 452
393 393
253 338
672 797
62 80
688 719
260 735
828 832
348 780
42 607
276 722
300 383
516 616
237 492
266 754
325 498
166 591
417 446
658 738
273 435
557 835
422 627
840 840
347 384
627 730
270 380
798 803
738 790
659 708
105 558
647 694
388 538
384 703
191 721
245 534
238 797
69 317
321 832
685 751
38 546
712 796
465 776
775 819
535 633
347 715
44 315
532 836
102 728
555 625
453 786
246 394
755 782
624 715
279 411
181 213
808 811
305 836
653 715
563 670
721 805
682 728
58 579
639 740
505 566
424 711
47 536
71 269
20 71
427 835
680 834
334 385
372 430
18 188
151 702
747 811
191 529
9 537
202 266
520 793
201 832
106 354
3 424
33 830
31 264
714 728
782 810
788 794
52 541
7 105
694 799
404 761
130 194
770 785
653 827
87 323
592 757
222 307
551 651
727 793
658 659
107 257
763 767
533 841
199 534
96 322
662 667
290 741
55 78
735 807
147 754
801 833
94 252
719 797
513 816
182 530
205 809
322 420
388 786
78 798
706 820
296 729
546 698
823 823
444 689
496 726
699 841
594 695
286 290
379 585
786 810
144 616
26 387
29 328
414 838
163 617
325 565
115 681
759 797
310 814
59 317
673 840
304 432
182 357
13 17
789 795
210 356
784 829
634 684
485 659
523 607
206 268
673 697
676 792
746 840
234 637
343 476
754 839
432 506
450 489
330 824
477 676
438 471
15 671
288 703
767 839
122 144
223 680
493 538
486 670
138 147
510 528
687 809
659 830
832 840
838 840
165 631
787 788
112 364
818 818
811 838
777 840
417 635
518 631
774 829
73 387
633 803
335 351
598 656
44 434
311 602
153 282
80 649
195 468
437 511
270 411
230 433
206 614
216 242
363 788
330 522
230 302
835 838
50 264
497 552
732 819
306 601
811 818
355 687
38 798
90 194
191 817
638 689
66 641
715 838
424 568
15 360
692 782
617 765
328 792
269 737
142 210
62 489
583 714
324 707
7 748
350 434
439 636
26 386
702 792
787 799
734 750
13 714
392 733
654 743
3 314
803 829
420 824
31 175
833 834
309 760
208 655
807 830
274 430
759 759
391 535
521 785
367 730
476 517
126 359
435 532
247 484
352 552
299 752
531 599
830 838
783 828
595 781
630 783
155 763
751 794
25 113
322 564
56 133
11 809
508 544
710 807
655 660
613 733
200 227
142 533
757 808
723 751
237 369
240 688
236 333
118 565
89 572
612 830
123 289
835 840
458 794
100 800
787 804
153 272
825 841
487 781
471 780
520 720
145 687
301 670
579 593
704 772
90 520
395 808
253 667
129 401
465 470
202 828
837 839
555 794
412 575
465 645
29 643
135 482
770 813
664 776
451 615
286 718
156 485
580 802
596 784
34 79
11 306
102 766
534 552
72 337
152 773
416 416
627 728
768 802
2 744
661 827
49 689
565 829
336 580
414 479
554 706
292 374
514 827
228 475
477 729
741 755
485 665
427 691
364 450
9 412
528 697
199 742
546 808
144 696
63 540
357 473
386 402
292 425
745 772
596 769
723 833
821 837
777 823
172 494
594 828
406 546
783 831
243 285
147 568
405 612
497 644
44 176
155 593
381 812
833 835
729 785
364 477
66 720
273 758
535 672
67 750
289 658
631 818
783 789
251 783
511 583
309 595
612 688
370 510
735 837
105 418
64 794
614 702
583 710
86 761
801 833
432 568
263 442
833 837
411 561
101 288
390 627
286 790
55 251
32 453
69 234
719 773
103 176
249 548
95 738
171 443
17 730
750 813
196 481
313 429
581 642
496 690
243 304
822 822
614 782
157 649
421 749
93 327
152 215
651 695
432 552
653 730
789 807
295 687
509 711
424 786
213 436
268 669
184 676
624 738
545 545
715 765
774 791
425 658
537 759
728 759
132 392
834 842
315 715
281 592
604 821
181 260
272 466
531 777
476 656
562 574
724 770
392 708
470 614
841 841
599 756
756 757
779 791
825 838
459 623
320 737
842 842
827 837
384 610
618 646
752 796
789 816
145 691
250 368
779 827
377 643
440 550
749 771
735 757
409 539
434 595
624 841
34 726
683 783
175 301
23 231
827 836
206 389
613 678
429 757
840 840
687 763
339 746
296 693
482 699
601 677
722 727
798 826
125 381
256 516
660 725
603 739
704 704
524 539
382 422
421 635
509 789
404 534
160 228
315 397
127 225
215 680
574 693
142 756
278 680
538 637
91 214
825 833
129 636
187 502
817 830
85 723
654 765
479 833
370 518
658 807
387 584
371 460
754 825
753 781
54 609
106 226
447 641
162 578
573 759
708 799
436 589
107 271
360 489
115 571
628 721
41 759
690 708
704 749
155 270
787 836
532 677
89 641
323 779
133 433
710 791
802 819
637 655
399 538
617 791
605 716
825 838
87 264
546 564
813 816
352 617
761 790
75 410
593 675
332 527
52 213
49 204
708 773
842 842
657 822
520 694
620 735
403 690
736 779
756 832
543 775
117 123
647 784
147 815
252 440
249 252
123 725
137 328
341 703
310 447
208 462
773 788
539 593
649 701
577 723
33 629
373 560
98 430
757 814
51 193
509 832
271 698
444 536
35 626
776 794
569 797
565 724
138 682
798 838
305 771
34 684
216 584
598 624
641 742
470 474
30 658
132 408
720 746
261 658
220 308
768 772
212 375
619 686
36 795
635 728
160 781
797 826
3 532
304 307
531 583
438 694
118 822
125 518
790 807
176 530
338 660
443 668
524 740
770 807
807 838
813 836
14 50
289 611
252 668
501 631
584 732
142 331
145 190
604 734
547 636
44 448
718 764
749 830
724 793
695 774
243 455
614 755
628 659
