10006 10006
4192 2014
5900 5648
1187 146
9432 5761
4476 2172
5932 2317
7885 5559
109 6026
6586 8867
8247 1012
8365 4488
8612 2817
217 7187
2562 7714
1177 2479
6411 3083
3368 5028
535 3021
3472 8008
8676 1726
4068 2482
6664 7699
2595 7395
4055 3996
2534 6709
2055 7354
7327 7038
7193 4775
7118 5501
8301 8335
2026 9514
4799 6305
8806 7313
7501 4821
9562 2475
9424 4744
4399 9947
10004 3177
1195 3298
6834 8012
5679 8109
2573 6608
6699 8268
4271 9889
75 5413
3767 6625
6926 7195
8215 3429
3060 521
3136 1240
6502 2023
3382 1759
7925 7376
9780 243
5596 3987
4955 676
3398 9087
8750 3631
3104 3272
1669 5225
1571 8391
258 1727
6522 6600
4581 8857
186 2581
4089 6937
2215 8811
956 1954
9782 3639
8205 8660
5987 3178
1180 1808
5794 4523
3949 9231
7931 8916
1545 5890
7942 4032
4262 1419
5203 9500
1384 353
6187 6985
202 8194
6886 3005
3862 6227
5788 977
4747 6508
621 2313
6724 2861
2352 5095
8102 9048
9915 2160
2370 5520
1717 9016
2399 6984
1627 4010
5528 707
6813 2055
1066 989
8674 4737
544 1268
5294 7866
9535 8134
290 6467
2228 8577
1054 609
9247 7826
5797 3014
6925 8700
6483 6856
6131 813
8740 3514
6861 9050
1523 6412
9129 2687
1864 4767
688 7251
3704 7718
3211 884
8610 7429
1356 4597
3239 9480
294 3196
165 9876
2541 429
853 5592
6409 2902
6518 649
7904 120
2905 4662
8069 4677
8416 5348
7355 8576
8754 8678
2815 1035
3786 2757
7567 3743
8732 1921
5410 2853
2502 9766
3395 2834
2215 9420
7431 2862
5374 4194
610 1838
4862 9711
4077 9023
4846 8017
6027 4779
3846 1398
8289 8799
6584 5101
5915 9833
4396 7447
8947 854
941 7792
9405 2846
4418 7021
3551 6551
6736 9809
8573 3968
7833 5741
5890 5989
280 4590
5509 8916
3998 8842
8075 5913
634 224
8189 7615
514 9521
889 3085
1894 7272
2373 1557
1275 3720
5941 9627
8198 39
4633 3162
3433 3875
1803 6141
6892 9514
6890 4336
302 1893
799 1367
5119 6648
508 1485
3276 3421
5356 3041
117 7124
2726 2854
6279 894
9291 3393
1266 6353
4528 2138
6330 6531
3715 3787
1917 6212
1549 4798
860 9007
2559 3118
1727 128
1046 7789
1405 7355
1984 9865
9537 4835
5185 7621
4097 757
5480 1805
9892 9383
5931 473
9079 1206
9798 191
94 5452
6768 7225
3814 5868
2578 6836
3701 5977
9800 6048
1426 7731
7082 3910
5923 2984
4322 1793
3930 461
2459 3043
8639 6167
7847 1603
891 6503
6787 5350
6938 356
2762 4831
9522 2747
3167 6002
7304 7214
7272 4712
1330 4932
9503 719
6017 7714
1401 8166
5524 3140
2477 2106
8127 8081
5700 2675
6452 2000
5176 8634
7612 8563
8587 9745
1890 6571
9075 4085
1617 7821
1735 5198
1857 1534
1093 4229
2663 4311
1901 2576
4797 8205
5108 5969
5003 6824
7203 3553
1219 3341
7270 1219
7700 4321
1515 9395
9 6716
6592 9784
5263 5084
5202 877
8893 5766
7793 81
3147 4165
122 2003
1488 8077
6608 1464
7562 474
6340 1709
3380 603
1858 1697
2060 7405
3494 8721
3632 1483
8559 1440
7456 2660
486 4005
5209 7703
9620 6238
5860 6913
4253 201
503 1043
9335 1046
5197 4764
2128 6535
938 7172
9060 2434
4767 1231
2015 6901
4591 3372
4444 2827
4964 1143
2001 4153
7751 5196
4779 6485
7152 2368
4502 8654
2390 2080
3750 1024
6971 4815
2070 1201
1299 6926
8376 4288
6560 899
3676 8496
9792 5697
1603 5537
2439 3901
4573 6924
6405 5220
2407 1059
8115 4697
6959 4213
5321 3086
3828 1615
7097 4430
9511 5153
157 7048
553 5302
4719 1695
1575 3493
7796 1708
3667 4762
6968 3967
1724 195
8133 8902
9808 746
7923 8775
7017 9448
5264 7420
6157 877
1827 9133
8633 3727
225 4494
1745 5288
4560 4645
8003 5021
8165 3940
3902 4383
3652 6081
9974 7681
4074 7079
9880 7829
565 1537
6989 8225
5903 2560
5945 3956
1254 7925
5240 800
4164 68
9233 3511
7763 304
1354 1894
8493 5366
6519 9127
9377 7335
4402 293
5874 2772
9252 349
5367 5805
533 9814
5737 7915
9348 2510
8228 1105
8694 4373
7323 2512
6400 6525
8280 814
6500 3367
9935 9923
2817 4719
1261 6980
1555 1481
9779 5675
4414 578
6247 2909
7995 8402
425 8365
8729 884
6452 8230
3300 1459
2011 2460
1930 7543
9545 5444
9875 2287
9084 2434
2625 3436
3956 1333
3038 5396
6393 7964
8166 2245
5673 38
3510 8505
5637 7028
2020 6957
2865 7545
1903 4280
1507 3105
4576 2859
8140 8103
3091 2359
3303 5170
8060 3810
8030 4168
2948 1659
5072 2475
195 9982
4140 3034
569 7198
9731 3907
7884 4275
1834 6056
8327 7461
1074 4711
2351 5610
826 5396
9283 2228
5407 3707
36 9416
5967 5881
8969 8056
8100 9959
9944 3666
6478 4840
2985 8005
3455 7543
9585 5706
7436 2441
3646 8530
1631 6919
1171 2092
9552 2435
1394 3922
5254 1699
1671 1207
3922 3400
832 1752
482 7790
5377 3076
6111 727
2919 4263
6636 9450
4570 8607
4725 1698
2794 3460
2285 2067
2972 3738
2788 547
9138 7932
4085 8581
5272 7775
971 9430
4988 3395
9581 1718
4073 7865
196 8631
5788 9206
7203 8507
3361 7860
2777 2030
3690 1829
6951 9075
3045 2303
6157 887
8452 107
9766 3427
7314 1108
6102 1749
3800 1221
7359 8904
4942 4423
9807 8921
9161 4037
8853 52
3234 7279
4560 7171
3790 8909
2021 1569
3660 3423
7298 1003
4100 9419
4368 6483
2770 5017
6001 5131
5056 511
7203 8000
250 255
5258 3812
5834 5275
8319 8500
2133 3350
4323 9041
1657 2037
8376 450
9100 2936
9252 3807
8479 5276
950 2233
8765 4593
8064 7885
9693 9066
2720 5581
8446 7968
5802 3592
7611 1150
6081 6983
4830 1644
5262 3848
3545 546
7312 265
6248 6734
6818 8085
998 6580
3493 3817
1485 1637
9390 1132
7058 1529
1710 9672
5446 5521
3609 419
9748 4013
8030 3368
1870 3119
4189 936
3775 7990
8076 1265
7644 138
3522 7957
9376 3461
451 6786
1598 8823
9515 2247
834 239
4699 6080
8477 2124
739 7813
2358 1582
6409 2991
4429 7353
4892 2081
4892 7072
9157 4424
7835 3995
2416 5902
5264 994
6957 5382
2203 9430
9928 395
5494 3586
6302 7228
1961 2120
397 7378
2604 561
5663 7811
8991 9918
372 3837
5141 5257
184 8801
1618 9313
9904 6790
8841 4310
4550 5273
7135 5352
7319 8825
1302 7328
4318 4824
3039 551
5155 4265
910 5924
1392 6061
5339 6879
7936 4598
158 9241
2856 795
1918 6449
8167 5177
9854 9778
3977 581
394 1173
3672 4219
1286 4968
546 5720
8829 855
6351 7844
314 9354
1183 4176
4453 7101
5888 5069
8506 4217
92 804
223 659
4814 613
369 4799
6756 4176
5879 4128
7569 6309
8658 3458
4845 8774
7221 5751
2792 5920
6657 311
4622 9038
9519 9913
2327 4621
6494 6964
2205 5182
7267 6915
992 1363
3153 8690
648 7709
9871 5430
1297 1462
8310 1837
2796 1750
6293 5782
2899 6110
982 9124
1926 6032
9276 5406
9858 369
5051 3937
1784 5542
353 7196
1158 8148
4207 1166
7092 4498
7882 7934
6346 3092
1664 654
3748 2561
4056 1993
9568 7514
6587 7731
949 2657
5935 5035
6157 1633
6772 8355
4162 4793
4556 6222
9728 6872
4635 5988
8276 9945
2950 4118
5052 1377
8885 3735
3035 8332
1103 1443
3967 7274
2081 4455
4572 8080
9760 2575
9475 7497
5319 9416
1513 4361
4905 8688
9425 5010
328 82
9412 5072
6300 5567
8920 4180
6639 3845
9504 2535
4739 9181
8244 8100
9178 300
7809 3997
7839 6510
7821 6850
4173 9375
7701 3372
7419 8703
742 5270
4068 4493
2426 5745
1828 9223
1633 8815
7448 2009
6938 2078
8819 9366
7314 5024
7235 7131
7500 7087
6965 6559
940 10005
1338 9640
1975 9854
3109 5977
2682 6235
4148 2068
5612 9452
3451 1856
7346 7131
9493 8131
254 8700
5817 6889
7332 5220
9424 1914
429 6141
7145 3483
9687 6811
7946 761
4965 4547
7297 7823
7886 1819
4452 558
5824 7378
7669 908
2209 5984
300 1402
5898 6038
4622 4196
4624 587
8819 5255
7509 5305
2166 6066
6381 3547
8039 4233
4377 9005
4409 5849
5516 5519
7757 6396
6718 3450
3966 5543
4449 3011
53 5472
433 9262
5595 3536
162 7362
2631 7708
7703 2143
8651 2342
7780 6375
9369 5358
8316 9115
8159 987
9099 9521
4468 2582
6986 6605
375 3847
6714 6942
9997 8853
510 3071
7614 7130
5018 4329
8864 2826
9832 4678
3221 5905
757 928
7897 9883
6523 1682
7084 5815
3669 7835
8123 7652
8610 4196
2287 4558
8045 1740
6883 4718
9245 1059
9608 1831
6384 3163
7018 9535
5467 356
7713 2845
5622 9952
2883 5641
592 1624
6361 9936
1212 5713
6998 7806
8687 1016
7871 8350
2326 3411
877 7836
755 347
8584 1038
3223 3535
5045 9495
302 2318
3417 7870
4910 3797
2914 7082
9408 2877
4567 4611
1601 9048
62 1480
6216 9458
5775 1931
1934 2860
9378 4924
6890 4307
646 4052
1117 1753
8887 2551
9066 7572
9824 1548
4312 7122
5853 9669
5717 1572
1346 2378
451 3090
3777 9223
976 6021
9876 6305
7082 7090
9498 4159
2527 3553
9404 4753
3095 9137
3405 7892
5854 4703
2606 8682
8207 4914
6307 3971
7767 7854
3954 5022
9010 5317
880 3992
160 2938
7350 7781
2239 1300
7438 9429
3349 1223
6571 2595
5862 764
5407 5776
3242 2588
6956 7267
9935 2387
4554 5001
8373 4032
7633 2353
6465 9149
7560 7986
9654 3942
8360 8627
9329 4398
9741 1299
2810 8628
7147 7249
2716 8298
7989 7867
4213 8157
8821 6285
1368 853
4827 296
7260 6217
2710 9779
6180 6241
5137 2993
4616 1644
5190 7964
3612 1218
8418 823
2306 300
4681 331
4324 1270
131 7540
1676 9287
1132 2207
9751 4585
4086 4072
7478 922
2950 6920
5971 7173
8669 1634
4770 6483
3638 5859
5208 491
1294 9543
3433 6063
3425 1034
1302 498
1865 5297
8375 4951
6052 6483
7257 3691
1502 3587
7818 943
759 1075
7556 4510
9294 3123
1512 7390
5890 6797
455 8187
3822 112
3030 1699
7296 3492
7425 3492
3868 9758
7882 726
1367 94
1601 4742
9269 2815
6779 2564
1258 9038
2590 2610
4278 255
2 6815
1268 3420
8589 6247
5483 4423
9725 6986
6601 869
2803 5130
1393 4438
4089 5594
8889 679
4535 7717
1368 1051
9128 507
534 4962
5554 862
1359 5175
3972 1148
1844 9375
5374 6660
953 2476
7896 6656
9838 3122
4490 8101
7942 9945
7161 6835
815 5364
4206 8232
5445 6161
2453 5191
7737 5734
135 4479
2772 2941
5073 6566
4276 933
6338 9678
4317 8196
6800 1797
8062 5530
4225 1735
8491 2611
8170 8176
1792 1898
4917 9204
9144 1592
6270 910
6048 9116
346 1240
9299 8180
5412 5802
8030 689
9121 2792
6579 8060
8986 6250
5343 765
4304 4438
4747 1498
4899 4572
2252 4270
2375 6626
8089 308
8685 8828
993 5678
715 1062
5381 2030
3725 7181
8386 6801
2897 6730
8354 4130
7279 705
4806 2343
4175 1029
6734 9232
8273 1908
4831 2456
92 7296
6262 8831
1288 7195
174 723
7032 8764
1275 4337
3604 6979
5898 9450
7740 2526
3697 9765
7660 6414
6736 1717
777 5127
4122 1991
7521 1369
5283 619
480 8099
7085 228
1317 7491
5700 1817
8797 98
90 7353
7754 9071
4103 2934
8306 4653
6025 5941
7481 7157
1682 8675
7011 7917
7901 750
7102 7011
7998 2151
1513 9898
2611 2898
9065 3811
4906 9605
1923 4243
3364 175
9698 2475
1815 5938
2596 7414
2896 5957
7951 8762
3639 3216
6928 7600
4594 892
8584 9441
1676 2795
737 5658
9716 9569
4385 4696
7624 6408
9682 8740
8840 480
1485 2890
2707 5608
6636 2115
997 8719
3542 6799
1574 239
9165 8843
628 2437
5861 8043
631 1145
6610 2760
775 6525
3948 7499
1021 3711
6090 5523
5763 1731
5211 2020
6414 7179
6207 1260
7137 6773
2486 9381
6650 5689
8876 6498
3160 6321
891 2176
5895 3990
6156 8413
7999 3081
2365 994
2428 2913
5345 4521
5892 754
9005 322
6345 4395
301 7196
9162 7588
3348 9157
8160 1588
8779 3279
4711 1922
917 834
74 7161
6382 5286
8846 4799
8443 4706
3947 9234
3792 448
96 4533
7055 1016
3689 5132
6785 22
8744 9982
8135 626
6289 4521
9261 4014
7706 6111
88 4664
4631 7660
10005 835
5160 9085
3975 946
4306 7699
242 2073
8005 8680
9453 387
2619 7463
6971 4308
6035 1861
3082 72
783 5254
819 1938
8937 5371
8044 5381
4896 7901
3437 8883
8323 4
8880 4633
2949 7942
5038 400
6272 2621
8365 2697
8215 5334
44 7282
2684 5644
5157 3666
3012 216
6070 2295
8786 5911
1196 5237
6059 919
1919 3089
5399 2573
4144 7670
1321 1506
7172 9059
8359 7766
5662 221
5922 2001
3413 1973
8694 4379
1439 8404
402 5880
1517 4744
1669 2084
362 54
8071 4232
684 4504
6123 1110
5427 7010
9511 9892
3488 3544
2524 7747
6672 2383
6270 9204
9368 9567
4346 7342
3705 8372
7627 3328
689 9296
2472 6057
2920 3337
9876 794
6152 840
6013 6763
3256 6742
744 7192
1327 2437
4943 2017
3336 7819
3362 9991
4868 1419
2244 5128
8769 1139
9298 3635
7050 6380
9480 4705
3108 7057
4874 3401
7005 5734
3195 1377
5018 5163
9768 4587
6109 6893
9043 1923
6032 520
8898 9563
5237 1784
4810 6251
3813 1767
8751 7336
9021 9486
7847 6732
3740 3930
760 2110
3252 129
4608 2551
3444 3944
3638 8490
8605 3921
1699 9339
6334 67
2379 5315
444 10004
2516 8121
265 4236
95 398
5085 4017
8951 7136
6219 7025
8440 4968
7657 658
8187 2504
6369 702
2625 7604
5153 7810
8295 9929
6857 6990
3319 6772
8249 475
5848 3362
7955 3171
8683 949
9090 8616
2413 3298
3112 708
9245 7544
485 1530
9974 9516
8881 2781
4827 7605
8192 826
7647 5930
1627 8580
6491 2271
1710 53
9232 8307
6784 3083
6616 7544
8641 2849
8282 1115
6941 8921
9405 6345
185 226
6200 6537
8261 8579
1038 2616
7969 9634
770 5105
2678 6054
2816 8918
4363 6184
5285 8251
381 6919
8945 1231
7367 9778
2199 2569
4678 1653
9989 7477
9905 7256
138 3555
2021 677
9136 1021
8703 3476
4332 9155
72 8947
5665 4235
4218 8696
7472 9028
9397 730
4452 8749
4042 3153
4178 6824
5216 8835
6180 7502
2220 6339
982 2995
1638 3548
1151 8264
485 6920
6923 6800
4877 920
5246 9927
9470 7808
4976 3647
399 8704
8171 9106
142 3468
7294 8586
2835 5480
3952 7190
1752 2077
6853 8617
8643 8135
379 4708
1316 5467
5244 7973
8856 1613
3850 7203
3282 1276
4649 2738
1957 7832
5542 6353
2254 4426
7873 9736
9868 4515
4130 4035
3218 1823
8140 8924
2606 7366
3704 640
5765 7825
6693 7123
2210 525
8649 5062
230 7218
8534 4494
6570 4147
223 1884
5441 7246
7357 4822
6657 6328
2276 1915
9829 7960
8373 5188
7004 5619
2052 5179
5630 4927
2453 4311
5474 9212
6913 6585
7446 2860
9997 2928
9381 9947
899 7590
2655 2217
6882 7737
4446 716
7102 385
1621 5152
4257 1708
3731 8467
2682 7181
3824 9128
6671 8808
8612 3583
3877 2212
3325 8789
9926 8598
6395 2259
2542 5868
4144 6934
8209 6903
3060 9225
6755 7058
1424 990
3714 5905
6578 6111
8147 4403
9088 849
9168 5115
3290 8039
1298 5004
9497 2637
6725 2387
7882 3799
5991 67
6534 516
857 1265
2436 7012
6760 4676
6396 596
9593 7110
1237 4666
9911 595
9283 1370
105 770
9787 1743
7041 6427
5827 9714
5294 5062
5568 5096
4074 635
896 1575
7776 8503
4404 6556
2135 8044
4885 2561
70 5158
2964 2139
5569 9010
9349 8298
7500 3236
926 8177
3249 2587
1786 6745
6502 6120
6552 9332
1737 752
7331 969
8720 6620
1077 1933
8105 1528
3497 4143
16 2406
5859 550
368 6671
4420 2886
2420 7511
6890 4215
4018 5081
9426 5024
6782 5545
2297 7063
5835 998
5241 3154
4661 8178
8034 4316
1304 1339
6738 244
2572 8329
6128 9389
5774 3150
9002 8807
8168 5626
5885 9823
9191 8087
5185 9237
3069 973
4266 1143
5641 5295
2682 8674
2699 3743
815 1622
6544 4486
3785 336
4033 2194
9882 8111
7504 4576
4832 4707
3724 3734
2384 9719
5065 5654
7481 8607
7022 8174
4627 882
4833 7741
7446 2122
4290 6445
4489 7878
2464 8355
3459 4847
1684 9223
167 6719
7384 1221
357 528
9773 9377
7247 9160
4778 4778
2847 8321
2705 9486
9338 4058
1082 6214
4255 2149
1985 2109
8238 2075
6942 5825
8290 5713
9904 7698
825 2949
4657 8450
9702 1171
29 5610
5960 7694
9237 9388
9305 1452
5926 8664
4277 3746
4334 5747
6208 5739
1917 2415
3653 4700
3352 4346
4510 916
7658 440
8424 330
6790 3547
1166 3922
9682 5387
10000 4792
3911 5287
7370 8846
4416 5344
337 7743
3429 2024
2557 8570
2680 1202
1651 1170
2990 6447
5056 2494
1551 8371
1290 5233
4195 4303
8123 9071
8278 9563
3563 7609
7467 850
7989 955
6061 464
7274 412
6079 328
6590 2133
6306 3561
3040 7271
6631 2938
4184 3313
2130 7003
5484 7423
2506 55
8127 9935
8607 862
4184 8046
657 7886
8412 3959
7225 9901
8473 8172
8105 5388
2672 3127
9649 7122
3198 6371
9269 1784
8507 4925
5931 4541
4387 1764
9605 8935
3679 8306
5937 7412
9318 2517
8640 2713
6550 2406
9908 293
1649 6872
5766 1715
5173 9885
9459 5139
2719 7892
4655 7313
8903 8096
1620 5917
5432 3669
3164 3356
1158 7307
9407 3731
1168 3493
4895 8112
5399 6274
1042 6931
1553 7616
6218 5911
829 2335
1845 335
335 711
2811 8171
8657 6950
5042 9226
5846 8550
7604 925
82 5752
1977 2052
5335 3725
8401 876
6911 3167
1566 46
5422 3536
8126 6277
9799 3412
2796 9115
7663 9430
2749 8159
4702 6305
3069 2933
6476 8448
7795 5198
3186 1456
1257 5701
2680 4263
3382 8832
8061 2196
431 7283
5328 7309
9873 3160
1590 5087
4912 4114
9974 4386
1885 9728
9249 6154
4427 5171
9416 6298
2881 4305
3318 9059
4554 104
9416 2312
8080 7320
1220 5813
7381 3745
6784 8650
5430 91
7286 964
5251 1800
8875 2557
5728 1453
1943 501
3138 1469
8705 7120
7421 2140
311 7813
5819 9488
1728 4488
4552 6116
6788 7040
1265 6688
6594 7523
6168 157
1512 5455
895 4429
3844 4459
25 1330
17 3038
6426 6096
5607 7432
6202 4983
7561 6065
6870 6469
5944 7504
3156 2282
9633 7809
7860 4930
1370 962
5531 45
7098 8514
5316 345
2489 3954
3993 894
4866 6984
3045 1922
5090 7951
384 6852
1601 6148
5480 3610
7584 3601
208 5276
3340 4856
2702 8900
9772 2
8041 8654
1152 6847
2441 9483
3317 1023
9430 6191
1826 5761
921 7848
1828 828
7076 6523
1995 6510
9895 895
3609 7102
7531 946
5434 9441
961 4411
1941 1960
7539 9407
7689 7260
9975 7058
3322 1703
9740 9425
4671 6757
7261 529
9302 6345
798 9004
7557 4443
6885 1135
2437 2451
9914 8377
3588 302
8407 8030
8865 8472
5095 7686
7411 9228
8834 8331
8270 2509
4194 3552
7460 5706
6608 8701
6418 8813
7059 2900
7324 4156
8229 3071
3840 201
586 9337
7214 1062
5316 4217
7998 5456
9674 5816
262 1895
3186 3541
6303 7411
2481 1440
1076 5367
6257 7309
8551 1084
4539 292
8777 2612
8761 2991
4814 6648
5056 9980
1951 3932
7363 1307
6884 5343
917 9305
4564 2748
3550 1734
6123 9340
6690 3864
7688 8826
1406 3649
1936 1028
5974 1741
8400 1222
3954 6246
9507 384
432 4519
7211 9735
790 4979
7082 5002
4611 9805
4289 983
5688 8952
1064 5384
1610 9910
3650 4178
2552 8103
9171 9251
1526 1191
2631 7111
8764 9774
891 346
8201 6979
819 6927
8563 1190
4776 5052
1323 7028
6991 6370
1574 1685
7814 7645
2493 9984
4560 2674
33 6705
7681 822
9128 489
5609 8502
5647 9083
2517 4590
191 4178
7859 7939
9657 5281
7933 2895
4668 111
549 3777
963 3233
1369 5989
1057 8519
6777 1514
7329 5695
9659 9149
9976 7131
2918 2496
5081 4977
7672 6871
4325 1648
9995 4432
9664 5673
8292 3472
2968 5946
1234 9816
9382 621
1356 165
2233 6612
3808 3478
4299 2194
2375 7260
7968 7758
899 8709
5364 9458
5013 2711
6925 8293
2824 3847
5905 6075
4325 3253
4559 4196
8819 2980
1498 3950
8563 69
1921 1978
5134 5553
7820 6643
9864 4530
1633 6073
1682 3453
8941 5940
6037 4071
2574 3356
7710 5925
229 8262
3535 9991
8110 3969
1924 7584
5237 2734
5240 2452
3611 2412
4568 3846
4115 2372
1573 3351
9322 5726
7907 9439
7086 5340
7163 2717
9040 107
8042 3233
3649 6125
312 202
6887 4244
5337 5343
8573 726
4995 8496
2797 4795
683 7797
8865 2609
8510 6211
3067 5986
5691 8546
7221 2945
9447 3102
7403 382
7009 2577
5918 8301
7587 3565
6235 319
8579 992
6017 5769
8823 2179
2227 6850
2353 3324
1355 6698
7540 6116
330 1041
1383 6064
3244 2223
7361 401
3524 4928
1564 4680
7272 7812
5530 6222
8927 8345
6905 3466
7989 1471
3873 7203
9669 9632
8801 7743
130 8602
509 5453
4067 8289
3020 8842
9558 9024
1233 2881
2459 3654
6396 5409
7421 5960
3200 7975
6373 4421
4722 5443
1865 2598
5369 6283
2535 2770
2510 198
8875 3368
4598 6683
4201 4405
2155 9636
9270 6335
2000 3436
8484 932
7333 1232
9159 6162
727 7087
9344 9710
3317 9916
9812 4309
5569 1217
606 6297
8672 3272
8499 2490
2309 1157
6245 2388
9540 8460
6189 242
5016 3040
7943 8305
6116 8117
1734 938
4022 6907
3124 205
5904 6171
9806 5457
6803 2887
5177 567
9524 6281
4917 1202
2297 3511
5229 2755
8964 8663
8951 9543
28 8986
8429 8504
6285 509
8607 1124
1504 60
7544 1630
4626 9763
2858 3348
6558 421
4006 6783
8378 481
8317 5468
9149 8284
4690 4278
4457 3432
7995 2201
1851 3251
2848 7071
8100 8123
6827 3481
9160 3665
1191 9623
1244 8263
899 4988
3817 8397
4867 3944
765 9688
7684 9339
7999 5398
6158 8399
4284 2894
1921 9099
1992 9112
540 1077
8612 7742
4576 7581
2722 9804
1500 3743
1717 2016
2614 6332
5846 7222
5066 6352
121 3559
939 2149
3482 1752
2178 1183
8018 8648
1857 7337
278 5054
2912 4006
2303 8093
5157 8617
8921 9035
1506 1301
8734 5202
2733 397
6792 3583
399 4288
1907 6244
5638 2135
7431 2744
6493 1466
9065 9281
1687 159
9418 5639
3691 1588
697 305
1138 7532
9863 2964
5307 1056
3695 6504
2784 2558
3195 8901
295 1232
3528 7353
525 2894
490 9269
9176 1491
9778 5108
81 1225
4543 6360
6350 1350
3871 6603
588 7626
8116 2341
8044 2568
596 4626
5972 796
9362 9035
118 7110
3354 5749
3747 3949
3389 5938
447 1836
6591 3072
6902 2164
5333 1118
585 5117
9441 4459
6191 1959
7952 4002
582 5951
1223 5537
1647 3391
3627 2058
481 9695
6485 7261
3327 903
9610 2455
4808 2
7828 5070
1530 3302
5538 9291
6875 6798
5529 3914
3875 9232
818 3643
6290 3692
8479 5930
7873 4554
3287 3626
9913 1658
9635 5245
8264 319
192 454
9055 4890
1671 6421
2321 6180
7998 5908
718 1516
5081 7054
8512 3952
1988 4391
6412 5943
90 292
3689 9463
4189 6065
5911 8371
4759 6366
4712 2644
961 1601
8225 1730
9795 349
2302 3500
2772 36
1556 6149
5703 1723
9832 8558
8972 9896
115 6652
260 9730
1837 7973
5719 530
7479 5629
1966 9477
2647 6388
7561 7753
5806 343
4597 6574
1543 6414
2614 2382
8442 4650
3216 9898
7067 5666
6963 8814
9144 8177
2698 167
2330 58
4213 9105
7966 1317
490 3726
6283 5561
3728 4659
7994 6171
4840 1449
4138 4776
2338 7685
1885 9537
7174 4841
5524 3570
1056 4860
5953 9511
6033 5819
252 9174
835 815
2379 303
6989 9548
5736 4998
7709 3208
5164 6959
4167 2216
7358 2278
9724 4165
3329 6764
1522 623
9998 407
9266 8532
2614 4278
5299 929
8545 1908
4328 7056
4869 7241
676 2472
3246 6855
99 7204
4844 1841
8061 971
7011 209
2743 2842
5948 2782
5499 5293
3313 1316
3084 4172
1529 7375
6902 3056
3060 8946
462 9438
5676 4902
1135 8058
6062 4357
518 1577
6364 4053
7359 593
5751 9001
4394 9085
2699 9072
1862 7301
3080 3346
3462 6654
1693 431
8900 2681
9586 6936
5800 7112
1788 2239
998 6272
4668 6332
4552 6698
7857 6161
4256 7595
9094 5827
6266 2779
5422 783
9095 4285
5784 950
1274 5009
4061 9398
9509 9254
2544 5836
7677 256
9505 9486
2796 8432
7077 1963
136 2364
8536 5642
5488 1755
4111 3907
8663 2509
5282 5466
2310 184
4033 3042
8873 6708
5528 9248
1931 8794
2002 9221
8669 579
5717 3043
8685 3362
9908 700
5552 3191
248 7096
8012 3594
246 8869
3687 870
3720 9209
8640 4744
305 1714
7058 7779
7601 6584
9708 2332
1068 9531
2016 285
5381 209
8022 1664
9481 7508
574 9862
5800 7947
4805 5023
5708 4545
402 7152
9685 1907
5070 4051
8354 7449
7111 7714
3396 9049
5001 4026
1908 5201
6106 6770
8116 6957
9967 5153
9822 7567
2679 9228
6179 2951
6701 3713
2689 7797
3579 2743
4334 3742
8013 703
3124 1292
9355 661
5349 6703
6644 5262
1790 4351
1031 3827
5050 3133
346 7346
6508 8493
3780 2463
9459 8307
7274 6303
8968 1407
7069 548
5804 1422
9553 1693
7714 122
2624 4392
3049 3896
7009 3938
7233 4102
3523 7578
4086 8751
742 1104
3570 1233
8611 4306
3159 4707
1230 3088
5644 7890
1955 7168
9201 2342
6784 2038
1072 1781
4702 7558
6255 2795
413 7295
3359 4184
7558 8826
7889 3752
5633 5113
1984 4597
5303 5718
6842 5003
7407 3179
1053 1601
6496 8387
8746 5355
9707 2886
6628 6594
3792 7757
309 227
8937 8564
9903 4400
3664 8992
3185 743
2042 4886
8963 5996
7765 8309
1705 6629
6120 7104
161 8505
8676 774
4336 1123
8328 619
2128 4609
4659 6589
3025 9106
8633 2794
7082 1075
7657 3363
4298 6186
557 8932
7496 3565
7110 3304
1282 4292
9241 3198
1535 8459
1399 3113
7397 2191
2486 9658
3301 8522
114 5006
5561 111
3756 54
8596 3766
4542 9301
1835 1326
6584 4690
8030 6758
4180 9514
3030 7820
3238 9190
6671 9093
1569 3334
3832 7784
2155 2644
7986 9149
1692 9147
1232 5961
5659 3401
9497 3038
5981 8256
8765 4081
560 2866
1448 3279
6514 7974
1040 6687
842 3908
4004 8252
5094 1191
7759 8538
7456 6614
219 2532
8371 8080
5076 9796
236 7735
2620 6778
4111 8696
8337 1163
63 5547
497 4067
9629 1444
6840 7877
8799 1222
2845 8702
8368 3987
7279 9988
3628 9859
8849 5390
9296 3659
949 9113
2544 3012
7341 8469
1580 4488
6975 9375
5708 4095
9725 5189
4016 6910
9668 8464
2436 3981
2857 701
7188 2743
4924 8384
6789 1625
1401 5582
7075 2610
3788 852
6371 8165
9053 482
1058 9438
4579 6320
8049 613
1387 4538
1270 2465
9198 15
4184 4831
7169 1724
2597 609
9206 3303
6879 2100
4669 8987
7315 5040
8255 5403
6598 3045
3508 7352
8922 9113
6976 1151
7859 3627
2129 7408
7524 6673
416 6816
3085 5437
1086 3936
6679 9132
9323 9538
807 6991
5894 7775
4781 1220
6765 9727
8992 4113
3594 6803
6631 3993
4041 7793
6088 6824
1403 8310
4463 5793
3628 5615
7895 7421
7892 8126
8595 5935
9222 2263
9985 4532
5558 8276
3830 6783
1208 8778
8406 3144
7206 4779
5113 8870
9267 2723
3115 6183
615 4622
2139 4402
4375 5315
72 2989
5758 6389
8136 1020
2547 1975
7855 8472
2836 5454
9630 9100
8955 1174
6521 1777
56 3837
7179 6735
3414 2652
9652 4781
42 3651
8322 508
4982 3505
8043 4186
1476 2569
7161 8994
158 8397
6150 5224
5227 1969
249 8586
6770 1666
9726 7578
51 8127
8232 3392
3386 1312
3849 2096
4981 529
2728 7717
6016 9635
4767 2976
5882 702
1081 6612
6120 7346
5972 5979
5233 7779
4937 8544
6194 3477
2433 9098
1168 177
8117 53
5585 6461
972 5528
5154 7846
3444 8575
4651 1898
833 9376
6632 109
470 7072
6219 1908
6686 1096
5618 3174
1300 7218
6201 6650
342 2696
4806 4783
6137 6171
9844 7587
9665 1498
8361 1387
4807 3489
3771 6342
7399 5377
7507 5447
5931 4307
6443 274
6300 9120
3122 4397
2960 6848
351 6107
3185 3858
8600 8955
2579 5084
9962 9648
7131 9641
6558 6180
823 8958
1890 8420
7640 5247
8480 9110
594 4726
1770 4738
322 3162
6866 3655
5011 8626
7290 4262
5467 1726
2263 6396
1982 9237
3951 7376
927 2699
2592 9951
3413 361
9842 4772
4822 3530
1150 2676
1389 3233
4501 5301
5413 7202
9940 9775
501 671
7790 3040
5614 6572
6347 9127
7949 2149
4089 941
6252 3437
6867 5710
7320 8633
3246 7243
1208 6067
1789 862
4667 1623
3869 6537
7958 7462
7918 6221
7973 9933
5920 9503
3306 2108
2173 4446
9855 6276
7856 3574
7667 1304
9656 6909
7728 5139
5382 7399
9546 1938
2166 494
9909 5010
5481 4325
392 2675
8817 4552
4885 3333
9173 8657
2266 6178
9634 7322
6614 9363
4569 1984
3860 6368
6339 7978
4417 8945
8535 6987
8294 9902
9554 6404
9872 134
8510 7847
8491 6945
3801 9255
1290 4867
2003 8835
3922 5302
9570 626
4675 9993
868 4612
4769 4267
7643 4569
3052 7505
874 7418
2257 5936
4918 4468
5630 2467
7872 9187
6750 1045
998 9857
5474 4138
7538 2673
9005 7787
4543 899
7478 5204
1481 4026
2031 4138
6256 120
3920 7354
8948 2759
9157 508
3742 5147
6782 8573
9804 9983
1887 305
9173 6097
8765 8107
7870 7522
7 7696
5870 482
1742 3136
9433 3531
9841 2841
5281 6451
7404 7834
4989 6463
4012 1508
7852 7904
1099 8500
6607 2971
6658 6659
7204 8643
6737 1147
6616 3809
3711 9204
6428 3402
8752 1956
3962 170
3243 2334
6719 2128
4966 8450
6904 4967
447 9995
4143 6593
6497 6001
4536 9291
7971 7414
497 5125
3687 6458
4866 4408
4071 4206
9227 5513
4707 1691
2162 1785
7620 6231
2792 793
8862 515
1250 2894
8701 4089
4173 8318
2680 8727
150 387
9654 2669
308 5823
4033 6314
5265 425
4733 5815
6544 8596
6985 6862
9809 647
629 1305
9849 2776
3580 3083
1466 5180
2180 4923
239 4463
2013 5133
7474 5359
8422 4373
2383 7573
6933 8475
6837 1527
2860 7871
7358 9350
3234 3957
3707 3917
5386 7142
5091 2535
327 1535
9035 4387
4203 5251
7336 6452
6197 1376
6786 2872
9426 5964
870 6790
4610 1071
228 3503
1275 8760
5029 1033
7977 4026
2959 6684
6040 2303
3473 4189
7013 6054
5932 4612
7037 1042
2089 1009
3611 8875
4595 6740
7455 2844
7137 4265
4960 849
1248 9864
8406 2833
8359 9857
1877 4917
3444 5472
3474 5565
4296 2952
5618 7042
2055 8732
6928 39
8135 8376
1388 4065
8304 4649
7449 5458
1196 4012
4216 711
7590 4477
1446 8241
5199 303
6133 8777
2271 4267
849 5666
5166 4415
6844 5757
1280 2149
975 6579
379 7058
1781 1569
5715 9698
7444 3581
7203 2549
5378 3906
18 3802
1947 5171
8768 4471
6203 5069
3734 9764
4101 4448
2093 8963
270 5250
4165 277
1003 9576
2702 3453
1761 9421
5816 784
7737 9179
8135 3981
248 5608
3096 9533
442 622
3931 4450
3428 3051
2607 6364
2330 412
5421 5969
6025 5673
6269 2420
8274 4941
9946 8157
6087 6301
5655 7252
8952 3599
3760 9737
3981 9870
9511 4740
3401 1174
484 9476
5753 1302
8840 8268
8331 5792
7290 8962
7208 8696
3061 8673
248 9272
5573 7902
2951 8352
3970 9896
7303 8494
3254 199
1167 9190
9872 9216
7081 5921
9643 8563
4791 6623
291 7388
4790 5595
6874 2579
5233 6180
7664 59
3428 2565
7332 1629
8754 8317
7328 5844
8527 7406
5378 876
9499 9047
523 2166
567 7957
5594 2079
748 4131
6560 9592
770 7582
4711 3411
9520 342
6536 4255
8733 4119
7865 8109
3116 2749
679 2442
4881 4185
4406 214
7827 3859
1659 9407
7927 1323
8871 7
1980 1108
2964 950
3209 6514
8001 2946
10002 1180
6469 4140
2054 7104
1353 6428
6802 6887
4499 7921
1086 479
8008 9391
3603 5679
2998 7258
5598 6887
6008 2215
409 8909
4063 1744
3159 188
85 1233
6329 1312
8600 3625
2925 1485
5416 2595
9319 766
974 8066
4837 1139
6279 6186
4388 3454
618 9009
6190 397
4863 2431
9114 3853
1580 6518
8041 2299
3478 2142
4927 6259
4131 4601
7770 1896
625 6239
791 6447
1005 7047
7442 3882
8052 7425
8657 8711
2696 1187
4189 2003
8903 1932
645 983
7523 2637
9963 417
8254 4215
7716 8734
762 1716
1557 7473
999 5650
6402 4448
7618 7022
5424 8837
6069 7448
5975 7371
9709 349
3691 3686
6529 7556
5247 9652
4580 8016
9883 1362
340 9554
9568 3563
7915 8672
4627 8847
6590 5153
2659 3559
705 8816
74 4736
5175 3507
3172 4335
3474 407
4322 8923
2853 427
7586 529
36 385
2522 6434
7678 5727
5531 4291
7319 5689
3315 7114
4762 1465
6954 3455
8668 2286
5596 1322
1706 7719
2312 3315
864 3154
5718 8306
2685 1471
7778 2872
6362 3689
4067 479
8915 868
4231 9067
214 8770
8447 7033
1296 1759
2725 6019
8227 340
4958 4990
3796 985
6518 5220
7610 7926
2079 1520
1638 2188
7295 1754
6631 8463
1732 13
9252 8697
1553 7437
6809 7028
3818 6021
2109 1397
5470 2495
6853 7930
3310 7400
1877 1191
205 7406
108 6471
8752 6725
8618 7097
4491 6868
5033 1653
4765 7745
3854 5734
9944 5094
7008 9000
9327 5500
3137 7645
4782 3044
5617 2825
5203 7527
7279 6224
8821 9551
9334 8050
7904 3623
9381 6127
1449 6358
6321 558
3680 2640
4083 7872
494 1636
4343 279
5783 1013
7208 1257
5754 1600
9993 6226
3646 2308
3664 950
5030 7990
8050 2474
5518 9684
6858 1234
1499 5922
9972 5646
3768 3771
8276 4772
1502 6448
2060 9498
284 7118
3035 8971
8338 1427
5258 6695
6515 878
3163 438
9433 8768
951 5757
1374 8553
3531 4310
3278 4492
9297 3356
6676 4091
5272 7129
8642 1004
8558 8172
7257 4077
4660 7983
2376 4830
4270 1542
6954 7599
6352 2364
1546 8795
8041 4756
3956 338
6670 4687
8189 4939
2138 9875
3294 2295
6404 8656
3871 4946
8561 7914
397 9897
2823 9564
5499 1708
6892 2766
9178 9654
664 9118
5115 5709
4339 8622
2530 6188
2292 7178
7812 3371
3658 1673
3068 5532
8540 1576
2141 9182
7618 6445
6594 3653
4358 116
4197 1709
7248 4134
4281 7662
6969 5589
2984 2115
4971 6569
6572 8455
5425 1882
6754 9712
2917 1091
7810 6074
1183 7560
1710 4056
6088 2353
9067 4868
5370 4269
7443 478
5360 117
377 5808
7203 4257
5449 8627
714 7942
6816 6874
5119 8761
7531 8482
4885 1885
3701 8940
4092 1949
2930 7474
7139 762
8117 8779
3849 3220
5737 9940
4689 8859
2892 2090
4197 5937
2078 4702
8866 8795
1945 6339
254 3097
5974 4069
5067 1768
7983 6946
5782 5103
6675 1748
4294 1618
1691 9482
1790 535
1636 4799
7578 3644
9309 1303
2776 9454
8298 3856
5135 8517
4103 4616
9176 135
1623 2207
7516 7780
1204 2220
7249 8026
1723 5271
6311 8224
5540 3189
9857 74
9678 1575
7388 4617
4447 7987
9338 4136
230 8621
33 3151
472 8813
9751 2622
2730 9277
733 6593
4284 1588
9913 6375
5338 9108
4841 540
2533 9258
4016 7612
6895 4126
5275 2077
6816 5227
9095 7417
2122 8597
234 2763
3900 9014
6306 5247
6878 2924
6784 717
220 9084
134 5982
9497 8909
422 1969
8613 9040
8380 222
114 4054
1 8
5443 3197
7473 8816
2520 8949
6510 8584
7849 2626
2533 838
3124 166
7444 1156
1007 8887
1025 6949
9357 2787
2725 3360
9672 7658
6201 6416
2742 1849
6002 4410
1133 5709
1111 9478
9197 975
7297 43
2079 7444
2197 2731
9738 5051
2535 9153
6700 3550
5442 8814
3895 5020
9565 2745
6398 3281
9166 9546
8858 7985
4413 5306
5754 9978
1450 869
9985 2307
3764 3929
5890 5952
8593 8261
5709 7464
2434 8446
3622 4302
6554 3532
8449 9978
1597 7122
1338 9829
439 5737
5263 9095
8000 5992
3408 304
2451 9618
6708 1414
4455 9588
9855 936
9990 4877
1057 7023
7668 9279
5370 2570
691 3066
7606 9762
8324 1571
4503 5379
4314 8871
1326 1164
9215 1983
7754 2650
8411 4581
5525 8456
4930 8783
7925 4432
9616 4219
704 723
9443 2856
6896 3013
9055 8467
6519 5679
8849 363
8082 3038
351 915
9134 369
5825 7485
339 1317
9337 8155
4674 3446
5273 7314
5268 2407
2112 5410
5634 6122
6909 8196
402 8966
4400 6953
9827 218
24 1703
5562 9210
1823 2093
3459 6229
2497 4477
3068 4808
4677 7922
610 77
2219 5652
1903 9375
652 6442
7348 2278
5051 4413
6963 830
5891 7751
7940 2611
4707 8728
7852 7937
4733 7506
6330 3979
891 8707
3484 5461
7201 2164
8792 9884
486 1549
931 606
6842 4094
4376 7540
5037 1319
8273 236
4328 2206
747 2523
2571 3191
253 5178
9236 7811
5641 7483
4083 3520
7090 9098
3068 8213
7868 6196
5640 7362
5897 5853
5686 2274
5438 8339
6777 9134
5305 6295
8858 5900
401 6983
6300 4381
8208 7815
8604 2750
6568 5078
8359 7750
1828 3673
737 841
881 2880
5627 5773
4280 6639
4343 5580
4085 3911
4682 7287
8352 5721
2233 9585
4351 8335
4689 4716
7457 100
4697 1938
5102 6093
578 5390
6319 3474
3209 7904
662 7003
9886 5487
1736 1076
8562 1712
9676 6454
1977 3242
8763 7224
5964 5706
5337 9239
4578 2680
2920 9419
8594 1691
3129 4033
2487 4732
1255 7541
7570 1428
1327 8517
96 1769
6184 7234
7550 4826
3174 6210
846 4326
8938 42
9718 8516
5437 9890
2544 7185
1628 4232
3660 6810
9396 4446
7706 4144
9904 3367
5010 7864
6397 8467
8737 9541
3478 8285
6848 1336
6406 1486
8626 7873
7527 6277
5032 5184
8578 914
8842 4800
3098 1332
6788 5212
2664 1104
7325 9247
595 454
5264 3174
1062 2199
6880 326
6071 5220
8030 4902
1018 2293
8709 4948
5506 6019
8811 7239
6938 9392
5260 6134
9262 1542
2795 6812
8452 1483
3722 570
8127 8494
3962 7390
3436 1790
8524 3962
5711 9528
5031 1788
2803 3866
4288 5371
9552 2826
3307 2891
6059 8460
915 2968
4735 5694
5231 8192
1271 1666
6279 2936
7623 4424
3403 5455
1683 4637
9781 2058
8427 6745
3296 2193
8124 897
2521 3368
1633 7614
4202 546
2126 8597
1217 729
6232 48
7940 6355
3808 4862
4486 3406
3402 4585
6802 34
2974 6150
3409 4025
6008 6523
4551 1210
6611 2937
9707 8967
8116 619
2803 5420
2470 1551
5899 1445
4408 3732
5751 1562
7780 2142
3244 6248
8313 5995
714 4313
5112 8782
5959 2777
6365 841
2322 4028
5470 4708
7711 2520
2761 4203
583 5236
5902 3886
745 6646
1260 1900
3698 279
70 4364
5990 8698
9902 2216
7755 5961
2706 3217
4391 844
8300 8058
586 6129
6863 9215
3695 3588
5480 5997
5861 6584
3930 8342
6073 9668
9091 1038
8615 2521
9119 4271
3439 9238
7189 4868
8682 6383
9501 9184
694 718
5657 5892
8001 3417
3317 8596
55 7551
2061 6653
6363 16
9471 4734
165 4981
4127 7471
6067 430
1681 7455
5155 255
5459 6757
6418 5686
5296 8452
9753 638
6517 5294
8764 6503
9679 8141
2181 2684
3309 2773
4743 2977
691 4130
3936 298
1004 6543
3918 1050
9407 1721
610 7039
9236 7690
1651 4035
6256 3968
5569 9695
1287 1490
4936 2409
810 2523
8972 6520
1783 2189
2367 3544
2585 9074
6737 1977
4417 33
2157 4712
5405 4882
2235 2387
4281 9743
2560 2799
4707 3930
367 2436
3792 2155
914 248
447 1582
3125 2121
7334 8625
9890 2807
8923 2640
4338 3864
5455 1006
9602 8001
9293 1571
3823 5500
3773 2651
9899 5288
6237 1910
7942 6732
3012 9641
4599 8511
4503 6684
7999 6158
4684 918
8805 9767
7444 7510
9504 5946
3532 6160
1133 4507
57 9042
3101 5
7618 652
9789 881
6425 4031
3891 6173
898 2112
7949 3076
1999 5479
6932 7699
2685 6905
1129 8027
3241 7035
3065 9629
2386 4776
5264 9802
8933 9375
7712 7381
7453 3203
8912 2987
4928 3183
8233 2560
1050 4578
7081 2723
9733 2622
2716 3049
2632 8685
3656 3225
8554 1356
3226 8194
5332 2894
2677 3564
5536 9854
458 6305
2369 7952
450 9518
4773 695
1572 4554
4904 1220
2815 5104
5545 2629
3040 9671
2537 4123
6057 6355
7255 431
8560 9295
3613 9426
3715 5710
567 4581
6800 2561
3100 3222
7522 4561
1851 5774
3224 5604
9058 3839
3396 8558
7321 8331
9544 5984
1306 9985
355 5577
3970 529
9492 4391
5576 9198
7901 5922
9346 5662
970 8336
3034 5659
7816 2116
3687 2981
3131 230
94 7898
74 9168
6904 1148
9135 7140
9880 4973
8241 4883
6453 7478
4672 7642
5736 2756
1606 4406
8974 4090
6009 6240
5949 678
9110 6243
9362 2235
2284 7506
12 2830
5455 2133
6046 4329
1693 1812
1018 6029
5818 6726
2916 4969
1175 2341
6928 6688
7303 6896
8314 429
9333 4347
809 5130
9314 6592
4952 7928
581 4070
3284 6952
4369 2794
4736 5324
3254 2554
385 7048
5246 4435
3686 2298
6685 1101
4833 3616
4889 962
3404 7840
1167 5657
2448 4367
3115 1963
705 9973
1065 5492
6739 8741
4055 495
5983 3945
1279 3053
2680 5955
2678 6584
4517 9609
7279 4616
7177 8996
7595 1012
7125 7182
6248 4760
4618 2676
8295 6777
3814 607
7647 491
7540 8589
1300 652
1134 601
1789 2216
4823 4752
8581 152
6094 6419
9929 4872
2111 1717
1843 8344
7904 5037
9608 324
419 4579
4198 9572
1140 896
1012 7198
2778 3152
1170 4808
9340 2835
505 4641
9314 9846
3408 267
6788 4738
928 4341
1403 2132
1203 967
7511 658
4498 3391
1230 479
5702 6070
153 3556
1445 5971
8556 8415
7467 9006
5186 638
6342 6804
253 7056
7289 5861
1897 4380
1901 4340
8559 3735
5662 1180
5442 6606
345 9287
5754 1974
4356 2156
7502 7769
848 2558
1066 5616
3774 8846
6362 1882
1716 5488
2002 1925
1299 7118
2854 7715
1577 4196
3405 6059
3159 4314
1833 586
6438 1721
6912 5335
171 4174
8175 3061
5204 5698
3530 1991
591 8140
3278 8180
1219 3063
2386 113
7188 2377
5275 522
8942 5017
5258 2897
4926 328
8992 8480
7160 565
9990 7021
9716 2103
5204 3773
3847 6677
639 1625
245 9541
9423 3893
1219 9680
1612 4406
966 422
9750 8276
1873 2700
7401 1813
9622 2224
3027 8460
8533 7332
5012 1260
5496 9686
4209 2458
5832 4337
3142 4881
5420 721
2436 6639
6986 4270
2847 7852
3979 8726
7103 9753
6451 7166
4563 8990
1025 1361
615 5477
1149 2803
9266 2223
7674 2432
4442 3097
316 6981
8073 7713
8155 8465
3827 6315
7464 7517
8317 1092
190 8081
50 8367
2208 4120
882 8247
9989 3656
5874 1364
3588 3130
1591 5824
7445 9443
2924 898
9207 2954
4079 7083
6314 1375
6347 2687
265 1350
7311 2475
9661 5332
1920 2301
6249 6573
950 9212
6857 9609
6935 1809
1433 327
9088 4438
27 3922
442 9306
2958 7824
6408 7921
3545 6751
339 8662
6840 3745
3388 3581
9556 9758
5677 722
6409 6407
6626 8082
7016 141
5577 5804
325 8621
435 605
5567 798
9969 874
8985 3574
706 6818
3061 5910
786 9676
8275 585
5759 6075
7063 4834
5106 1276
9586 9403
4718 1107
2078 4281
3461 6845
1079 6430
790 6092
211 2951
9769 9575
9995 694
7213 6537
1511 9524
1928 8270
1796 5088
8792 3449
6768 8083
8551 4318
9993 236
3884 2195
1535 7372
7250 4573
9233 1534
1949 7836
7135 7191
5454 6085
382 666
4573 3085
8089 5555
3262 1724
5447 7304
5807 2168
2906 5280
860 8821
4060 9158
6450 587
3242 9556
965 3489
6956 8122
4770 9097
7035 7244
5900 6483
7733 6017
3333 5325
1229 5169
4069 4239
8091 4661
3309 9806
2239 8135
18 8489
1715 2799
930 7508
8941 734
423 3400
8071 8844
1459 35
1896 51
4081 2348
91 8238
2495 3922
4213 1587
6636 158
9786 403
9451 7603
5694 8013
8524 8762
5793 1865
6563 6531
1383 9217
303 8171
6493 4272
5119 4356
9818 787
4599 3660
9667 4734
6532 1228
7114 2316
2051 2768
7639 7274
2167 7071
1715 306
5579 4401
617 2776
6252 317
2951 8573
4953 6755
5828 5425
9581 2329
1492 8691
9630 5195
6277 8863
8310 6566
4099 9440
3559 3146
9585 7370
4497 5772
3117 9937
1039 8721
699 2888
3823 8866
4818 9118
7224 6728
1381 4977
4976 4179
3668 3680
7229 3799
6189 607
1015 8391
5396 7183
5562 3650
7666 9878
5013 7255
6429 3541
1716 8662
3569 4177
2945 9379
263 214
2597 4678
9727 2719
7983 8802
5602 2574
3321 4840
6546 1285
5200 1137
2616 1825
6988 8060
6607 75
8570 9971
6700 725
1453 324
6195 7000
5200 8285
7304 8226
2623 5087
2121 6055
6907 5907
9050 2143
9448 3581
9123 5401
4105 681
4925 4827
5518 292
3811 9409
9020 6544
3173 8635
3253 4158
6177 6391
9875 372
8572 1963
4219 4821
9948 8701
6412 714
2252 9913
6627 5419
3689 3004
9108 3653
1258 5646
3300 364
7855 273
7640 9846
1711 696
4776 8633
8130 8461
6961 375
1241 5881
1018 8448
3702 3912
4541 5223
1155 2939
9932 8648
2441 9878
4121 5687
4479 1425
8323 3420
3266 8130
9177 8535
1771 4986
8052 5040
2371 5736
388 7502
5055 3644
8624 2178
751 3277
9746 5826
976 910
7263 8330
7010 7328
7315 5455
5474 10
567 5257
3115 5222
7933 6288
978 3604
6431 7412
3424 3560
6375 1114
4410 2962
4149 7730
4602 1386
5838 1527
7120 3669
2455 5178
7156 6812
1055 4510
8329 2561
4333 3967
6826 4944
8941 5604
1232 7269
8643 2654
7367 5926
8118 7768
3326 986
6338 1120
4267 6407
484 1312
8071 4177
1409 9757
6191 5023
421 987
1007 9637
2541 5365
6756 8369
3314 5408
9839 6990
2072 7310
8525 4087
9124 7764
7825 7841
6266 5382
4272 3
2197 3677
4877 7719
1990 4639
5646 1876
3167 7401
4466 107
2093 8712
2677 6851
5834 7071
5601 2963
9341 3650
6168 7843
5931 6366
2929 7443
6060 4126
5588 4235
228 3840
4997 9571
8359 9379
4044 9914
7356 5919
5866 5395
3881 6543
4889 2778
2969 805
9477 4293
7177 551
5435 4212
4260 8109
6517 5867
8263 3292
10000 184
1116 9212
7676 6310
9940 2694
7312 1023
4466 3933
8380 8851
5426 2405
8511 7385
1029 5787
8483 3824
4447 4367
3682 404
2154 9552
7638 3934
8997 5209
5092 4429
2896 4593
995 2554
4253 8776
122 4941
6952 8447
8605 6312
9142 767
8836 7396
6563 3267
4177 2853
7990 2713
5036 7196
7625 1698
1826 5751
7298 9010
7473 3171
7872 8799
1394 5594
6663 2009
6614 2570
1065 8009
3468 6195
7762 1406
3843 8644
8115 3236
1034 4781
329 3531
1235 9326
1923 6518
6966 6806
1971 6951
2779 5091
6507 8939
8565 9457
7072 7857
6444 2823
1246 8229
2272 2952
5113 7610
9331 2972
2064 4222
8095 6633
9045 6941
7209 695
7469 1680
6430 7261
1508 4386
8501 9352
5887 7541
9990 2310
5472 7473
8795 6072
2827 3151
5169 2480
9792 8238
904 425
3099 4790
1150 3649
7234 3919
4115 5589
4414 2107
4686 7837
1571 1073
5667 5156
8486 3043
2962 1085
9132 1856
9270 5460
1381 7285
1509 9891
32 7389
427 7124
7475 7736
7004 9925
3235 1917
3433 1593
6410 4879
5124 3995
9070 3219
3165 6558
4850 2644
5715 5283
133 3653
5911 4012
3983 2865
1451 542
1643 2630
5527 4914
6611 7392
5366 9761
1131 4788
9492 9647
9918 5869
9353 7357
7721 693
3809 1562
7866 31
5905 7023
8731 2064
6058 9042
3215 3058
674 1098
4355 3546
5403 5024
6077 6363
3162 6489
7715 8361
8448 3776
7159 8202
7104 3855
6871 4921
5111 5070
9496 8320
1919 498
6616 3179
2168 6759
7348 3161
9250 2288
445 6177
378 4502
2304 9512
4826 2406
9992 2297
1252 1468
2866 4364
7322 4304
3482 5591
822 7060
9865 7919
8872 2777
980 9435
9487 3393
8236 7867
2202 1945
1547 2268
304 3532
8383 2475
9701 8279
3146 9626
9762 671
1718 6048
43 6022
5725 4884
8030 6977
1289 7121
9156 998
6362 8403
565 3891
625 5085
505 101
5354 4426
6882 8533
278 1299
3287 1942
4493 3461
3937 6821
16 5861
8088 4293
3212 3044
1678 1765
1962 5637
4360 9410
5446 2131
9469 1344
7766 9753
1766 9771
6209 774
9868 1089
3850 6215
4798 1078
8030 6821
5194 9323
2111 297
6040 9404
4959 8881
3343 6520
411 9340
448 1222
6891 8518
223 1760
1346 5576
3551 6822
296 6308
4784 3445
9970 4906
5963 3205
4371 9958
8076 3401
2067 964
49 9559
6784 547
1910 6089
3219 5485
3301 475
5879 3612
2934 5635
7079 2831
5051 9185
8959 9202
8840 286
4923 9764
8118 708
4338 6747
4527 9034
5415 5288
5838 1594
6628 9342
3446 2671
4634 518
5456 7381
4739 1635
1320 9270
3357 6056
3261 9287
1609 25
3842 8407
9489 1206
6496 6560
8153 7219
436 5903
2543 1188
8313 5444
8263 6206
8695 702
4279 3099
9931 4267
2366 9666
230 536
8435 8702
9617 2342
5351 8845
5316 7931
8421 3276
9974 8919
739 3142
7836 389
3512 7409
7725 3378
1353 2514
848 6033
9041 9093
6710 9288
5012 8510
5813 3363
1009 7487
4129 8528
7517 9032
1273 3095
4200 368
9708 5720
1927 4486
234 5234
939 1178
9070 1655
3978 6329
1229 8099
549 39
610 4525
8433 5863
4988 1789
2215 3151
4110 8296
1697 138
9547 4660
5331 2711
5216 5355
4080 9375
6311 2394
5296 5917
7068 1284
4450 4407
1657 2546
9241 8882
7299 1004
1027 960
3126 2117
1986 5462
2387 9648
4191 1768
8131 7067
1796 1814
1577 5045
8440 3837
2582 4105
620 9813
6656 5617
2221 6740
1252 2159
2023 6358
6766 9234
4892 8459
1443 989
31 1262
1054 2699
3393 3593
376 2009
6878 7451
9498 6252
5526 6041
6393 7614
4027 3060
3628 8985
3149 6361
8273 5037
1630 4808
3947 5035
4613 6441
2784 2871
8279 371
7974 4323
9876 914
5142 3273
8396 9362
224 5616
6017 122
4430 2652
8597 1126
7144 8904
3792 6509
2497 5429
7301 8059
2935 1406
431 8224
8036 3032
7650 4698
2004 826
6107 9552
1304 5732
7546 9381
8339 1378
6114 5564
5508 1493
9041 5112
9715 5854
6031 2744
6950 4195
4044 5201
2303 2257
1574 7929
3249 2101
9039 5006
2320 4334
8594 7857
2812 9282
8762 979
2656 369
2539 1247
7520 2824
6291 5151
1743 3998
4305 2386
537 5118
5499 8039
8450 1823
4002 1749
4768 5946
6222 2248
6110 3722
993 3583
991 2270
4598 1071
3599 257
250 1894
1854 3456
1080 4616
6952 4954
5037 3030
1371 4621
4069 7619
7834 8228
456 6084
5503 2263
2182 7839
7771 386
2079 7003
870 5010
9231 7642
6546 7751
9564 8490
7371 3012
5760 6601
9694 7145
5009 1276
1043 3469
5697 253
7338 7119
4751 6232
7401 2751
7328 6601
3113 3568
9253 6732
8291 431
657 7257
1855 1737
4632 8178
5148 782
5836 3015
2100 746
1559 1083
2360 7924
135 4620
2333 2107
6052 9338
3661 3858
2266 3445
9043 1405
4990 3806
3477 1831
6657 1219
7068 6654
7728 5037
5037 6772
9540 7972
650 7992
1876 1836
9890 8636
9504 5415
1114 1802
1929 6064
8096 8932
7433 2104
3931 9551
984 3232
8106 1925
5276 6045
8451 6565
172 2979
6592 4939
2134 3445
6607 2913
4954 5553
8348 8811
4680 6166
9516 3384
7307 1134
4607 7565
9035 8141
5676 423
8506 378
5849 7529
1073 1106
8155 8661
4230 5027
4573 805
991 2559
7985 4268
8339 9870
4186 2786
4525 5028
3786 7235
9953 3357
6653 6386
7009 855
4696 5072
8827 6509
7513 1913
1959 8824
8586 1246
6671 1112
8620 2766
8025 7218
3609 4848
7298 7597
4723 9636
6843 7179
8485 4779
6143 2055
7583 3852
3971 1677
8463 8520
1714 5205
6806 8119
5360 4668
1981 3500
5491 4544
5766 5629
7180 9785
7484 490
7542 9849
1000 7802
7242 906
5059 6116
5528 3449
440 323
1168 7946
3209 1702
4296 1710
2480 7713
2820 5759
9630 2874
1777 3006
9416 9081
5856 6258
7337 2084
4233 857
6009 5997
5603 2664
5350 1714
8161 7687
4731 8713
5820 7063
5255 2557
6612 5047
2551 4419
3540 7173
5044 2531
8279 2216
2522 388
3029 2084
841 4509
1194 58
6855 4794
9353 6649
688 7498
2654 6161
5579 2563
1011 1751
4565 8414
7559 6872
772 6738
7396 3800
7195 2790
6127 550
901 9398
3910 2635
1921 9388
5612 6386
3197 2939
971 6136
18 6922
5692 683
6504 9312
6362 1860
5502 8864
8518 4153
4466 5755
2075 3563
6504 4097
9509 4332
1183 1696
447 545
2796 544
8811 9335
6149 8056
6618 559
4874 959
6749 2356
4014 3056
1583 5941
1964 7640
5162 2042
9869 6166
7746 9671
2930 9447
6681 450
5527 8570
7052 5795
3840 1321
4434 3471
4432 2919
2941 538
8115 765
4699 3556
1289 742
7462 7495
2759 2720
2350 9198
7648 4159
9789 5448
8302 9281
3154 6558
7974 4802
2694 8860
6513 541
1345 7966
6421 7720
8681 7377
3497 8236
8454 940
1935 1702
1045 3386
543 5736
2821 9512
2465 3406
8678 3646
5966 2694
2424 3447
7627 8091
5496 725
4420 4695
8590 492
6514 3968
3066 4325
4566 9016
9986 6540
8993 4102
6714 568
4567 1797
2775 6851
1718 6489
6004 5323
5096 2127
7653 9594
4058 3218
9634 9353
7682 913
2168 1979
4880 6241
1269 6317
571 5110
7760 6227
1194 827
2439 10006
7001 6009
4318 4813
1353 9618
730 4345
3251 8017
7618 543
2736 6791
7511 539
5410 174
3369 5266
6776 2759
3894 7391
3062 4493
6505 4400
5333 6509
158 4819
8804 5854
1416 1394
9588 9719
514 6629
5247 6438
3856 2883
3050 6624
7950 9916
1168 1891
1261 8051
8335 5518
1869 2945
5696 9876
2808 7441
2926 9531
1265 6643
9779 4771
2288 2390
2143 9944
2328 5705
4043 8951
4215 1159
9044 7260
5413 7839
6395 1420
8028 6640
6134 7940
2651 2620
4233 5965
8533 8528
3860 7144
7093 231
8187 9590
9169 3544
3849 4631
781 8418
3294 3187
7732 8377
3575 6429
1842 5762
9443 2991
6375 6794
8560 6649
6268 8482
387 8882
363 7887
9648 6050
6834 5504
3909 834
414 811
3055 2345
7939 5974
222 3305
6704 259
4603 7707
94 2546
9181 585
3848 3640
7416 1426
4340 2327
1827 3538
7738 4730
7366 2893
8173 9319
3731 9483
2875 2358
6679 8247
4561 9349
5370 4261
2586 8172
6826 2064
4037 4040
6476 9407
8369 3511
2316 5069
488 7723
2849 8439
1401 5663
8231 1718
6824 1234
8212 418
9659 8294
505 9828
8754 9197
1023 4306
319 3406
3787 6456
2900 7170
2402 4403
4951 5396
2082 3043
7929 5889
9868 4244
2230 6385
8005 3811
2194 7936
2941 3038
2420 1670
5168 5707
3902 2393
5245 823
1579 6429
9478 3074
3046 9285
7252 4156
5923 1583
1399 6466
5542 1123
6916 70
8957 6537
2843 4853
9714 5325
1741 3683
3266 9521
6968 6982
77 5588
7607 5304
2441 9421
6654 6474
4995 7847
1077 1532
8390 1405
3477 2206
63 7430
2541 3168
9394 1945
9552 1430
8804 4311
6548 5401
5980 889
6731 3561
7089 9508
8333 5575
1038 6197
7506 6890
5910 5820
9511 1233
9781 6212
6758 9590
7256 6652
1007 3012
2260 3233
6198 4502
5020 9374
9394 5693
1707 4741
3842 7378
75 4407
3230 4128
2541 4863
9947 1698
6851 2545
7043 3237
1961 8151
7667 7691
4450 4480
2424 2968
2378 1619
3047 4941
2150 1765
9673 7858
3143 8409
1518 9443
463 3811
4217 7271
3343 1704
7434 5353
1654 513
2895 9682
5986 8855
3874 9168
5357 242
8293 3372
3853 2758
7766 1657
400 4890
5146 3396
5286 1435
3565 5208
6988 3306
4830 3690
1073 7201
1276 9920
1057 6238
3773 3205
5706 4280
7312 1395
5874 4268
3460 3984
8289 2726
5303 4960
1766 7943
6721 8922
9363 2306
2411 535
6522 8838
2179 9333
9698 4174
5587 9029
681 2847
8393 4975
5679 7551
1942 9121
6843 9387
1639 9244
8426 1398
7000 2884
6049 4807
9780 9914
3203 1750
4956 5280
4077 6853
5550 1636
3282 3556
8476 7105
1819 3655
6788 7635
4765 6325
1340 7063
1647 7035
178 5222
4468 3949
3712 7417
326 7932
3882 6268
7695 1282
2082 8162
4255 7928
67 6843
9921 6142
3922 1280
2853 1770
7429 8662
9746 4958
7 6355
7391 2301
9734 6983
7313 2308
863 4471
1460 9087
7046 2781
3202 1068
1733 6178
7272 9044
7410 5137
9146 6310
4225 8052
4236 234
1918 9954
2357 5958
5645 4043
1978 7423
5487 5345
20 4268
6408 1685
7119 1839
4833 3834
8872 4455
801 3715
9880 7636
2060 6204
7812 5510
4610 5664
7210 6852
9650 941
9534 4822
1459 4228
2123 5830
1013 5778
6428 3222
6696 922
3573 8347
5409 5278
2630 8309
8567 3049
3111 1899
3443 2435
7005 7966
8385 3542
5058 3321
5881 8779
5977 9486
1771 9937
7590 7638
6706 4051
8393 5931
8386 6420
9431 2426
2323 5474
4420 3713
7992 6669
3214 6897
6640 2894
8235 8149
1589 1259
7561 1899
7164 6078
3477 5612
9781 5454
5687 3200
9921 4413
6051 781
6964 9309
8543 5520
8234 2105
9944 4320
8817 6767
3858 1002
9941 9401
7565 2466
8529 5465
5330 4534
1990 7319
9510 3349
4903 3594
1396 5116
9273 1945
4315 2604
1167 5837
4136 5080
544 9500
6577 7580
6380 2409
5101 2337
9016 5911
8104 4288
541 5067
371 6063
2604 7945
7623 324
3295 6033
4121 7568
7062 6232
3793 820
7419 7235
9345 9956
8004 5251
1261 8
9549 462
6476 5794
1614 4636
379 7990
2779 3744
4596 6687
1681 5941
685 4456
1939 1025
8177 818
8412 2506
9234 2483
2280 863
9627 2352
5206 1443
3451 465
72 2939
9587 5832
734 1049
1535 4979
7229 4207
7304 2892
9375 899
5693 6065
5276 2074
3943 7891
8258 3077
458 4137
8103 5652
7866 4800
5134 6173
8916 4640
4646 2235
6262 3800
3205 3453
4025 9144
8914 5039
6790 5614
1085 9351
689 3395
4768 9199
3275 870
9162 2259
4827 1462
3416 675
1926 6918
804 6646
4173 4309
9530 673
3299 5999
9273 3983
4763 1946
7952 7931
3186 3341
4665 3830
696 7437
1820 8963
2489 1637
8706 2615
1508 6274
277 7108
3086 9323
2703 3601
1099 8653
6164 7559
8537 1860
1392 447
8914 996
2528 3860
8875 9128
3949 6540
9457 7859
103 2301
5831 7369
9964 5185
3929 5861
6932 5073
4431 1046
1139 9925
3101 5713
4784 7396
3029 8575
6402 4080
9697 9267
6425 2664
5017 273
2570 3794
8229 4300
2358 944
3695 1153
7781 5653
1234 4282
5256 165
9949 728
9856 387
3134 5984
7853 2269
8540 6166
3958 5571
3860 9443
1469 403
6275 7878
3711 3608
3491 8515
3020 7286
6292 5243
3546 4842
8852 860
2917 4915
9446 6377
6410 8539
9419 2807
3858 9132
5935 8976
5654 5427
2989 446
1204 27
1834 5967
5081 4961
5050 9021
5080 8050
9743 2314
65 7317
4441 933
6004 1718
9001 7639
229 3093
2207 2787
1683 7407
7476 5378
896 2195
5643 4115
9782 8678
3951 9408
1220 427
3422 2883
103 4495
1734 856
3761 7976
2151 8327
1108 898
2461 9789
7437 2824
9756 5597
7341 5354
5853 1875
2552 7067
3517 7591
915 914
8092 9950
6986 3467
3406 379
2961 2595
5718 1696
7651 6343
7036 7159
8726 2856
1935 2691
8014 4681
6847 2628
1617 3407
3508 4963
5971 9456
5696 9204
2902 6022
6519 5742
6517 2616
1048 9504
2804 9797
5344 9802
539 9560
9287 4980
4866 1231
4892 8167
5972 3409
7193 7006
3211 7404
9104 2874
5716 6840
4786 8324
5799 8904
7020 5108
8155 7160
6844 9561
5868 5297
8138 7965
74 5269
1927 9188
6666 5986
857 6494
7602 9816
9521 6776
4589 5524
1092 1630
6129 9600
86 5129
2251 5430
6764 8243
7478 46
5086 2715
6960 4299
6192 10001
8185 5851
760 8937
772 4906
6512 6673
111 6386
3611 8311
3008 8267
6084 519
4846 1675
6841 2331
7614 5411
1 2667
453 2588
2958 5483
2864 1801
3022 3674
9193 205
2860 9517
4616 4350
6263 2203
8071 6194
3990 5312
1572 4812
8381 7603
4319 9669
7722 1501
5163 1599
2156 9788
5388 4519
6058 9181
9803 3939
8949 5131
3664 3720
5432 8196
4806 9347
9980 9879
1091 7099
9673 5693
3652 5705
9832 5567
2346 2187
9014 7758
5271 1298
2126 115
9361 724
1078 8982
1472 8136
4947 9424
7496 4087
1037 2008
1304 4705
9949 6935
3913 3440
6941 418
9250 8893
9997 1578
882 5153
48 4618
5280 9916
6382 1672
7411 4411
1010 459
5934 8041
6014 8517
3407 4289
4766 5860
9838 4466
2754 1459
270 4911
2670 274
8339 4824
1472 8417
3064 8935
6670 5252
4448 9344
591 7623
8966 7258
2852 5316
5390 571
6116 5093
1957 5482
1980 9933
789 9401
3360 7504
6057 7336
7633 37
7256 9491
6211 486
6586 1519
6943 9617
4516 1848
3462 5981
1648 2816
8880 4302
9120 3359
6224 9846
5131 5899
9634 5972
8817 2624
7937 7587
1010 6705
9553 2153
2236 6814
9815 1810
6138 6368
9230 4126
9799 469
7127 342
8581 2918
8149 6959
2039 319
177 2781
3692 5802
1261 2253
445 4241
5988 9607
6288 9561
1797 5478
7690 3367
4275 9846
4283 3190
9216 5671
6933 3284
3351 7810
5875 9292
8388 4401
9704 1394
3978 8858
7759 8663
8160 45
1852 9195
8452 1452
1433 1966
3777 3829
7754 9996
5338 2619
3416 3311
1537 4358
3853 2727
4514 1336
7245 205
7624 1611
2369 8023
8245 7949
9859 6820
3932 4026
8355 7952
671 8400
1124 3146
2821 2830
828 8315
2322 2967
888 5002
4620 8505
4813 3920
5212 1839
9892 8042
8437 9205
1608 6806
4185 9604
5788 7796
1826 564
4767 2314
5583 9687
280 244
3054 8376
4828 2689
2181 4506
1598 8169
717 2039
8834 3657
1568 3909
8101 8065
4519 3435
4218 573
3673 972
5594 7750
9404 2795
5442 1489
8160 3658
3654 4030
5693 8529
1888 3812
6693 8206
2676 2659
769 1339
5484 2556
7971 6856
9061 6030
4715 6620
2879 1333
1515 6314
7401 143
878 6834
2690 714
8424 2244
1733 2175
4389 162
7489 6185
7090 4661
5536 3492
6372 2497
9422 2096
1905 4018
5451 719
1646 1719
3930 4438
4200 9925
6177 8877
9503 5345
444 9665
2173 9232
1354 8629
4675 8336
9593 9724
4204 5833
4450 9568
4555 9729
7196 2307
5764 4830
7639 2404
903 4733
8020 4108
5024 2058
1766 7337
5911 6749
3784 9323
4213 9615
32 4308
6296 5335
1654 4645
4933 4237
5000 6892
5950 7947
5071 8468
1118 4791
5214 2623
5195 2206
8383 8370
8752 6454
4883 6209
5211 282
9180 10001
3758 408
4097 3904
1347 7794
9144 4813
2544 1253
3893 9765
1605 3667
7158 9984
8180 5575
4271 8634
3585 3517
7991 7945
7926 2171
7231 1999
5932 4119
2484 2675
4218 1894
2690 5200
25 3336
8636 3450
4507 1605
3049 4719
7780 2252
2957 3762
7460 2396
714 7284
4875 1128
9818 7914
5662 3548
7824 808
852 7039
3871 2642
3846 9761
9899 9127
9102 8021
7472 3437
3705 6109
2610 1589
11 8700
5595 8675
3100 7538
5992 5839
8947 2937
6801 3709
2607 1436
8642 9890
4607 6055
1640 999
9123 8575
5680 8314
9240 9477
8453 1530
8647 2007
1634 9858
4429 2972
9198 1968
8142 9180
3853 4675
2211 34
6746 4182
3109 3285
9638 5230
5561 3082
5058 3203
3074 4650
9238 7435
1619 9762
7288 2091
207 4431
828 9259
3535 3036
4769 2431
4539 3211
524 401
1328 7530
3686 1829
6164 3158
3630 2192
4807 3726
63 8451
8159 2797
5010 4170
7867 8237
3918 9386
466 7962
1947 2218
1370 2737
5994 8123
8843 9635
7073 9833
1280 817
2401 4970
1827 9321
8244 2936
7713 2668
4604 4766
5898 2892
612 7220
6290 9348
9551 1264
5828 2349
8855 3449
1397 1475
9265 7595
8078 8303
9442 5847
1749 6984
6647 5871
924 1747
8764 792
863 6102
4523 4863
342 2359
7648 7170
6388 969
1920 2072
3642 1595
6373 2255
5563 7723
6028 1510
402 551
317 3533
6324 6734
8806 5715
7725 5116
3919 9595
7779 3880
8990 4426
7390 1493
8959 4416
5999 8240
1222 6364
3718 778
2890 1756
2852 9704
1275 8782
2605 3146
6670 3174
7776 2198
5411 1855
1530 2284
9761 8541
513 3369
1417 864
2527 6237
2505 3809
7220 404
5947 608
6285 7445
4831 9126
2858 5742
2623 2498
9434 2617
5342 4610
6445 5516
4565 8099
6162 3647
1260 7087
9862 1512
4865 6072
5799 9752
878 3381
6306 5544
3692 5817
4623 2598
3343 7225
2609 4189
7160 6950
7404 6292
2060 2743
6707 7895
6388 1211
8078 4983
7213 9635
195 4547
5828 5495
2722 2340
4821 2797
709 5899
9788 6993
4272 2414
6001 4735
9901 7372
8723 862
6152 4454
3759 7902
1362 6524
656 3098
4753 8382
7960 3640
1133 1779
7016 761
2013 5702
6228 5624
3843 9276
9880 6071
3034 1507
1571 5210
4587 3008
4180 80
1531 5691
376 4279
3501 7624
997 8597
6814 8980
439 8704
8385 3948
5545 8640
6050 5772
8236 3677
6999 4274
5255 4308
9206 7346
6113 7356
9412 9260
7916 4259
2179 5726
4792 2655
9518 948
4969 3490
6302 8687
2746 7823
5352 6613
8440 4192
9588 8106
8651 5371
1012 7424
8561 7064
7885 2971
5201 3811
930 8382
1753 5465
8683 94
8902 6621
7194 8560
9755 4286
6114 1775
1762 9871
3645 2601
4644 6763
7903 1164
9220 9723
2529 7605
5509 2803
3545 7195
1729 333
139 2407
6032 6319
3122 5213
1209 9167
7961 5749
7413 911
6001 3341
2968 681
9220 4026
6165 1251
3626 330
1067 4727
5108 6675
4483 1776
7904 2584
9247 4735
1163 940
3463 7003
8079 5376
8694 233
6351 9311
3640 2519
8591 9690
4361 653
1161 1498
7473 1272
3107 555
4071 7939
459 7536
1661 8668
4334 6752
7519 9684
936 9043
7623 7801
3836 7796
3542 1730
6819 9358
2347 7331
5654 9988
2776 8034
5072 6780
776 1382
707 266
6549 9983
7251 7712
4786 845
27 9739
7569 902
1033 8416
3530 2168
6069 6525
6247 1169
8916 143
6192 1537
53 8629
5550 3993
7435 672
107 8186
1022 339
1643 102
2453 2302
2170 1913
2774 6485
9169 3575
686 5221
1570 586
1998 1256
8947 1117
6207 9279
3211 4401
9635 1834
86 6260
7590 7150
8490 7813
1062 650
1801 4614
4996 1301
1337 6973
3759 2941
9153 2455
2488 5945
1837 9297
6245 4216
2214 9668
5397 8305
6327 1992
7089 7309
2390 1779
1031 7942
324 2555
5354 4149
4939 9750
6398 5180
5355 591
2574 4513
2568 1371
8492 2326
5335 4316
8600 826
5429 7645
5658 5386
33 2796
4824 2321
4127 2267
6864 3527
4016 6141
2940 3722
1891 7585
5249 4711
8245 7253
8155 2048
3184 2518
40 2533
273 6564
1477 3381
2135 236
3852 1735
8586 6805
7367 6969
7574 4589
5034 8488
2740 2915
8361 8015
9088 179
8176 3200
1013 720
4904 7085
3775 513
9480 6336
6839 6413
7359 7160
2862 9301
6199 519
2567 9973
7114 5110
9994 9802
1149 681
4211 8074
2016 6800
4880 9755
5369 4212
5255 8227
4337 4992
6669 5639
7665 7567
1934 4017
7377 1823
5646 3237
4173 2742
7629 8225
9536 3472
2860 8539
7607 3523
2393 2844
7675 6187
6984 5250
4212 8754
4744 2099
8186 5000
9733 4746
7019 5003
5616 4508
961 3099
493 458
2545 1641
4920 3829
6304 6812
5348 9232
4816 5884
3298 9079
9063 2822
3524 2236
4077 5008
5455 4010
3578 5720
6351 6836
8433 2653
2171 8583
9809 6806
5978 7935
6039 4969
9909 2438
87 3623
8965 12
1853 3307
3814 7647
6500 1200
1278 5988
7487 7895
132 1627
5091 1461
1888 1295
5835 8657
1769 6234
2520 3472
1133 5795
3988 9987
4479 2629
8992 1202
1854 5869
8936 7581
6636 5536
640 9452
1052 6167
3310 9833
7349 5969
372 6048
7196 9921
2247 1979
6073 1055
631 9890
9121 1516
1018 499
9475 4339
4832 3621
248 582
2280 7528
7998 3692
2267 232
6146 5504
6505 9272
4737 2393
7315 6768
3092 9071
140 8621
2837 6270
3239 2703
6449 7296
6836 3709
1646 1438
5070 4039
1297 1007
7517 5566
3747 9777
8241 7795
1285 4528
1783 4361
3047 7076
4782 2196
9699 3617
504 6167
4216 6250
1836 4609
3257 8294
3306 8295
1037 6768
8147 4923
2202 8851
9750 5128
5090 838
5829 8722
4660 7776
4253 4033
9137 9568
4798 8005
5506 2189
8328 9658
7936 2654
5001 5468
9948 7508
9240 9108
9661 8900
2925 3067
4715 5569
5650 4835
433 4581
2481 2001
350 155
1848 4919
9692 6545
1941 1795
7754 7300
8631 5272
4584 6091
3421 9272
514 5676
7212 8953
6231 6297
2099 7064
9742 2896
3522 3882
9282 5545
3953 138
533 2095
5676 5755
3201 9746
5484 3004
6050 6559
3378 7446
7988 3575
1729 2879
5879 2591
5103 5934
8698 8020
524 2016
3619 1557
1917 1025
7290 5752
1998 8037
3894 3380
5978 9129
3214 6739
2328 4817
9227 2890
2038 5520
1418 5568
7025 9489
5064 5104
3610 9064
8118 8973
7793 1146
7498 1122
3785 5303
9971 3535
5711 8414
9577 1374
925 5732
4565 8824
2853 5420
7098 2606
7929 3489
6956 4598
3263 3312
2043 7053
1351 2527
4 9822
2314 9002
6893 8742
7793 9149
4805 2510
7736 7888
5416 1686
5153 3642
6505 7205
2241 773
9666 7203
5796 592
6289 6153
9713 1702
2105 8955
5141 6485
8487 5401
9264 4511
4773 1290
6888 4680
9370 3877
3367 1628
1373 1428
5241 6251
8879 5206
5115 467
2788 6338
2051 1629
8486 677
6442 161
4023 6699
4094 2782
3783 6052
2006 9009
5331 2814
2370 9744
1458 7005
5802 6537
1529 3265
1014 7213
3940 8447
7173 1287
4768 8375
4738 5265
4440 5045
3258 486
66 7606
4789 5521
7385 8007
7683 4768
1985 4809
6884 5675
1643 8216
3441 1591
6577 4006
3288 2868
6012 3633
3969 7104
3226 652
5448 7484
5787 7592
8285 6222
6617 914
7426 957
3062 5515
381 7480
6256 7008
6992 731
6334 9431
5852 316
8448 5916
2425 6989
1342 775
6896 8404
6714 6103
5672 3428
2228 6316
4173 8134
4443 1758
4255 1051
2960 4457
230 4260
3203 9320
7143 8527
4646 8435
3447 5216
9553 6354
821 117
88 1102
9047 2546
127 8416
8000 1732
6349 3551
8703 9035
1995 9707
3532 9531
2378 7812
1331 9280
1558 8290
9707 9433
3611 9160
1734 10001
8754 7830
9895 2107
1579 6772
5448 45
1595 8598
1213 7625
5932 7481
6898 131
1681 8380
525 8519
7063 7202
5234 2051
2067 6742
2150 5017
9783 1418
5469 2109
8493 3684
2754 8362
1759 6615
7152 5522
1318 7988
8016 3292
1273 3379
1368 7552
4746 9329
4031 1896
3921 5344
2255 8011
6992 2988
5647 5615
4048 8059
6932 6061
1026 1521
8498 2090
5251 7165
6945 5531
1807 6282
3515 9768
1798 7468
2778 7681
1567 5403
4127 8763
3184 6774
2821 8766
1524 3199
4708 1991
3839 5469
385 3078
3305 4641
6591 203
7757 5099
9712 6813
8275 7225
5338 7305
4941 4846
7011 5166
4991 4145
8829 2334
1883 8443
8003 3567
9138 2899
1733 2083
5406 5341
8358 8902
8022 7719
4580 656
5757 952
3571 1067
5578 1087
3408 5085
6214 6119
883 8937
6813 5296
6851 9219
7026 3591
8938 8035
4367 4804
7854 8061
1282 3744
5046 1422
2709 5562
3906 8498
4079 4320
1430 418
6946 6040
7516 2218
7300 6908
6266 6008
6911 2573
699 6898
8173 808
3872 9944
3820 3507
6159 7219
7979 7441
4194 5102
1556 549
9154 4128
3326 9592
7687 1999
1835 8516
3048 901
201 3570
4512 577
4023 5495
8375 3002
7821 1858
7957 3246
2216 869
3460 1307
177 7163
6511 6465
4612 7137
5893 1581
8218 4371
7781 8336
8327 8166
7652 8618
8997 8389
4990 5729
8202 8055
5825 7623
9519 7817
1398 1622
4789 9811
1419 7506
9857 4813
6828 1099
888 6154
9649 2899
3692 9357
5806 1580
340 8830
3346 2178
8081 8467
6517 6431
8524 6974
8881 9936
9361 8605
4943 2394
291 343
3752 3069
6313 5423
991 3741
815 5192
2291 4285
1537 1584
4466 2760
645 7258
6669 6127
1560 3653
3539 5527
2913 9222
4625 9834
6121 7806
7164 870
4075 9335
6842 1158
497 8847
4432 9294
2697 9677
7830 881
4932 5200
3376 8545
6950 8893
7279 6528
1145 2351
9303 7351
6737 8044
6173 2496
1861 3214
5494 4916
5258 6620
1119 4600
3714 1975
5644 3234
8391 3133
4984 9151
9444 9602
5943 4015
1088 2921
828 523
8517 5436
9454 698
5109 783
484 2874
4583 1704
7392 525
3522 6627
4122 3004
3992 8044
4068 3568
1272 3352
4898 2443
5101 1026
4790 7207
2031 8399
9378 7903
6448 2662
1227 7870
7685 9922
4823 2312
9990 2911
1615 575
1698 8111
2225 8123
4384 8880
2186 1326
5582 1424
7867 5523
325 8034
9297 6912
3866 1314
3685 2356
4487 990
4497 9614
6382 1316
6878 5227
1509 10000
6495 6426
2814 7888
1506 4528
5750 7934
845 6949
5185 8705
7103 8314
7142 2670
3510 7237
8381 6096
7350 7578
1582 7588
2015 2916
1079 9425
9679 9351
3195 9914
1416 8072
6221 7837
18 8020
186 24
2081 2806
7186 9461
6946 2635
4533 5015
5519 2999
7250 8287
4755 3211
2 175
3595 9936
8931 8143
8204 656
6883 4700
6941 5579
9242 5039
9779 1437
8856 6793
8894 4982
9848 8376
7972 4453
9867 3169
2924 127
3433 9525
2314 2734
6195 9059
6598 8212
7714 420
3392 7708
6014 6098
8047 8705
6030 4702
5369 7932
6333 5314
3513 70
9503 2349
4271 6858
4717 3361
296 8279
1829 3646
2113 2460
2840 5670
7545 6073
313 4239
1246 2264
2681 6907
6443 5013
3909 6119
50 9372
4608 5165
6060 7267
3808 1607
4694 9341
2469 6946
6913 2906
2384 4150
8050 7183
7021 40
3301 9101
2494 8230
974 7886
1152 998
803 2368
4180 5180
8612 8654
7022 4471
1855 7534
9627 3921
9795 9880
6376 7838
9881 4008
3668 3328
4027 8282
3207 3210
8635 7310
7039 9076
8395 3445
9040 6530
8553 9517
8673 2452
5661 8401
2012 7331
3448 9131
7106 8824
1680 6208
5712 2958
2328 4088
5450 609
8048 9883
3861 7864
8904 8037
3815 5897
2181 1868
9499 9890
8566 411
6176 8461
4189 9779
6618 500
3228 3418
4741 2892
9737 5749
943 8867
6466 7598
2523 2528
6691 7110
3033 8759
1445 927
7365 6622
7215 7486
7280 8820
6772 7261
3751 9860
7900 1233
8729 1108
9975 744
5880 9441
7174 4338
7049 8215
9408 9315
3731 3559
541 5924
3532 7962
4598 703
6955 2586
4200 2299
6356 1923
907 3857
3959 2481
4582 9112
7738 8161
3078 6383
5738 1781
8654 8791
4486 9924
1820 8791
6699 6447
1329 3465
2314 9508
4934 352
6558 3903
5970 7743
2990 4333
7654 6603
3341 9821
9024 5706
7796 2416
6501 8576
5289 566
185 7620
2292 9057
4900 3713
8326 5815
8597 136
443 9486
9647 8372
7025 7106
9314 2639
4387 5129
269 5354
1062 4380
471 5087
8245 7655
3662 5649
9951 7992
6140 4477
3698 4704
5269 3848
6254 4812
9263 6419
1644 1008
7985 8184
9403 9916
7285 7480
2334 2450
2633 2317
7034 5038
6208 1386
5305 3965
3883 560
172 2421
8140 183
2226 7541
5953 982
7803 6873
7707 7159
9225 3986
8807 635
5230 1774
4132 5872
3938 9079
6183 9738
161 1918
7125 8450
1153 2539
615 8159
5604 105
896 415
6596 1326
5702 5996
8680 5676
9313 3589
9592 2569
2354 4234
4197 5224
5832 7146
5550 2994
3476 2974
2084 1572
4976 8784
5065 4582
1375 3106
9369 9415
6122 1400
7328 6587
9241 9826
3262 3418
849 3908
9038 1297
5191 7110
9565 5360
9622 682
7891 218
5722 7133
9794 6052
1068 214
7068 3419
6738 1835
1044 2297
8502 7942
4773 673
8233 1853
1047 7429
3126 408
6157 9469
9849 3756
8690 2381
1135 4513
5145 2169
8933 7223
8511 9552
9872 9510
9259 6497
2212 8280
9442 3844
122 3066
9053 4701
925 5909
2368 1225
8233 5885
776 5250
6281 856
9170 3110
1751 9355
1573 2454
6692 875
4304 8951
5799 8656
9294 6899
5341 4317
9038 1114
8978 4454
4463 254
9736 3962
8907 7011
5787 5044
7522 1137
3060 8186
843 6108
4154 8362
7494 5015
8676 7733
606 5510
6540 6236
2510 3688
450 775
6088 6431
112 9576
5059 4460
6412 1771
5910 173
1596 2270
3624 5481
863 6833
6468 6144
6163 7091
906 5900
477 5717
342 8378
5911 6105
7501 7016
5404 7942
8812 9413
3486 7804
9387 4074
9563 1577
9861 5053
7988 4368
3699 7564
2490 9289
9726 683
3125 5335
2498 1355
9282 6351
300 9708
2044 441
2263 7465
6924 4457
8145 1168
5055 3069
4116 3734
2759 1322
1651 1217
9518 806
2143 7158
6825 2190
3843 7946
7374 3149
9048 1787
3592 4085
122 8803
3988 1602
4312 6062
2663 4095
8041 8750
215 3397
5058 6323
3554 3213
2961 8438
7258 4330
2514 5971
6830 5242
6610 9052
6434 6782
8708 559
5467 9074
668 515
813 5904
9113 9434
5730 3527
8921 1898
5368 7687
6103 871
1517 5145
4417 3619
8905 5457
7440 8855
1746 9173
809 7879
7440 4485
1747 4622
8692 8514
1876 5695
1871 4833
4442 7008
6658 1519
9776 9731
5589 4138
1811 7441
1528 583
62 6663
5955 6800
2319 6481
6405 7016
8788 9066
5932 4760
5140 5449
3850 6538
3602 8154
8132 6973
7104 5908
9904 5771
9823 747
2764 3746
4515 4614
2176 3818
9193 1676
7011 2966
3024 6246
7030 4414
8362 5075
1765 8627
6424 1585
5113 6307
2625 8990
8467 3829
6618 3571
5492 8807
980 6129
3386 3290
1421 5911
1345 3272
1266 3228
5661 7062
1863 1791
7280 79
2685 7949
8303 4744
7780 3075
4868 5026
7476 9465
3137 7301
2799 2879
3714 1807
7907 6231
1248 9997
6674 9136
2630 2788
5673 8557
8951 5589
8564 4479
3229 1969
3531 5147
8120 4988
248 8647
7331 5038
7324 4488
453 7400
3200 9996
7810 2482
9416 6880
1710 7981
5689 6674
5596 7198
7948 9663
9368 911
6306 2044
8304 3980
4738 4302
2447 5388
2037 1415
8291 616
9787 5182
4272 5469
5132 1277
9586 2066
4742 1712
6048 2120
8420 7078
3882 5100
8965 4115
100 1093
6979 1428
7397 786
6237 4128
9943 1922
4986 5013
5332 3480
4022 8066
5727 2937
329 1579
5889 6246
1567 4524
7134 1789
6220 4896
1255 5746
7767 3734
3077 7786
6971 8483
4426 119
1453 3304
4377 1175
8052 8304
1128 256
95 7979
1824 9402
6134 7896
1674 4901
5650 1666
5106 9550
5873 1617
4584 9543
5885 5356
8720 3104
8891 7969
3485 6286
8996 595
7652 2865
9745 6457
6986 1277
8479 813
8768 4215
3953 8528
8497 1124
6269 8862
5095 8675
2293 7675
2784 3202
381 9741
9899 516
7466 287
5108 6311
4514 4109
5577 53
3869 359
113 6188
43 4288
5860 2038
9998 780
8383 1371
8410 7855
3781 3458
865 468
2906 8077
6187 3919
2273 7488
3004 2726
3388 8131
3637 6992
5309 971
4289 3401
2395 6322
735 5439
9587 788
4266 7608
3831 5844
3455 5364
2308 2692
6854 5998
4263 9662
3376 859
5636 3428
9230 7672
3111 5001
6049 1582
3191 5681
9625 7117
4850 2377
6895 971
6224 1015
418 9996
9203 7511
2562 7653
4183 182
5149 1470
4234 3971
1876 6337
4768 1494
1129 9962
1459 3279
7115 6016
6880 5087
810 2563
5910 4728
2840 7013
668 691
6763 2084
8848 9424
3001 2741
3103 8531
4256 3337
5899 7578
9982 3075
8811 9780
5230 9391
4926 6018
9213 9261
2740 2550
5342 1046
7907 4567
7965 5277
2883 9773
4437 7295
7511 5823
6524 6001
5156 1674
2661 8437
8407 5458
7138 3308
8783 3083
7015 8036
6683 6938
5687 7440
955 3444
1316 54
1283 2747
2091 1170
4021 3679
8452 8078
5840 3445
4289 2926
1208 4937
4707 8378
3515 5502
4728 5433
7440 4728
9239 8299
8625 3786
6963 8526
3281 9207
2084 5932
2469 6090
4692 3525
589 3151
5597 4078
5565 2833
1050 5767
1035 8032
3207 4695
6223 6881
349 7087
8726 9405
9259 2485
4191 7705
1672 5865
7796 5258
6803 1727
282 8939
761 1259
638 3496
332 2660
2942 1681
2292 3435
9538 5542
5954 1747
2931 1582
6841 9770
8390 3678
2235 3130
2512 9102
5818 4250
1618 4289
2074 2692
6706 3780
2181 6758
2091 1865
4833 4327
5234 3325
7780 1744
5507 596
4370 5274
2043 6436
8004 8906
7219 8090
9019 8193
529 1286
2043 5783
9921 1646
3409 2927
6926 8794
4891 3051
3207 2866
6443 3116
5533 5822
4403 6792
666 3402
3150 6339
9219 3085
1419 576
5591 7282
1358 9300
7455 4053
2884 3281
8982 1642
5801 4806
5583 5547
2256 7440
9162 7689
7161 2649
6242 109
2985 3527
5403 7037
4657 359
9557 3813
239 8751
7104 8337
9946 1283
9826 6113
204 7893
9187 7154
8118 9323
6423 9331
9363 9941
9277 3561
8596 1774
9331 2021
9309 4758
9208 7539
4471 6370
1929 2840
3842 1368
9808 144
592 2327
4737 1492
5936 5519
1853 8101
5356 8515
6496 3568
7424 3453
5460 3349
3322 2717
7759 562
2140 8269
9718 9905
6584 6692
7119 8219
7091 8734
6046 8837
4401 3483
1141 1457
6312 2648
1099 973
6638 5809
1381 4993
4147 7564
3388 6596
5959 4755
3293 1281
299 5570
5795 7192
8115 1088
741 3358
902 2358
7553 5416
9393 6789
680 9130
8943 9474
5418 8979
6276 9992
7396 9960
3098 5436
8543 4906
3340 4192
2640 3086
1636 4289
9296 4531
5463 2738
1662 2766
5663 8982
7099 744
6952 2277
81 8392
1762 9037
730 4466
783 9409
9581 1892
5194 2034
4948 1702
4782 35
5870 977
9149 5713
234 1298
3968 4363
7852 4469
2647 9854
6579 3591
6794 4173
1183 2993
2815 6750
4968 7410
2223 5248
4374 3592
9420 2922
4676 5580
3472 9826
6519 215
4739 2073
4154 429
8797 1371
7431 4640
4530 2265
6020 3888
9359 6557
8650 5529
3044 7409
7087 8244
2899 314
9313 1604
8980 8994
1673 2711
2498 5025
6295 6387
2015 4255
2615 8797
642 9920
7999 27
2645 132
9962 7669
9617 251
9952 7133
4045 5865
1664 5213
1269 1226
7688 5597
3494 3863
1922 7207
900 2217
5740 3340
3920 8174
9807 7766
28 8707
6378 843
5053 3862
7663 7842
5663 9017
7550 2951
6026 3250
7655 1416
8067 2267
582 1882
5298 3776
3935 3722
407 122
3272 3054
5516 6272
9428 6812
4451 7292
4120 1101
3127 3865
1147 1645
5846 1499
9746 6793
8244 3716
9998 4763
8838 4934
2587 2311
6755 7084
3236 1424
6029 4959
3478 289
9716 481
3381 5099
9313 1926
4043 1247
5830 6242
5614 3212
6213 7080
8129 1442
3395 6569
5016 6861
3208 5386
1368 4940
5322 2766
3011 8439
2223 3483
2281 5327
3545 5060
8381 5260
3064 9759
7322 9309
3469 4189
9767 6658
5822 7179
7473 5166
9008 3931
3625 5678
2889 1955
9953 8130
3 6350
4821 107
7098 4726
1448 2354
3216 1251
5300 4603
671 2549
5050 4281
7541 8242
3349 137
7415 5473
239 1754
6552 3225
2323 8151
343 3106
4413 9358
1885 4141
1675 271
5673 2055
6233 9916
6503 3294
6774 4876
2739 7610
2504 1215
3072 6656
4285 5133
4668 3322
6350 7970
6852 8351
7882 7103
7845 5010
6388 7854
3047 6331
9763 8419
6691 3187
79 1459
3809 3378
3615 2173
7999 9191
9014 2210
1551 7409
20 2802
6833 7930
1977 9880
9285 6305
1156 4860
9879 4639
1541 8849
5765 1960
5050 7532
5812 6922
2019 6813
682 3422
8925 4640
9555 5346
2462 6527
480 6861
8445 3014
2584 8221
7511 9279
5135 6619
1174 5028
1387 177
9267 6232
6268 1146
6040 2781
3113 2590
5528 7403
8648 9816
754 8965
8269 5489
710 6940
9314 245
3134 899
3647 4680
7908 1167
1284 3015
808 2250
7681 3483
402 2277
3840 8654
5942 9393
5416 1596
2283 9709
2525 577
7614 2498
2412 3228
749 3354
3974 6090
9068 2460
3647 3676
9443 8863
5888 1108
1730 1966
3951 9545
8145 7694
3992 8865
7500 9857
2578 7193
9033 7665
6391 7170
8741 2563
4029 6415
126 9034
4802 2988
2134 9719
6279 6687
5391 1705
4991 4190
4264 8340
6174 5552
7529 4437
3244 388
6602 2544
381 6261
8649 1059
5070 9128
4895 9274
2022 9628
8287 7194
2314 826
2838 9670
8421 1297
1032 3416
166 78
8483 4452
3894 3580
9585 1961
4745 1380
9490 9007
1904 1237
7177 9682
6721 4083
3196 347
5532 22
7448 4581
9363 5567
866 4625
4635 3917
2799 7226
1587 9677
2722 9346
9150 98
2328 8522
4604 4321
1827 6707
1417 6190
9698 3492
6693 2931
4473 954
8514 8622
5415 1879
7010 3812
2175 3941
8290 1701
3209 8029
229 5246
7910 4822
1253 618
3980 7797
6733 2601
2871 6790
5483 9847
4387 2002
5347 2108
5901 8751
3447 8625
5734 1371
7072 3839
5159 8079
8471 1201
1944 6740
4635 4556
7107 6727
8200 4501
7846 1744
3115 2796
962 1647
965 2913
9895 1655
5545 8543
5586 1979
1613 9027
6024 8613
1331 1979
872 1537
4674 6292
748 2157
3135 6074
4096 5536
9701 6508
8346 2671
8360 9703
242 1596
4435 789
8813 1863
2304 3971
5515 7026
3733 1337
6540 8114
6268 6476
804 2341
7422 1558
6506 9192
9553 2951
7589 8662
9090 9110
4500 7677
8399 7535
1469 8934
1257 3257
8713 3761
5033 8170
7269 749
5704 1454
207 4187
7772 3811
28 9090
502 3028
8474 2697
1547 3532
1864 1289
4884 8376
2830 5097
1514 4930
3835 343
4490 4843
5065 6256
9292 7610
8725 9646
4861 2404
5369 9218
6762 3622
4921 9497
258 349
1499 9679
7399 6878
8618 9979
3705 4043
4535 5894
119 1003
4233 1704
5965 1463
1420 3246
718 3514
432 7263
6373 6393
1156 7811
69 6343
1742 6353
6586 9116
4385 6780
5093 8823
2220 508
9820 8556
8008 2073
8699 5072
8574 1161
8387 1731
8759 6378
9406 6443
9902 2289
3709 4601
4169 4196
914 5351
6061 7208
2330 5065
8167 7557
2804 1359
3645 9351
6717 3212
6615 2503
420 9551
1219 6688
125 4465
9572 4826
1795 7817
2582 3174
1119 469
1025 7191
916 6396
6939 8635
6159 3978
7175 2199
1637 8939
5948 9090
9437 3531
5666 8415
4100 836
4993 7888
646 6000
7481 1448
2604 6825
5205 6362
5677 6294
4560 1653
7019 5170
6473 6386
6875 7497
1559 5492
7511 1838
1363 1948
2300 639
8097 295
1714 8558
290 5532
8626 9286
3142 6017
9334 6927
8037 9662
3044 6706
2989 5924
5556 2249
5656 7544
6899 1281
5726 464
3894 3073
5689 9952
8410 4230
8774 773
8450 6846
1075 8258
7064 8463
3133 165
4144 3345
4592 2377
2639 9711
9879 8127
8851 6122
3554 2143
2030 55
1058 3940
3589 9551
8916 9261
3559 158
9259 225
4597 121
778 4052
8028 6888
5648 9080
5068 9294
261 1738
4982 695
5557 7089
5454 7
2426 5767
7375 8983
8003 611
9795 761
10006 5324
10004 923
2344 7553
9861 9235
114 4444
6405 3161
6471 9907
1115 9747
9427 1826
8460 3161
8548 6881
4370 8694
8861 3076
6233 2181
6694 9614
6794 1303
6767 3177
6371 7293
7783 1090
7462 7499
5215 3035
9794 6735
9348 4902
2948 6304
1627 5858
4458 8852
7572 8846
8917 1441
4339 1578
2266 4225
5373 2685
7286 7739
581 5925
626 8737
7742 5536
5538 671
5278 7045
2672 4351
4839 8754
1317 8905
8793 8731
6316 7241
8464 9695
6030 410
1662 3699
9405 1850
9454 3292
8611 7558
1020 7181
4561 1323
4896 2757
360 1659
3945 4530
8814 5074
3471 9046
2859 8943
1232 5090
273 4800
6397 2899
5112 7779
8732 7168
3212 5861
7210 3031
3534 6727
2664 7890
3724 3811
777 8218
9347 189
3964 5011
5219 4862
5078 6501
8193 4642
4080 2927
1030 689
9730 5274
4849 9852
6342 9210
6859 1667
7982 7545
3084 938
7738 9278
49 9387
1245 9358
8208 4570
6502 7306
6871 1117
7625 315
9777 9409
6099 1935
1519 650
3529 5753
6619 2671
5219 7905
6519 2179
1130 930
9750 552
2335 8630
424 5677
7433 9673
5627 6122
382 393
898 4208
4880 4493
1208 5643
6987 6263
3904 677
6134 7354
2563 8141
6111 7108
2536 3071
357 2684
1862 7390
5232 8859
9311 2931
9198 3476
9248 359
5250 3177
7529 480
1926 3717
7834 6430
474 7478
3027 79
3548 2502
4575 8511
9959 3167
2307 3727
7627 7891
5991 6889
8054 7797
4440 6159
6357 8935
5328 3351
3052 4544
1913 4810
8280 4636
2560 6858
9201 9902
8328 9017
578 7975
7231 5882
7803 4683
7164 5645
8678 5551
7193 8998
6091 6464
4904 6008
1438 9532
2941 4539
2254 7348
9304 3967
4348 6323
8818 2088
9167 5951
1495 6530
5667 2366
3008 8543
8037 3405
5346 1768
1417 9024
7651 7874
8689 6444
3941 4254
1114 4485
4664 9172
7839 7950
7231 4925
7290 6678
3225 9572
7304 1268
299 3167
1103 8584
8797 7190
2934 8148
7971 9315
6852 898
6715 8837
8283 8552
6259 7178
4633 2863
151 5416
499 5316
7712 8766
4851 6610
2875 2364
1142 6640
3429 4291
6668 5415
1518 8705
6631 5210
1857 5672
3813 1408
2174 1044
4802 1176
3825 8541
2054 8222
7935 769
8711 7048
8340 7000
5160 1771
4153 7155
6716 870
1680 8097
231 5734
9285 3882
6796 7588
607 1754
5485 6056
2703 3015
6352 5051
1276 2191
4309 6322
6129 5487
2527 9849
5920 7968
9196 7412
3206 5197
1880 6216
8897 3908
2287 94
2948 2607
7588 2038
1353 3512
1323 8200
823 981
2345 1348
4556 9843
8501 844
523 8743
4162 7256
5162 5454
5897 7318
7961 4041
4754 3549
2453 9182
2957 3751
9936 1119
3085 2088
1087 9008
3950 6814
6394 9506
4304 8480
4080 5871
9628 8405
163 8592
4449 6391
9838 8454
8147 3381
2265 9464
7425 5172
8364 4471
5488 6996
2322 7770
1754 3106
7639 874
2354 4251
4897 6429
9997 8606
4533 5697
9240 8877
477 9862
1005 6220
6542 461
9399 4865
7658 8593
3252 896
6827 2410
6975 4768
6644 5433
8226 8715
9277 9671
9067 8188
2908 4385
4390 4924
6371 3974
1346 2332
8683 4590
2291 703
9490 2831
7513 5009
9600 4026
9292 726
9649 8449
1509 1311
2347 2268
624 2977
1213 5591
1579 2269
8320 5800
1283 3445
6280 8350
4570 526
5320 4763
1773 6353
5439 2707
3768 8005
129 21
8806 7406
8162 7801
6092 1267
884 758
3370 2883
2596 7061
436 7796
3964 4702
7607 8348
4702 3930
2634 6983
7663 4204
8716 5073
6918 4460
3592 1272
1014 3422
2300 3577
3801 8926
5800 4220
3977 7317
7122 7883
3869 904
5825 8979
5618 8816
2852 1265
6928 4549
5592 9872
6875 8938
2434 2271
4448 3376
1527 2232
1310 2446
5829 5992
8216 8222
8515 3203
2760 3376
344 7819
8904 1958
4379 1820
2091 5405
7658 340
6760 7382
959 7492
8163 3055
4918 4156
5629 4923
7683 5340
9872 7178
1138 1690
3778 1806
6126 6803
8625 7971
3456 1919
680 2139
4891 2578
6344 4845
5199 9854
7033 3782
9370 4584
7003 8657
4698 6082
8414 3502
1631 206
9381 239
3152 5673
9090 5652
8249 7803
2216 6194
3120 3072
7759 5734
565 3069
8043 1163
9928 2534
6372 5009
3019 1810
110 2835
3856 9008
7191 2661
8459 8968
509 8006
4087 7123
6786 5040
9325 8088
686 6206
5127 9484
44 1917
9228 6631
4377 3615
3927 5661
6784 2352
3096 9522
5461 437
2821 1199
1267 1979
8336 7727
88 724
68 657
8808 2294
2930 2095
903 5881
3864 2151
2734 697
8877 9609
3851 9435
5888 6283
808 8670
9360 8657
497 4776
6958 6275
1162 7324
1910 255
1510 4686
7704 8791
2972 4319
7632 5775
9262 1633
1996 7981
3137 9302
721 6426
6861 5312
955 6601
8437 8698
8236 5982
7571 7039
635 2996
7617 3226
1985 6959
326 3910
5708 872
2519 5004
5575 256
6454 3265
2075 7587
997 5726
2532 4512
1443 7004
9969 4214
5144 7066
4912 6252
8796 6811
6208 7649
6498 4168
6746 1968
4556 2717
8275 4998
137 285
83 222
1798 3469
7268 4311
3136 7330
8366 4444
8014 1600
283 7778
3937 8318
2922 3121
2957 2413
5327 8884
3654 3657
7879 7005
2695 2315
3426 3856
4401 5399
728 1895
5609 4522
1944 7713
8091 6634
6047 7567
8832 6907
7162 1287
694 827
586 312
5759 9806
1414 2009
8679 6246
2666 4394
8186 9968
3912 3527
3377 4938
8327 9469
1397 4673
920 2104
6468 9648
6372 3692
1413 5244
5696 5751
8614 784
310 8248
7880 6071
8164 5546
7552 5383
1615 3474
1797 8339
3660 9037
2226 3156
8048 889
8807 4602
4500 4197
6360 8782
5238 271
1727 3245
8875 1436
4007 8300
6011 4888
1789 8998
5058 2900
3700 2636
6602 4585
5295 7432
753 1077
7700 7354
4090 3745
7982 623
1095 774
6918 5921
3156 6581
725 5669
4826 9257
7970 1359
3013 7750
9464 3817
1295 624
8750 2553
6359 2704
7873 7666
5138 6856
9796 9921
5 7116
362 4927
1898 8282
7106 6361
176 5889
6296 6602
1644 1392
9112 3062
9022 9457
2125 1425
286 7878
5132 8236
7058 4985
3595 5916
9210 3891
367 9588
8079 5272
3658 3248
6184 3248
1850 4291
9475 2206
8219 9696
6686 9485
1548 8455
6624 1968
7781 5240
6467 8937
7078 3571
4102 5197
4504 9691
6260 4584
2779 2827
470 6817
9303 9395
2510 5544
5622 8663
3943 893
178 3247
5730 8761
968 9041
7537 6034
6648 4025
4161 4749
1588 643
8306 8483
5702 3810
4756 9135
8952 3933
1400 9962
3055 7220
2681 7419
7250 8292
3436 4728
772 8138
9551 3079
2256 8224
1295 9125
1458 6327
7764 1410
8046 7405
1537 1954
111 3702
4662 713
2860 873
8052 3585
7156 1083
8161 5094
5233 7455
4288 1729
7762 1088
8225 4457
8659 95
295 1019
464 252
1479 3731
3913 967
2761 1925
4527 8972
9647 302
4183 132
1306 1535
4051 9351
2649 1785
5821 9152
1279 9507
2458 7637
8062 2413
4368 4729
4093 7345
6890 4735
5281 6184
1237 8483
5084 6985
9190 9395
1617 6117
8935 3213
3381 6508
5379 7261
5072 7986
730 9676
1709 4776
8444 7560
1945 9884
3034 9978
245 8371
3674 3651
8556 2152
6159 5695
6916 1988
9283 7703
8761 9514
6203 8904
1155 2222
6177 6606
6741 9508
1937 6309
9406 9283
2586 7497
7423 440
8231 6953
6174 5818
7471 4857
8832 6951
6082 9784
7372 7247
5239 9838
7602 8036
7106 7904
3506 8307
257 643
7576 5212
557 6742
8594 2181
3149 4067
7782 3851
3670 9273
3913 4572
7662 4629
1530 2879
7111 8172
9215 8194
6625 5536
7354 856
7320 4029
8924 6031
4285 6597
50 5889
2547 1333
7536 3443
2217 1093
4073 3570
50 5444
8421 7190
9183 9565
2744 8322
8607 247
2694 2563
9641 5678
5467 8191
6527 3572
904 8390
8563 8807
3528 8162
523 7187
9806 9538
1122 9851
167 6840
2088 3088
1362 5666
4621 3684
5023 4811
1291 9224
8062 5084
7441 51
8945 4674
8868 6505
7996 2033
1832 7207
2595 4803
9989 8658
5181 9597
6179 3926
4196 3311
6923 6123
771 4107
1710 6842
2315 6420
7458 2925
4359 178
8282 9943
6217 2687
9170 8069
931 1366
4041 2338
1656 6098
6524 6945
7354 1014
1033 1256
8370 7621
1946 7615
1822 119
4388 5466
9997 9377
9808 2601
739 7805
1287 8450
9966 9017
367 2456
2826 1291
3970 1715
9098 9546
6515 531
5132 573
3127 5120
6305 1786
1473 7761
3899 4840
1473 7905
4207 1442
4569 6680
5660 5968
4916 5369
1408 3004
4053 3383
5575 5967
9618 1229
6800 4943
1428 5718
6729 6655
3169 386
3218 6257
3274 3813
8398 6752
5042 8339
6548 5453
313 894
7315 4827
4292 3421
5335 2939
5195 24
1054 9285
1436 6771
5995 3785
6515 4255
7554 323
6437 7130
6997 7863
7954 8312
1624 3408
4338 1057
5062 5607
2453 4490
4514 8972
7098 4501
9568 1063
5184 3541
5671 402
9352 284
4350 3217
5754 1244
8532 4544
644 6204
3419 9808
2514 9848
4219 6620
5964 1611
3350 2373
7468 1406
806 566
4903 9550
1700 2834
7034 4592
3859 8462
4347 7735
424 9995
9191 1606
9435 2593
282 5938
798 9924
1558 6279
3462 3918
9283 2481
3996 6407
2083 5208
9545 3605
2198 9051
7021 5920
8022 1962
1821 9954
2767 4802
9403 1772
2294 8370
3472 43
436 7006
2838 3916
8717 1847
8395 3471
2785 4396
5965 1900
6791 8092
9348 1463
8087 7376
6554 2005
9390 7156
129 8052
1399 1555
7739 2305
2447 3886
3743 5346
9257 2014
4079 3434
5921 3380
1349 6117
4051 5771
7075 2746
8904 7544
2250 5098
5801 361
4468 460
9413 4157
1697 4366
7313 8134
1476 7031
9022 2717
8714 9993
8819 2838
1271 8785
2107 4756
4677 6327
8969 2639
1586 6557
3189 6151
2133 9796
7999 65
3473 8572
7068 4667
7196 3780
2319 2661
3567 2279
2264 4133
2601 7091
3277 7422
9113 3520
6435 8396
1288 2598
5578 4119
1705 4811
5610 2235
8544 7949
8872 4590
7813 5689
122 4547
4230 7629
4638 1480
7255 6952
5115 3520
4475 4405
1278 58
5640 7508
9605 4908
551 6336
5272 2991
5732 3555
2894 9487
4043 2101
4393 4898
4402 8809
3801 4551
6132 1945
9450 9622
6047 5231
85 9014
9891 7366
7911 5213
4323 8096
2233 8909
1981 5280
7381 453
7012 6939
2916 5674
9 1697
7026 2840
3068 431
4928 3198
7350 7268
2047 4245
4674 8978
7798 2704
4617 8487
4102 9576
2119 7040
1920 5710
2817 8501
3895 96
5288 6963
9004 2188
842 9170
772 8335
2877 350
7765 8229
71 9732
8218 8429
2990 2803
590 9508
2120 5840
2899 1885
65 9722
4486 2363
3204 5661
4248 8047
9256 1344
3467 814
2570 8027
9520 2142
9626 9507
185 2745
5164 1424
373 254
2750 2776
7852 9793
9199 2232
5917 7596
9375 9350
8397 8609
4058 5456
4107 3469
2767 7065
557 3802
2920 2798
4910 806
9027 73
7665 7760
527 206
3818 7884
8752 1706
8040 1734
5688 807
6223 8882
5371 2432
4812 6247
222 8295
8358 9209
9594 6049
9436 2649
819 8870
5351 1919
5868 1381
3061 2299
8360 6827
6279 745
353 9381
9559 7483
4748 9468
4599 1796
1685 7243
1802 6116
9548 1024
3846 6648
4845 8206
8002 4065
7721 2062
5635 351
1732 2392
5179 9867
9435 6981
8293 4576
8539 3339
4409 3757
2217 9247
7235 8864
6986 8033
1220 5493
5116 3017
9290 5567
9748 5309
7945 1339
9528 4949
7198 8138
846 729
7664 1447
9834 1368
772 3805
6005 3091
3588 6581
3650 5724
2434 1875
7704 2942
3310 4354
181 5545
1420 6109
5252 8734
8902 7109
6889 4057
1806 4458
3625 8880
7640 926
6151 1801
1054 5618
4980 2389
1899 1842
8552 8196
5538 4208
9788 1879
2424 6331
5329 9514
5502 1927
7797 3364
3814 6454
6390 6932
5005 8991
1966 4565
3655 1445
3572 7382
4324 381
11 1522
9287 8960
952 1919
1762 79
6716 4064
9097 2698
2969 4485
4447 3854
2604 6299
5691 4351
9316 5149
1316 8419
9960 8210
1975 9491
7981 8202
5413 5337
1066 7375
9800 1848
5675 4670
3907 6566
9489 9144
669 3499
4420 6016
9871 4204
8747 9740
3358 469
4647 4470
810 8594
765 9967
1139 549
95 6823
9611 5340
6566 8863
1531 9878
8779 3539
3084 3124
1406 6514
7711 9652
2760 6380
6305 4720
282 3894
790 7323
5686 48
5518 9240
9415 9288
444 7056
4557 338
8453 1890
987 6153
7331 1807
941 9425
1714 7236
6158 6055
1605 290
5342 9918
2658 418
8853 6267
5377 3525
8173 4740
9490 4449
5798 5856
8733 3207
9732 3084
1395 8606
5970 7121
6312 5444
4196 9253
4027 4191
7574 8357
1737 2422
6723 8474
8984 8421
2036 119
7684 9141
6159 3905
2881 966
1326 9802
7608 653
3571 375
8037 8606
1978 7607
6944 2107
4090 2832
5359 5496
8702 8918
1868 1391
1906 2711
7207 7592
6859 1614
5941 1563
8938 483
7371 8239
4360 5097
2078 4314
6374 7673
7123 319
1002 4161
2277 5656
9966 7271
6739 5171
8143 1515
3009 5548
4205 4887
5736 8931
4937 7217
9310 5782
1438 9750
6406 1045
4166 9399
293 1094
4336 460
9626 352
5485 4973
4927 5100
9363 6927
2785 6130
2371 1795
6898 5724
4034 9039
7484 3557
9537 789
7496 6615
6396 6592
7964 5843
2487 4207
4875 2978
232 3943
1701 5256
7878 9654
9728 8091
149 6626
5688 9133
1077 1679
2146 4546
6042 957
7747 7171
9023 3831
7137 3666
5363 699
6907 8382
800 1687
9320 2279
2397 7529
1963 6856
6802 2807
3381 9950
3751 5868
2953 6874
21 1391
7555 7331
2841 6827
5625 5502
8273 1104
3343 2084
7121 1616
3112 5497
4260 2238
7413 90
1348 9025
2098 3504
3314 2173
942 845
2721 5314
3650 706
4513 6539
7718 5061
280 7425
1539 8922
6099 3606
3809 1855
1271 5573
6613 4834
8309 3604
5305 6795
2912 9103
7549 5563
3168 1745
8341 4238
8896 3880
3896 6205
4714 9220
2469 1815
5647 2460
9617 6799
4152 5962
8535 7649
1035 6197
6292 3181
3429 773
3400 2173
2638 1575
7112 9046
8414 760
7641 52
1568 8387
2555 1372
5479 5509
8018 4307
1436 2193
6025 1646
2923 1702
8925 8949
3121 3196
4758 250
1278 7687
9422 1186
9714 4983
4361 5602
5992 7758
7160 6361
9535 6174
2467 5634
3304 6734
7395 1692
1679 7955
2013 2234
708 3739
4999 6010
7858 4398
2002 7281
5584 6237
5645 2830
3411 96
776 2138
3030 4794
2921 2115
3785 7375
1501 6594
6309 5098
3736 3559
3156 5827
1385 9820
7400 2619
1073 1083
1126 5190
2188 2650
7241 143
9477 3479
911 6909
7720 7029
4206 2060
778 1911
1531 8171
4024 1232
658 1275
658 1880
506 4300
6429 588
788 5433
3047 768
5101 9592
5578 6342
6842 8763
6562 5676
1458 342
3281 8984
9785 5871
3450 7737
2976 2220
7527 8673
3770 9400
2993 9838
134 2729
5580 3514
2972 5039
4389 8664
8910 8920
365 8057
6705 9807
7139 5848
7581 7752
6536 5153
5110 3496
9369 5776
9767 2691
9079 9287
1639 4200
6942 3868
1195 2723
4841 5612
3875 4247
7432 4287
9535 1079
1249 6656
559 8345
4348 7627
8916 1975
9143 2591
2376 2677
3498 4368
4441 9388
4745 4562
7440 4950
8780 4977
8606 5818
6473 5086
4936 5384
1317 4301
2902 1935
6029 7594
2302 9608
1525 4207
2171 6217
909 7859
1053 3595
3326 9492
1398 4421
3839 8767
2125 7221
6607 4615
6498 1889
2168 3467
9849 5761
5285 4325
6012 2414
5490 9357
1832 3408
7234 2832
172 6771
7678 7232
3568 988
7551 9202
433 3952
3504 4184
6560 9164
6474 2637
834 7846
5631 3476
9227 1897
9821 1429
9539 3118
8995 2592
8471 9248
1374 8358
3454 5251
216 7249
3871 8198
4971 8720
5274 5567
179 5952
604 6410
8347 1950
5665 1539
1420 4344
6792 2181
7547 8229
5467 6477
6668 2639
1170 7692
6434 2656
7571 2903
5076 3770
8281 2018
4998 4410
5941 6710
5750 1365
4400 9712
9872 7412
5619 3336
574 1142
4851 4254
6307 3481
4000 8915
4287 5267
5314 4652
5467 55
1463 2050
2332 2291
1203 8540
8238 4865
9173 1641
3351 1293
2100 880
5864 9940
4015 917
9072 9404
8527 3838
390 9272
2491 3037
2483 649
2703 5059
1132 8189
6992 6678
9702 7188
748 6617
8692 3299
8971 2604
9056 2698
6196 6698
7347 4744
990 302
118 9804
7879 7992
3628 5370
4811 9509
6710 3036
5986 9793
5736 9687
299 1889
2313 1487
3562 5968
5447 3095
849 1937
2651 5540
3634 4137
3253 7073
4235 6371
7038 9528
3648 7619
1009 6983
7792 5379
7122 4890
4760 375
3450 1415
4389 8439
2876 3007
1959 1214
4266 5415
8091 2959
309 5686
6144 5248
3721 2667
1652 6499
9038 5315
5764 5198
14 2526
6349 9762
4672 6020
226 5778
8567 3417
6420 882
7579 2605
2438 9184
8240 4620
9474 9448
3266 9503
2455 8718
9160 6658
6360 8282
9479 8658
239 1605
511 6553
5580 2950
8688 5645
4672 5106
3206 525
5145 2862
3463 6968
1692 4172
1567 7081
3827 7294
293 7545
2653 8137
4272 2283
480 739
5727 868
3002 4814
77 7251
9341 3716
9865 7256
7761 9191
8399 1366
773 4303
8321 6053
9597 1644
5703 9791
406 5879
4346 2797
4849 9112
7326 8565
4630 722
5052 1717
5035 8183
1712 4265
104 8393
8491 7585
7995 9444
5723 1271
5297 6564
9993 9647
2632 2193
9692 1879
3270 7473
9541 555
1034 6521
9088 8578
4620 226
5049 7827
6616 3861
3765 188
9533 5077
7716 9771
1640 4994
1679 5152
9445 3047
8214 4948
2271 7656
6227 8034
7483 4558
1679 7102
5508 3966
7285 4587
6687 6146
7222 9107
5629 6868
3375 7263
1661 6192
4859 3876
6506 1116
1861 1547
6633 8486
6047 9629
6088 2266
5091 1162
8098 1928
7050 8555
8093 4929
8040 8973
2686 5153
6665 4064
4471 3343
2840 5320
1439 165
2009 1342
444 2713
9121 8576
3328 1921
4390 9366
1108 4422
1255 873
1390 1471
2118 745
1339 7428
5006 7659
4231 9177
1528 5134
7784 9317
7147 1581
9635 4491
2122 3094
8203 926
3050 1110
2832 4220
5278 8832
2525 4304
7829 144
8339 411
8161 708
9580 2957
7559 8478
5948 7351
4411 3164
6713 4721
2681 5408
4498 2924
5073 7567
996 2822
6328 1771
5217 4788
6529 6647
7150 9938
2157 25
7927 2856
9367 7523
2444 2156
3859 1903
8573 7171
418 8336
6722 3946
3410 4958
4533 5742
3778 9539
7201 5897
767 8994
2825 9332
334 3296
8415 5279
6380 9752
8219 753
2268 9128
4967 4563
32 2518
7385 8480
3280 6880
2161 6202
9047 4521
4851 1783
4806 7501
9822 905
4325 4692
7467 5346
1343 5673
3842 8038
9923 2732
6567 294
7067 346
8846 2117
4082 8480
2402 187
267 226
2823 9734
7743 8788
141 6902
7893 9049
2277 4393
6913 5146
5137 3319
79 9988
2416 2446
2966 2786
1982 2094
8422 8972
1696 6533
343 3356
5247 8791
3557 2860
2450 3730
2727 8109
2354 3695
4997 4245
2265 4390
1170 6422
949 8451
3511 9113
8603 1335
4167 8902
9571 9747
4441 8880
2733 2689
3517 3139
2080 2892
8227 4934
6963 6475
1958 9859
9564 9291
7287 1329
744 8329
1537 8340
6554 3225
2404 1818
3931 3716
7309 5211
2926 1322
4260 5649
5853 4947
4217 7318
2151 2529
7833 457
841 4328
8453 10002
8068 4316
4166 2709
2869 5624
7413 3288
522 3578
8055 4147
8440 5976
856 8597
3474 7176
4405 3643
2377 826
856 6557
73 9024
4040 33
7449 7988
3985 7123
6256 7914
5955 8319
5829 9529
8501 7238
7972 1534
5197 7665
3840 3708
3812 5446
3644 8218
3472 8173
9664 611
3021 4042
8752 9702
4769 918
5350 7157
9735 4743
7513 6223
1717 2766
7592 8594
1963 2514
720 7560
9923 6567
2536 4586
8864 590
9412 5787
2594 2620
4296 2177
7448 5370
6991 1898
7371 4022
7318 2478
891 1293
7798 373
1043 1841
7311 5263
5409 5455
6414 7450
7531 4822
7863 4060
6036 1834
707 6859
7427 4976
4868 4267
9910 9921
8325 9235
696 8044
2040 6531
7999 8056
8510 8442
858 3851
298 2715
4692 9431
2221 3590
32 160
9177 3513
3676 4959
1977 8740
7862 1973
5246 5128
300 3211
3181 898
3766 8349
161 3120
6049 4416
3372 1728
4085 7226
3606 1792
2475 9359
6049 473
4433 9025
8436 8937
1775 8866
8170 5980
9260 9275
7578 3741
2264 2907
9557 2182
7881 8605
639 9674
2348 8552
3855 9422
8840 6490
3452 9470
1543 639
6874 2925
512 4530
7027 7537
9205 6796
3220 661
3647 8894
1042 6349
9484 1105
9363 4218
8935 6438
7860 641
7663 6224
8812 6668
4201 4466
4491 9611
1053 1967
8941 5752
1342 693
1734 5621
4305 2728
7215 2872
5291 5477
7527 3745
242 1679
8260 762
8609 8100
2222 5529
8244 4939
2875 3675
271 2150
2644 7789
2945 7943
6101 2593
1879 5634
2754 7982
2412 3955
1132 1976
4365 3631
4706 1111
6326 6287
3832 8883
2600 6848
7570 7195
5987 9548
7196 2161
7621 7222
7638 1796
9369 8339
4508 6675
436 5776
3092 4935
6457 5430
7215 4693
999 6243
8819 3806
4253 8749
7155 9757
8257 8024
1538 6998
4757 6563
2594 2062
9256 1530
8152 7870
3163 6384
319 5336
3956 9782
34 8909
1055 1400
211 383
524 7900
7716 8855
3875 1916
8494 2564
6695 3332
7809 4099
1159 9615
8848 7941
781 3405
3006 3047
5206 927
8442 1450
3259 3783
2460 2637
7779 4231
4770 6049
4344 5735
4647 4640
7901 2627
7270 8499
8099 9826
2863 4755
4632 7176
7532 1243
7465 5109
389 6686
6422 9144
6349 7363
9314 9468
4274 2059
95 6160
1977 3584
7740 7030
9983 8715
2709 3131
7417 6158
1400 9189
2145 5197
9914 3348
487 8923
8067 8484
8090 9237
477 9833
1147 2897
8197 1257
2887 1351
2644 6650
3560 5179
9100 1830
5986 7117
7836 1229
551 2835
6370 2808
2793 5319
1674 9959
3274 3146
5193 6870
2139 8315
4721 4762
3766 7984
3003 8866
3009 8193
4164 460
1628 2749
5814 2174
957 707
4348 4024
3051 763
9217 1140
8862 2567
8198 1929
2515 4779
7889 6510
6864 7063
7643 8407
3379 427
3158 1598
8032 2777
9777 4367
823 9985
3540 7792
5740 1317
3492 7977
6814 8767
4225 8691
1841 4966
1667 9757
6239 8105
9231 1633
9120 4761
5347 1119
2513 47
8336 4454
6989 5739
4092 8403
5505 1494
9339 4299
643 6115
6606 8841
4752 5686
9535 3508
4132 894
1626 771
7567 5957
2861 8992
7419 9968
7764 2697
2281 5566
7744 5258
776 2110
2863 5511
4072 1928
2565 3026
7781 2765
6109 4409
4677 9341
5993 5159
195 4052
219 7421
9447 5197
8944 2172
5412 4119
7012 7691
7215 2434
3895 6147
7238 7946
8523 3134
9233 180
7272 5233
1319 6671
3303 8905
74 6565
6984 2966
6625 7911
4898 214
9976 9476
631 7521
3419 7648
2232 2783
1825 8185
6393 4493
8730 247
3564 6554
1130 4682
5831 4976
4110 416
2987 9751
1309 5933
6265 5454
317 5324
8563 4601
9182 4928
1163 4445
9350 2943
2078 8811
3669 5375
6579 557
2192 2210
9722 3836
5842 1050
1344 7989
4917 8374
6655 3103
6808 3976
8853 757
5737 8830
4149 6418
546 7776
98 4307
3750 5527
1719 7978
6138 9933
3137 1318
7169 2630
6916 1073
547 8866
4306 5352
6506 3293
1252 4112
7322 9694
6506 1704
2942 6912
5501 822
8644 8773
9973 9920
7969 5901
5489 8285
5244 3187
7746 9674
9849 7814
8829 8381
1333 6978
6870 8438
707 6630
5408 1279
1719 9411
8998 8313
9072 7298
4684 4961
7779 3181
2961 1369
7778 7416
8338 5292
4807 5211
7560 4673
7816 7572
383 6502
650 8535
5602 5559
9046 8316
3127 5113
8853 6116
6787 4647
3796 2731
7642 5983
5050 1349
1163 5272
6977 5962
2464 7747
7438 840
1384 5641
6273 2652
6386 6570
9249 8811
1332 8845
932 6021
2061 7383
9632 2449
435 739
9147 5337
4176 6522
3903 1671
6921 4548
6703 641
6550 6584
5064 9243
3293 2633
3912 7944
5485 5390
8827 3451
8442 8532
3304 3685
3715 1457
4316 9527
4080 2535
5860 4680
8376 5320
9470 2697
8220 2849
131 6453
7040 7124
5274 3402
4239 8192
10004 7348
1437 573
9297 349
352 2485
8798 1351
2 644
321 3363
2750 6851
6541 6707
1476 7644
9187 215
8326 8380
6653 4208
5054 9509
1139 6415
2354 8097
7967 6783
5664 58
2421 9977
4834 2652
5808 1023
1394 2526
2181 9403
1908 5924
3299 6037
3323 7480
5369 9593
2561 7884
1197 9705
7603 6474
6462 1905
6160 2740
4729 2234
9930 3112
3484 8693
408 1793
794 7773
729 1894
7185 7553
4812 5055
6493 324
8835 3622
4850 9161
6149 4348
9413 1919
7986 5300
157 7468
8972 3313
1560 2164
3358 3648
1889 5225
3708 4469
9807 8171
6182 2836
1689 8029
4698 1172
489 3626
7415 5709
1714 4886
1745 6223
4591 9194
6691 6300
8655 9465
9171 3064
3107 9987
7437 3157
2141 7296
8670 6441
527 2611
8614 4750
6769 3530
5896 6003
5830 276
1115 2313
1088 9835
9286 1327
4302 9701
9662 5702
2117 5269
3135 5520
9449 5986
3877 124
1376 9378
6352 5977
4450 9327
7996 952
5518 4751
4198 5912
9625 9300
1643 4257
5129 2422
1153 75
2242 616
3356 8264
8934 7805
27 7407
1194 4046
7038 364
4720 2154
1093 2314
1628 101
556 4691
6673 8870
7949 9974
7726 5795
2364 1325
663 991
8623 4660
9032 7072
5140 4909
2873 5687
5426 7102
8475 6288
2330 2996
2710 904
5280 4363
4641 1551
7537 1451
290 5689
6272 8158
3520 9840
2353 3548
6742 9395
540 7629
151 6225
4116 8460
8069 2322
3938 5480
8593 3079
9201 9434
5469 1354
7572 5970
2274 892
4984 7613
7916 381
653 5017
8538 3202
120 7319
6402 2126
7572 4075
2787 5931
5618 3495
8949 2583
7538 5030
3539 9151
3838 2556
6467 2643
2089 5527
957 6974
3412 4983
8676 3456
7463 3861
2244 3800
47 1169
4261 6732
4205 6948
7910 5956
490 4080
8688 921
9867 5354
4836 1395
8871 5167
2711 1011
3475 9582
8110 1723
715 1982
322 4527
4431 3546
3569 588
5957 709
9567 8838
875 9518
9625 3956
4165 673
9502 6700
324 899
8668 7877
6623 8255
4780 8630
6428 6121
5364 8543
4968 2548
2667 5760
3033 7609
7207 6393
8562 5762
7661 5498
6001 7123
4805 5108
2320 9525
2874 8098
8089 5592
378 1417
9880 3444
2400 5892
2138 6682
7230 5115
9991 4577
2255 3065
2836 1478
6953 6315
951 5822
2863 3128
8343 1677
4500 9980
8971 7375
1241 4715
2976 357
3644 5213
7480 8172
7364 3612
1970 2897
4153 832
4750 9660
4021 8477
6280 3493
6145 2402
3753 1114
8035 5537
5755 3344
3574 7651
3279 4876
7916 7667
7074 3567
1023 7118
5248 8787
5834 8345
2341 7439
7064 5836
4916 6364
9614 1112
5658 9081
9339 8018
3590 468
4012 8055
8360 5255
8643 1686
4397 5112
2079 9285
8586 3268
6689 8719
7659 6715
1876 346
7537 5133
387 5192
6486 1288
1625 5688
5785 5961
1588 711
8090 4900
9752 8930
2010 9215
8540 6577
9926 6245
1711 1416
6099 9090
8647 9965
451 1051
7996 1179
8238 7183
2066 9711
7475 129
1298 3050
6794 8307
3503 1915
5835 6652
2764 4274
3050 988
6396 796
6133 1134
1582 6616
7889 6840
9996 173
5625 4353
4044 5468
2494 6644
9040 2055
1101 9907
4873 7332
1370 9536
21 2147
4052 2837
8137 1727
528 7764
4038 2065
5573 7401
5988 2296
1974 2965
3934 586
3324 4904
8335 9236
1007 5319
6713 4117
3349 1338
