2000 2000
1048 1357
1980 1728
1720 767
1150 1326
1217 1248
579 612
1402 222
987 131
689 567
1312 666
1765 568
535 1344
1457 1951
1828 1335
612 386
308 1060
1568 493
1843 117
1650 1756
1644 1659
1229 828
1353 655
1395 287
1478 53
1343 1019
606 532
1858 858
829 796
1509 73
1195 1451
1172 1672
389 703
1488 1461
456 1406
1095 1308
1608 975
1857 1927
1376 735
1039 615
1732 349
1722 1347
1796 1144
371 602
200 965
263 1518
530 1486
1656 1145
1563 1870
375 1940
1393 1843
688 1341
183 456
728 458
1525 1785
629 862
1615 1817
679 762
534 1200
603 950
1744 242
964 110
1775 1300
1196 1189
1934 1272
146 968
1822 399
1025 246
1777 1395
782 1086
612 847
111 1784
1750 309
282 411
702 839
1167 1829
1857 938
294 648
1767 1466
370 1596
166 999
682 1293
363 642
1300 119
10 926
561 429
1559 1585
346 1181
1566 325
1003 1609
1564 1597
181 266
1259 889
1298 880
827 879
1977 978
786 10
78 1094
409 1497
765 1946
29 1827
660 1551
1707 1088
391 37
1386 9
1284 1503
510 464
1421 1797
706 640
265 211
786 1031
1206 627
343 134
1688 94
611 1943
596 934
1491 1066
1222 1074
692 889
1819 1407
275 702
1847 1004
736 1537
386 338
1942 1858
1881 1663
827 40
468 460
1490 269
433 1504
45 1208
1034 347
253 751
1457 1333
1623 77
769 1796
1312 524
1580 1096
1277 100
1217 99
1356 222
1339 1713
41 99
1413 238
854 910
779 254
1121 518
972 1438
314 421
1424 1405
1291 20
617 862
1356 207
1357 1066
553 1276
1241 1436
281 858
1702 1841
215 1048
1473 1266
242 579
234 1608
218 1020
407 1248
410 1594
539 1703
1072 1993
414 734
1441 840
605 329
81 1123
1017 1865
426 1410
1912 985
678 481
6 27
1376 183
1858 227
1711 1176
1371 1012
306 1945
185 1597
1048 154
1482 1482
208 1853
525 1320
474 936
607 541
951 103
205 1666
358 1791
81 1746
596 738
1642 1387
641 873
1513 238
195 1744
1553 1824
94 20
1745 284
1359 1326
350 674
733 1832
897 1957
1274 550
1800 1502
191 764
1670 702
375 234
821 820
1971 935
557 1712
790 1413
1743 980
1639 864
1329 1815
1633 342
232 272
1426 1488
121 1931
1730 327
213 853
1867 1210
989 1644
1166 1390
898 372
1252 778
1596 735
1253 60
1767 1402
1803 1718
1490 1994
1827 268
990 1885
1000 232
1818 843
903 95
130 536
1342 644
26 1443
1779 1389
1075 1572
1523 1181
1483 1158
459 1958
1372 1789
693 1064
1072 1410
1435 1267
196 887
1356 1489
510 987
709 1360
1386 1314
789 305
1719 1693
1144 1827
1256 112
24 1318
1914 322
1036 1739
962 1745
1016 1781
339 154
1539 1007
657 494
678 1987
570 104
1039 457
1128 1318
776 826
1674 482
162 941
910 1641
1174 918
181 1755
1021 916
648 244
1019 1527
1339 37
211 827
845 74
1142 1125
1 1692
187 1622
1238 1973
1268 1306
624 1823
1042 1152
424 1341
1376 935
1947 699
745 1691
112 1673
457 1730
931 680
1148 1572
1270 1229
969 1468
1346 745
1467 927
234 200
1556 1350
455 5
700 728
1700 1298
1976 1639
598 1122
1070 766
1438 218
94 1837
337 1009
288 1684
1469 1521
1478 839
220 521
1252 402
385 248
1906 1746
805 442
937 1689
1601 391
1468 693
221 1551
849 96
1898 1297
1716 1377
1206 253
1582 1827
923 937
1349 1207
1959 1033
276 1974
1022 9
1087 1508
100 1134
1916 887
1718 1199
990 1894
1042 1600
1887 1865
363 1417
1185 356
1497 1670
263 213
794 1347
1230 1242
1808 660
1033 1806
788 858
1248 1876
1419 1562
509 561
815 1974
703 1988
603 928
1649 274
283 846
1234 1434
1816 1533
1050 613
1727 1437
1122 1763
643 1458
1510 1916
1134 1296
446 412
430 1279
1464 596
1407 708
1887 1378
272 1455
1332 1998
1963 365
1032 1112
1422 1305
661 1455
237 1559
722 1152
984 1194
1169 1931
1367 1455
855 1381
1532 1831
1724 1094
586 1798
1736 866
1656 27
1071 219
52 781
298 109
1373 116
410 547
1537 1609
330 587
1400 514
300 1720
128 1415
1607 605
418 1544
1109 67
735 1668
927 210
1262 1778
1384 1515
1151 1772
460 1521
1326 1150
797 487
1047 1607
1632 1636
1426 590
1420 1361
97 1898
782 794
854 1960
1615 1999
1404 641
1979 1131
111 27
1524 515
416 1271
1780 1600
1763 1783
908 1700
462 1867
1298 1444
1454 1327
754 1547
1206 1120
1513 1236
403 1590
1485 1975
397 603
920 364
1399 153
383 1972
356 1506
1053 245
773 84
878 572
1140 542
267 330
1197 1733
523 12
677 956
1454 1920
318 82
315 1902
661 1223
105 1585
1910 1281
1261 1727
1356 617
1005 1618
1173 1127
734 150
1606 1450
651 1077
451 1960
377 1067
140 1611
1035 327
852 1113
1100 827
189 716
454 1810
437 1359
680 679
739 602
448 1947
1542 1267
1087 973
1150 1687
1541 1330
19 235
1370 709
913 493
1853 1316
1257 1882
1273 500
1964 82
1398 1814
658 782
1876 1631
1936 233
791 526
1107 1483
580 51
1867 1059
1684 1578
768 1054
1645 1042
913 997
90 608
1840 1335
395 657
1053 169
1942 197
343 1990
1959 1584
1102 1093
16 1284
135 432
1373 1290
1585 437
1772 1404
869 1712
213 422
1102 1698
1440 1800
2000 1519
1588 892
1325 1673
1925 148
1530 1406
315 49
941 1469
680 78
180 151
112 365
1627 516
1143 145
1178 1683
467 1866
530 835
795 924
1291 829
887 648
35 798
1379 243
1096 13
1314 1476
1267 130
1549 1528
1200 94
1436 1738
149 733
1901 1030
218 594
1612 1405
618 1243
178 577
1568 1898
897 782
810 1684
1354 64
971 321
1093 451
280 1530
801 1632
1634 1740
1118 605
1967 1299
296 611
1388 1817
1873 1978
1629 1776
1494 1327
765 1961
1945 23
1134 1792
1137 290
253 86
11 1173
1222 808
1101 1122
1940 175
625 431
1533 1519
1851 1487
705 434
846 1855
1323 1744
1050 292
330 377
453 1264
1710 518
398 235
372 1375
1638 1162
1746 112
1744 1539
1910 1125
945 1321
1126 150
596 1376
138 514
202 405
1487 1190
998 1949
678 732
263 1375
1343 481
205 584
1269 143
1844 397
651 996
923 673
1263 1351
627 1421
1197 313
1159 1161
747 1655
648 1964
878 346
10 642
505 1610
454 1459
1516 1313
894 567
1721 737
276 1392
1502 680
1798 983
948 913
735 1587
626 998
1130 223
360 1323
1243 168
1724 575
1759 1693
287 1826
1104 403
540 1503
1816 1284
157 1490
155 1828
39 1740
1039 1294
64 1665
1192 1186
830 1576
1209 436
1857 76
1130 534
1114 1831
1106 967
1340 1588
305 750
804 458
1826 1582
1208 1502
1756 596
275 952
1027 1046
186 813
746 1029
22 1358
490 1737
1975 1652
1258 1402
340 1551
1053 288
914 327
367 1160
1943 1159
1351 1787
1982 300
1508 1500
991 1924
735 83
449 1560
999 475
129 542
757 480
88 1370
424 1061
1860 1621
740 795
962 1880
932 1806
96 82
1329 664
212 1442
1984 1068
1298 1700
561 1710
1520 540
1186 1115
1168 357
772 1339
776 749
1204 1339
1840 1712
160 1059
516 771
1993 1859
457 1058
832 723
1674 1778
707 998
1624 988
1817 1238
14 1028
1807 285
901 340
472 158
1054 1318
576 434
308 383
323 742
1233 1470
1674 243
1354 472
850 1662
677 1476
233 987
1383 981
982 432
1210 331
1326 1707
842 46
500 89
262 1175
1214 330
276 1290
1050 81
1825 1173
301 115
341 529
1890 369
1059 1963
831 1228
1986 1155
1306 39
1800 1474
1491 1356
1683 581
1940 176
444 920
1243 966
1777 987
350 450
1701 842
1231 293
1628 1194
1681 1572
373 1277
1351 1047
542 344
1484 1405
702 1889
929 1222
1210 141
471 775
790 271
223 34
415 1071
1761 1863
1033 1402
860 1693
307 1241
198 364
975 1847
1260 1229
80 1798
1606 1089
1031 1541
241 191
988 1351
267 1848
1236 1105
1695 3
1837 1921
1587 1390
1330 884
1070 862
759 1792
89 1429
1086 879
470 1922
1644 988
1618 1575
781 718
1207 1648
1519 1860
1560 1715
1427 1180
201 872
275 522
978 1569
477 1864
1760 172
581 1226
1796 1114
837 528
388 12
1453 1523
1617 15
1184 1071
242 1065
15 769
1341 421
1409 1648
647 838
742 219
317 873
1335 1199
520 536
1751 1098
868 1157
749 1254
565 1394
814 1547
418 847
1131 1606
1142 989
367 759
1146 1137
991 520
629 1184
706 1586
1445 816
1507 283
1752 1770
1351 244
1532 471
915 1604
1433 1945
332 206
440 1042
821 1610
694 1641
1128 1258
1428 1402
1448 107
330 797
1976 1303
11 1648
187 1687
298 966
1897 1230
892 181
132 539
455 760
164 1248
78 1484
788 1907
821 1258
1344 1068
587 1458
1974 1224
118 1937
1585 1680
359 1312
1013 900
22 414
1742 1346
1907 1647
1062 586
399 69
1606 1228
1046 1057
1431 475
1260 348
1381 74
737 490
1342 1
1999 323
178 566
1597 819
724 1372
810 831
1201 411
1061 32
1510 1442
141 1883
185 1126
583 1488
1700 1146
1874 1194
713 712
1973 1671
567 464
1242 1973
399 932
1905 828
1178 10
535 359
834 1037
219 1145
149 1031
603 697
1940 240
1645 1052
1960 528
1795 1102
1666 1625
1178 513
1422 907
1979 773
1154 991
1577 499
1552 696
1969 1589
940 1396
944 1837
1202 1766
57 988
239 529
139 784
1298 1616
452 1387
1437 471
1639 647
845 1957
724 1058
1098 20
1436 1705
540 509
589 191
818 1380
1534 1682
701 156
1136 1908
366 976
643 725
448 1832
1175 552
375 1940
1529 1400
1906 1864
390 1022
1510 409
481 1507
496 1788
544 424
470 416
1710 512
1713 1267
730 320
1596 219
246 1885
161 1385
1958 1359
1009 1258
14 1566
1756 1109
1962 87
1737 988
761 1272
646 1009
1840 1805
1838 1177
1780 563
1006 375
1566 1876
1047 574
815 455
1537 1182
263 111
1077 1637
867 980
1925 1108
67 1030
712 807
1763 1406
1590 358
937 2000
247 1431
1062 943
647 1412
18 25
1381 432
778 1190
207 667
741 1255
1766 532
384 1124
539 486
552 966
1964 1256
703 750
377 1022
869 432
859 1436
1541 763
748 1750
821 573
924 369
1171 269
1180 1405
469 1668
205 1477
553 1647
483 1138
886 1754
781 402
299 1639
1965 1513
307 969
1651 20
362 864
1024 276
1830 1740
1292 1059
1094 1476
647 1609
997 615
514 1152
1759 1163
98 816
203 1415
335 123
442 1667
521 976
1719 1290
198 922
1525 686
533 740
738 1148
1142 1909
1659 528
705 41
844 249
720 1777
1392 1973
1241 408
1182 1180
1331 1330
1103 358
1599 583
728 666
1379 1046
999 1587
1509 916
1822 161
781 1257
587 950
1294 1960
297 1779
344 1312
1655 1902
691 864
1293 1255
1171 829
1739 1858
147 163
332 704
468 643
649 1338
597 1455
548 1240
1321 810
556 1818
912 1600
1768 1923
744 1532
1203 1067
1978 923
848 343
377 1750
48 257
1491 481
1356 516
1927 1524
1436 1536
164 432
342 814
211 196
131 1919
1800 970
1124 111
54 1579
814 1074
1567 171
213 538
1266 319
173 1342
1908 1814
799 634
470 507
1511 582
908 1284
259 269
1079 1718
350 59
72 1359
731 1763
1875 667
1770 976
957 1997
1784 1108
1915 558
1124 912
277 1986
1943 1429
1105 363
1211 1224
936 1293
1534 1303
1797 1156
891 1073
1311 1310
1094 635
1862 712
987 1106
466 1649
184 905
631 750
845 533
319 622
22 1
1072 1670
1553 1737
280 705
588 961
1096 18
1409 1889
1008 1940
1548 978
614 19
1569 882
1635 600
1223 474
1632 15
1123 766
387 844
1807 1149
896 809
512 335
1465 1510
1323 799
1697 775
452 539
163 865
1281 491
1059 1566
1639 1864
1256 1654
1422 1403
557 584
1329 1522
1090 1657
551 846
386 1748
141 374
280 594
227 1305
933 1266
928 558
1435 1276
1008 385
657 40
312 102
1986 1096
46 381
1992 210
578 552
257 1465
898 1490
17 477
185 309
31 1011
445 701
861 639
1610 1638
1021 761
950 1428
1621 65
677 165
1728 1538
1949 300
115 546
1589 804
147 1113
963 372
394 1835
1724 513
1674 782
1697 26
250 1996
1574 1464
510 789
1580 1997
908 507
1511 69
408 944
1506 1579
193 1068
1364 427
969 797
1396 1969
640 1918
662 325
1289 1492
87 1526
1920 1126
1067 251
519 986
1308 612
407 739
1818 107
1769 1366
447 1994
232 484
1297 890
665 31
343 1627
566 1198
246 811
1617 498
19 1985
87 1191
1605 1415
974 1410
1222 318
761 1579
184 510
323 1024
188 1405
1267 694
1907 1986
1556 1281
123 123
729 1321
316 1437
1099 1621
220 258
1000 477
649 1144
1615 1321
1550 712
1650 1827
899 1502
396 44
1412 774
734 1484
276 514
1841 81
994 1448
897 1145
604 1112
1428 1004
389 1161
383 1114
713 663
1500 960
564 1777
1703 1227
1873 1763
1136 329
142 1088
318 921
606 1679
540 1110
752 930
2 1590
1307 1037
777 1503
380 1809
39 1270
1755 746
1590 1271
490 657
1477 130
1349 1981
1104 1678
794 389
1074 1400
1019 1569
1130 316
1256 580
661 840
1313 660
227 198
1072 1350
137 90
1711 1921
266 366
1789 65
414 220
995 393
203 66
1170 1315
1713 796
1348 1004
1077 1278
1437 1209
525 101
751 453
1241 1471
146 27
1906 1887
428 1343
1007 1902
1823 1705
164 959
1641 1309
125 740
1143 1523
1922 1824
852 1684
756 1627
1451 120
1687 1264
545 1084
84 1504
145 1709
623 160
1935 443
1968 1064
199 208
1486 474
1089 790
389 396
1078 1346
510 1168
1281 1941
367 1144
1535 1144
851 1529
217 1570
1308 1181
734 1382
940 1439
1363 875
1809 214
342 1623
370 1127
823 1034
692 1347
324 1094
1229 908
1912 722
1849 646
1127 665
1731 762
845 1566
1297 882
1692 1487
663 1247
493 1154
1118 439
769 1569
1127 1897
1525 521
738 1970
927 917
1966 814
1 1488
71 583
1221 34
1061 277
1824 619
14 616
455 440
1753 645
45 1581
1684 1932
1413 1685
566 1883
1134 1048
1140 1169
1897 1171
317 194
78 943
729 320
284 543
752 1822
1193 512
478 525
1662 616
189 1169
819 1166
1880 446
1504 159
1482 665
1624 989
355 1000
1692 1842
1413 1440
1181 1679
1859 196
1220 1316
616 77
1497 1656
1181 782
161 1598
115 1888
1579 685
713 1802
1674 890
854 1906
1778 247
1782 1578
465 1532
1337 1740
1234 1902
24 1299
1593 1295
784 111
625 1074
85 654
1106 1157
307 670
1029 1430
453 314
104 1380
1499 805
1989 913
1542 1219
1179 1034
185 455
885 594
1611 808
304 271
689 170
975 1171
1527 101
1123 818
538 175
817 1028
890 1585
1430 268
1561 277
985 1146
406 1000
810 1336
1171 402
1150 1262
1507 1074
505 497
147 546
1591 881
663 1403
1893 1180
184 231
1376 848
868 749
714 391
657 706
1217 1343
50 1577
625 347
717 1263
1683 1645
906 1277
299 903
92 1893
1676 479
409 1404
766 320
1552 1492
1747 176
231 1515
112 498
1944 1272
1898 303
1780 1705
1680 590
29 704
1421 1648
228 625
922 965
47 680
429 1516
1102 434
418 1120
1072 1537
530 1124
990 1276
1495 290
1424 1432
1369 38
772 1194
1856 1359
1079 90
524 349
124 582
412 1617
1427 1266
556 109
953 1341
1936 18
137 796
1353 556
1358 1746
1870 1352
738 1771
221 40
600 1777
1810 1330
792 474
780 1042
1454 204
1852 647
993 1776
1223 1089
181 382
408 1026
1980 938
1149 1898
1460 45
82 507
1889 1085
625 684
1004 806
1525 322
38 711
1402 721
728 1281
620 484
1027 565
1663 127
1282 528
1800 793
1824 1669
61 1934
1137 1944
574 462
311 700
1838 805
1346 282
180 1495
783 1067
1968 1389
1255 1788
1282 1406
466 855
493 1174
313 874
1988 640
1864 1240
675 920
1111 270
424 1337
284 1190
1109 1401
1639 415
1767 283
633 1411
1445 1841
1073 1863
277 881
1862 1999
1578 298
1344 1911
1157 1879
324 651
139 1142
1092 1943
1474 243
378 651
1720 1802
299 1490
61 1568
653 1803
1993 848
1969 843
622 908
1528 1913
1683 1832
1305 1912
1513 561
312 1596
385 219
270 379
54 1562
1254 1264
547 1241
1162 1255
473 1222
476 473
1408 54
736 163
1410 1598
977 275
1029 1733
1239 961
1459 1331
766 377
1746 794
1007 971
282 336
396 464
67 837
1566 1985
31 1896
553 1947
846 456
1521 1375
416 1552
419 136
363 1899
1956 900
1776 1264
1004 1409
666 1776
938 1818
506 876
830 1590
86 1246
1506 1689
780 1475
641 808
1253 1924
1521 1172
1217 1099
1076 1314
1794 1443
1612 79
1067 224
925 936
1694 1798
87 1798
504 1063
1102 811
1506 81
1143 794
1058 1568
1292 1972
101 389
597 901
816 1812
624 1585
1695 586
945 341
866 603
1256 1883
112 1414
1059 1851
292 950
1700 1324
926 186
1480 1026
232 369
1595 1199
1921 1832
1426 1120
278 806
847 663
924 52
367 930
1209 1837
1460 1835
414 1808
932 185
513 664
1417 1329
1858 1458
1632 336
1472 1502
254 187
234 1447
921 1299
744 175
1073 1449
787 1489
1621 1998
1048 1254
1946 328
776 1128
780 90
1574 350
1869 687
1159 1785
1351 1767
308 333
1780 297
367 1576
1459 106
860 631
634 1496
1575 1969
914 592
1283 371
241 1841
270 1967
416 8
1276 1568
519 26
940 1020
1752 1022
1114 1654
12 1246
1808 1011
488 445
1206 1351
975 930
840 905
163 1232
1230 14
502 1807
1121 570
1270 1288
1142 1680
1691 426
101 379
304 113
1338 715
76 298
1749 67
1367 1184
1717 1236
612 679
1885 180
101 224
854 366
331 1377
583 1252
1354 1417
1434 1219
1173 1613
1152 364
1979 933
1535 1186
738 1908
74 191
1574 613
662 755
1839 777
1680 139
1554 876
1728 1128
133 600
965 276
250 1423
1761 563
675 1080
848 1075
430 1426
429 1254
120 224
1171 1495
1289 1084
180 991
1483 1411
1239 1913
1615 1448
589 875
1247 1737
649 532
1077 1178
1277 725
1899 266
1259 1153
1017 1065
1494 1295
1020 1009
1655 369
1810 1249
477 1452
595 397
4 243
50 953
1281 1632
242 1511
1737 425
1638 1261
850 848
94 684
717 1148
1651 1306
435 24
1312 413
1414 577
522 1619
139 631
615 1038
1127 664
1571 13
234 1405
683 700
812 1484
1166 1262
1967 60
1705 360
398 677
1708 693
1889 1378
982 1877
972 1633
73 1323
279 987
319 1285
944 1827
1772 1100
1835 687
948 1606
1668 848
1901 1521
115 1711
1068 614
1158 1485
1389 647
1138 1098
39 427
1183 1404
680 1638
1877 1819
1630 725
136 1986
306 575
1722 64
695 769
1284 1095
1726 340
1170 1241
798 384
1219 240
1771 1603
1540 632
1445 1757
645 1454
65 557
848 178
1018 1797
487 762
926 1699
1948 620
443 1076
620 359
230 767
1608 77
1593 414
1871 190
909 1037
52 1637
989 1854
1025 316
390 697
1892 991
1501 1790
1073 636
1589 671
294 1576
1786 202
1684 1922
1058 1386
272 421
1484 75
941 794
1462 1772
1070 238
9 637
1910 91
1408 1737
1218 1786
179 683
957 1822
95 212
1067 1570
1350 1527
640 47
1183 1554
640 1309
1828 430
658 411
395 587
567 1091
654 1583
904 1375
241 559
306 323
561 235
32 1963
1276 1147
1053 210
424 1112
718 1126
653 556
290 1932
1443 1647
581 1176
502 351
146 638
1256 1828
694 1108
909 104
267 60
965 1850
1384 104
217 786
111 177
874 803
367 1444
1221 1826
1214 1290
1713 1414
1433 914
1263 729
640 681
1675 406
1461 1554
1374 1658
1093 161
1995 1890
1548 1566
954 1163
270 191
1665 1644
1884 1431
960 200
934 636
1402 1320
1455 1570
954 964
475 1941
459 295
1764 1835
1264 529
1870 745
803 376
1433 1879
1363 677
1616 1763
1808 666
929 999
62 134
974 232
720 981
945 1733
350 579
1573 714
1238 1177
261 1041
211 831
1675 1463
1632 220
668 1139
1331 146
1623 619
1092 945
821 1210
847 489
1272 500
1123 326
1995 988
787 136
698 427
1667 1422
1211 883
1607 892
1162 1613
701 1116
1422 484
355 1358
1372 160
1515 1907
1458 1176
1714 997
235 1213
1221 949
667 1137
200 1684
912 361
631 1958
832 143
1226 223
1404 1668
1222 1580
1680 777
671 1013
1321 1353
126 186
446 1674
285 1818
1190 1850
1547 1303
1659 1
1551 301
1354 306
928 1089
597 799
1261 1184
916 401
422 1396
1797 649
614 1168
1627 1871
1392 624
1882 1932
1919 891
1471 1875
706 183
1194 17
1253 1046
828 1736
262 1746
603 128
757 1846
1125 1983
109 2
1441 1147
1681 736
225 1764
578 1773
64 482
885 1439
1209 808
1281 652
1458 784
832 782
892 1117
433 1357
356 973
285 386
1138 788
