10000 3000
7309 241
1098 4328
2706 7059
2287 432
3512 7656
836 8448
7549 8857
2811 1732
1459 6730
900 2595
450 4252
1558 8942
1372 3854
6052 9365
8405 9757
8266 9580
7350 2402
1835 1369
7282 368
8807 8252
9629 4748
8327 501
1157 8956
6538 4261
4983 8768
2265 2634
1971 7394
5834 8552
8408 3820
9357 7215
8305 6125
7171 189
8833 2828
1012 421
4252 8849
768 6862
7772 5247
7755 1536
2947 3096
6231 9232
1395 4908
9760 6607
1500 1377
2586 8371
8187 9674
4431 2710
9829 6939
9170 8269
2465 7592
6425 9480
7818 820
4377 707
9648 5811
3758 1932
4238 1449
9519 6939
1844 5810
6999 722
8100 9042
4066 2901
7988 4655
9064 9146
3673 5461
6184 5801
1754 7541
9520 6524
2978 4799
741 9909
6909 4638
9992 6166
6288 8959
4074 4339
7034 420
4353 7423
8384 5119
2486 1062
7274 191
2506 9189
5539 1675
6324 2333
2619 5826
9503 3984
6663 4510
8891 8958
2049 6
8234 9403
3638 4357
8760 6556
8728 8222
3735 674
7142 2253
4236 6475
7857 2480
8638 7294
9863 9434
1117 6962
362 1039
1462 4914
1211 3514
1851 9610
4068 5862
9826 2675
3352 6675
1769 3812
3496 7785
6679 7
5599 3057
4074 718
4170 5263
9115 8373
1547 6564
5447 360
2713 5904
4562 4950
8120 2370
4296 2041
1596 7028
5209 518
3167 4738
4483 463
9294 6823
6588 1036
7702 7934
1071 8451
2078 4239
9742 8819
9392 8956
686 8958
8865 47
6566 7565
9031 2384
1588 4449
1305 7256
4438 6779
8471 1714
3711 5349
3027 6464
6170 4343
8945 6918
8822 4080
9532 6486
9004 7215
5106 8303
6245 9294
5118 1480
5363 5576
9640 4280
5138 808
1813 2034
2209 9816
2959 960
7828 5920
4037 6251
729 5756
1858 1154
7774 1288
6922 1014
3721 9765
8812 9098
6470 3394
6902 5151
4073 6731
2061 1639
8433 9491
4259 5369
6102 9823
915 6210
7955 126
806 406
9735 9379
4934 2227
4895 8690
9509 4100
2932 770
4806 6166
6145 4489
9122 7126
7068 8152
6725 820
5356 7141
4295 2652
236 5092
5157 6941
5967 8029
7260 5570
8807 479
9359 7383
5055 5226
3617 3151
8298 9972
474 6966
2144 3974
6055 4229
6627 6247
2144 3020
6861 5514
4739 888
1777 6497
5473 9891
9966 5686
3751 880
151 6972
2626 3060
1941 2866
2493 4819
2967 7405
7016 7838
7766 5090
6574 2201
5178 1104
6393 455
1699 1296
2898 4603
1638 1513
6104 8248
4116 8740
8472 6362
983 101
8796 246
1776 7776
9648 8459
6490 7884
8103 9156
2095 3210
1297 2833
9468 9758
5872 7276
224 4477
7310 2211
6694 4311
2689 6964
1248 2413
1818 2698
877 3341
8664 4117
3749 7844
5606 3736
7047 5665
9646 6323
8722 788
7557 9079
5741 2766
6038 4338
8423 2865
5076 2096
2022 9134
3811 8249
5314 4149
5932 4397
773 516
7033 4170
5006 6020
4673 7655
5547 2387
3225 1257
1826 2293
3172 2526
7332 4678
8803 8049
1391 7386
7183 6524
3380 3980
4809 2726
8017 2781
504 3140
9095 8830
6218 2781
1193 7779
5794 207
8895 996
1103 9941
6342 4046
684 4177
5390 3185
544 6335
9976 3761
5325 8935
8242 2373
4371 3760
5424 3761
5007 194
586 1702
8433 1133
6494 7218
7769 8277
4696 8425
1098 6963
5659 2823
4569 4164
4168 5890
4287 4291
7005 877
8712 3445
8767 5925
1081 7785
9876 3563
7379 9052
1756 256
5252 3948
9761 2021
2410 8793
7480 8231
8397 4186
8829 6325
9305 9491
6973 9607
8646 8430
2540 9812
999 5015
5153 7885
9483 2177
7854 1715
4494 7364
2254 4159
6175 3811
597 1468
9802 8855
6248 4140
2868 4388
2166 3338
9122 3710
9706 7366
2667 8544
3858 3904
9307 1691
2474 1847
9007 8192
493 6421
2575 9283
3443 2825
8472 8433
809 9472
9127 3475
2749 2388
1985 734
1917 245
3033 3769
2880 35
267 1033
8553 6324
7559 7111
6217 1878
743 489
8322 9780
9145 7879
6329 1994
184 8975
1370 4842
3103 6106
6287 1523
4732 1012
3855 9061
4741 5232
3998 1394
9661 8362
777 7907
4528 6900
9017 2266
3195 5159
5069 6696
9646 5184
1601 572
60 3254
277 7489
6624 2989
58 6064
4571 5398
9640 6213
7169 1222
5430 321
755 7142
7092 6389
6916 4402
1508 1210
214 6439
6078 4901
1418 1480
3684 4624
26 7324
8875 5308
1648 6535
9691 4406
7692 688
8566 247
6018 9203
3190 7044
6877 8983
3315 4821
9077 2308
6192 8754
9298 9251
6640 2611
6364 9944
7523 253
8651 3836
8847 7102
9143 9101
8521 9270
1939 7742
8670 7952
1191 5966
502 6079
9689 7025
2960 5948
7431 1271
9329 7447
6178 383
9744 3879
2073 365
1426 2175
7072 5874
7448 8553
9459 9160
3061 6229
241 4960
1289 9066
96 9366
6039 2281
1194 7553
5919 5499
8364 5151
1930 7546
7974 7487
4765 1479
2261 8000
4863 6310
9866 3030
1223 1583
8878 9035
2371 4593
1506 9971
9703 6600
2258 7140
4363 2901
2666 2309
9883 7824
5477 8393
9628 1220
7361 875
4331 6004
4365 2161
1725 9070
5679 4812
6109 7965
744 5226
7129 8287
2072 48
9470 2319
2070 6016
8142 1
9413 296
816 1039
6543 3598
5607 6718
4508 866
7527 2813
3462 2229
4563 7701
2911 8243
2670 9175
5376 4588
83 958
1458 7955
8523 8466
2995 2637
4290 7416
3939 1477
2233 6877
1188 6382
8885 6114
103 7889
1080 966
5758 9216
967 1499
1904 9411
6092 17
2917 7600
1790 1412
5161 3047
7003 1325
715 5943
3726 7219
873 9331
2231 3271
719 538
7576 1162
7049 9727
5144 241
76 7928
4202 1420
8261 9405
5117 9205
5362 4802
3720 2308
9298 8551
7674 6770
9718 9099
9390 3496
6753 5647
2155 9752
4213 4572
7737 1894
6774 1444
8433 2315
7769 3313
5094 8822
1355 3494
1159 582
4225 5445
744 2519
5764 9200
6608 3634
3002 1126
7673 4863
3496 5898
7174 4195
8586 3965
5528 2481
6893 8683
991 6646
4473 8941
7134 638
7034 7337
3175 9639
8978 3589
4119 4909
8880 8248
3199 8965
4975 2898
5209 3734
6269 4882
6651 2260
8851 778
5421 5473
870 7300
7280 4534
822 6447
5900 7357
5498 5775
1312 5968
6506 2613
3375 9250
2995 160
9734 558
8862 5461
5318 1756
697 8084
5071 452
9832 1667
3827 1634
1366 1641
7581 8316
6356 1553
9848 313
2332 5383
4833 7294
6375 885
2903 2756
390 6654
6078 3831
5164 4392
1363 2903
11 1355
2216 2986
7172 5141
9272 5855
976 174
2588 6844
832 1294
5235 1819
5526 3516
3000 5686
9638 4254
7212 5568
525 7178
4629 719
8067 1637
7258 3134
2116 7598
9748 9024
812 5798
9665 6000
460 3779
1078 789
160 6434
4717 3543
4982 200
3331 9486
1942 50
4546 5706
2066 515
3515 7020
748 8299
4657 1056
1180 8893
4914 1537
3628 5519
2856 8937
5885 5671
3992 6125
9292 5579
2401 749
5921 6356
1158 545
972 6678
7978 9329
9464 214
315 6518
9359 7021
8971 964
1208 8958
6339 7197
7824 4306
723 3959
7848 8208
4376 2054
3569 3176
9344 4735
5026 9520
6144 3687
337 46
6433 8041
7512 6177
2576 5476
5376 132
3572 2633
5701 182
1195 8082
3482 6218
5130 4180
2131 6409
3009 4684
1733 7527
8803 4175
3011 9538
1002 3061
9383 2449
3586 3627
5042 5424
1561 1143
250 524
9361 653
6911 761
5836 4003
93 8864
9106 6784
8363 4150
3981 229
2482 1912
1449 6292
6433 7276
3604 2230
107 4614
5481 7480
5474 9218
9118 8898
7392 5297
9267 3049
1438 2802
9723 9726
6939 5107
2745 6476
761 3784
3937 6867
2936 139
2318 7497
6063 5796
8531 3057
1274 4192
7569 7592
405 9763
2066 18
7290 1877
1489 5641
2656 3698
9024 101
2965 3098
7069 2757
1622 9962
2801 1107
5777 8593
2040 8557
9386 8010
71 5998
9266 1548
7107 1744
1837 8244
7153 3465
8775 6086
5445 9016
9022 1337
9643 5128
9323 7599
7708 2744
1544 6255
9110 8467
729 825
5566 3873
7844 8766
9894 3539
1101 8971
6152 9973
2533 8332
9534 7858
2825 8341
4524 5435
5096 876
1573 8420
2263 2755
7812 2663
20 885
2911 9031
3503 4826
8793 2089
3747 2217
2548 970
4129 1453
4546 4567
7984 4568
3464 2158
8600 1798
1082 6906
5897 9459
9871 3216
168 2074
214 2091
592 3406
831 4539
2446 3589
2150 2140
7192 8160
5885 2084
1692 3993
6111 3178
679 2141
8247 1533
6848 5497
771 6671
4153 6486
3229 48
942 5644
9747 3782
7209 7487
7531 5831
6519 9578
1573 8803
3675 2164
1164 376
2653 9802
1469 6812
1213 7696
4892 6196
9964 670
2608 9537
8699 3575
1956 478
4320 4063
8868 4521
1096 6343
6421 2658
2472 9298
1330 3327
1942 6878
7977 230
8210 916
6012 6650
9129 6039
6844 6444
7545 665
6278 3832
6456 2507
1379 9345
8391 6451
5932 5926
991 4968
9523 4702
4174 4924
593 7225
7070 6415
3217 5017
9907 3090
3682 9299
6830 5633
140 4953
9905 6176
2741 7433
3110 2122
2768 6314
2207 7109
1925 1450
4842 2407
4190 3547
6733 2252
5629 9090
5253 4368
2479 1662
8433 8409
644 8746
8078 9735
1608 6678
2417 3934
5098 1387
9844 9354
6231 4320
3615 3294
9171 5552
3923 2196
4616 7552
3059 5991
944 5975
8711 3865
3685 4023
4272 3315
570 3947
1271 1290
5994 8668
8184 6647
459 6126
4376 6059
7650 6397
9236 4401
8182 5421
7431 6577
9615 4396
5497 3267
5907 3931
7154 6074
9246 7737
4438 6440
6336 9743
8238 6264
1042 7060
3419 4594
2073 1296
2902 5624
4679 6062
363 8774
130 9383
5441 5020
8324 1435
5599 3038
6539 9764
2337 5294
6082 9433
6248 6506
4950 7319
2978 1849
3925 222
7426 4525
2240 3926
6029 9643
1945 4354
2976 6305
2008 4685
863 4339
8921 9561
3202 4061
2580 6807
1907 4932
5190 5062
3498 915
7419 9283
6761 3605
7503 3703
1709 297
492 8752
1999 8122
8698 5838
2737 2328
1971 1301
6036 8995
7318 1514
9126 4602
5216 2563
3427 5944
4578 2888
7094 8282
7548 4256
4376 8161
797 1843
8147 3179
2681 415
8668 6733
5595 2419
3647 7287
7583 7422
2164 9459
7045 6559
5308 6664
3086 3195
7669 56
1827 4566
1015 765
5851 2499
7198 8799
1031 403
6021 5333
8506 748
596 415
2491 7928
2920 2098
1077 5066
3053 5240
7588 3193
1965 6971
434 9900
4934 3715
9399 2023
3566 6521
8669 1423
8100 2695
575 3252
1993 3246
6195 5667
5752 2526
8489 6403
2884 439
9846 3056
9431 7941
4033 5636
2095 6120
5772 3494
3845 2431
2769 2471
7254 3717
3115 8556
9886 9961
2856 24
4708 5958
7761 3639
5801 3695
2117 3714
6935 6994
1428 8312
5735 570
7693 6507
1502 803
9032 7523
747 8380
3071 6375
9948 8157
1980 8285
2596 3276
6245 633
1617 232
8051 2043
2556 6496
1635 5804
9071 3642
9147 9179
2997 1469
8078 7123
4295 8752
4232 6596
7840 3282
5314 7252
4304 2147
2379 3438
3551 2503
2321 2645
8329 277
1739 9953
4785 4158
2523 5671
9179 9275
2528 3017
2927 5796
6636 937
6178 2999
5531 3459
6089 808
6384 3969
7845 4009
1093 1880
8710 909
4450 6502
8058 4519
1713 3872
104 7956
5166 3754
9157 4996
2000 9203
5308 2433
223 1176
3601 6314
2860 6575
940 8335
4700 6543
3756 9354
7759 5987
6327 1037
5142 4536
7802 738
5924 5218
4120 9318
1192 2856
1103 6035
1417 7015
4386 1180
1270 9278
5607 5406
7017 4451
278 9332
1497 9441
6160 9707
3466 9682
5260 7387
8965 8138
5862 3029
987 7818
9 2247
298 4156
2765 7121
2594 245
1166 8129
1575 2228
1472 2453
5038 1201
3307 9365
3992 7046
6612 7582
8716 9283
7437 6652
596 9280
8573 7776
3533 1216
2703 6986
8038 7928
3791 1310
9863 3038
2161 7174
6380 464
7543 5557
9450 8691
8762 7785
8925 6888
5774 3887
3408 9367
5059 3327
1889 9874
1503 6263
5388 5059
3087 506
8397 9474
5487 2977
3821 2043
2372 749
2598 1984
9603 1135
5767 386
5720 7968
6196 4462
4634 9225
7473 4655
7864 113
819 20
2299 6896
9196 7607
6483 5017
5066 8926
7132 8134
6569 4879
9379 7338
9718 7376
5072 1459
6878 3299
6319 5695
6990 554
4210 5417
542 378
6664 4003
5784 5157
3615 7705
3264 617
9648 6327
4463 9258
6990 3056
7609 7232
1296 1801
9265 5868
2251 9328
6229 3650
5261 3374
812 6078
9725 7635
131 2937
6030 5731
1805 2647
8668 2640
7581 6776
3382 6989
4911 3847
1284 5145
4752 8594
9169 9338
5496 6447
5713 4616
6783 7121
4064 4892
5414 4289
4787 3628
5037 4218
1196 5003
1988 6481
9329 9888
9652 4008
9953 3973
4235 4519
9476 7388
4671 3710
9420 4418
6717 4323
282 8616
9198 2808
2394 3679
783 9721
5378 8201
6884 2103
9920 7816
3581 9431
8736 8559
9546 4418
1635 4083
2584 1698
131 9356
7300 2115
1003 2840
1887 7844
711 7847
5355 4938
8497 5698
3158 4704
6764 6071
5517 7744
9595 2162
2059 611
4005 167
704 4945
4558 9285
7092 4988
6251 1051
2432 3661
9283 895
449 2318
5829 1748
2235 1881
3343 7561
5462 6447
5837 8664
9747 6417
3119 5420
9542 5528
7723 38
9100 7050
1293 9399
9986 3579
1127 4278
5907 9053
4889 3100
4250 5362
6498 6356
3626 1387
1188 3651
8881 9024
6079 788
3354 4860
3008 3122
6675 2582
2224 549
4075 3194
5080 7496
4797 3001
4344 6662
3407 1766
307 4936
3801 7386
9494 6811
8265 6493
8852 460
536 9047
5142 2308
9324 4598
6250 9545
822 2507
1470 7984
7179 4687
1056 7632
4318 3086
616 4950
3406 5219
958 2543
3742 8792
6007 769
2677 2654
9161 9987
4593 6917
6404 5544
2969 7348
5518 2613
3260 3294
2187 8525
2512 3831
153 2234
267 2203
5410 6575
9399 1767
3532 3350
164 3764
360 3596
3233 4156
6690 7676
7225 1110
2013 7009
7476 5984
176 7169
6994 2327
7838 9989
9994 5692
5165 4082
929 2844
4555 6066
3451 919
1282 2836
3782 9531
9112 4233
7990 2796
3851 476
3552 4438
2160 765
2082 8851
4850 7512
1116 9528
269 1489
7442 2672
2678 2170
4796 854
6117 959
7199 6777
4243 8954
7579 1665
7804 8114
5262 4268
6782 1735
9843 2997
4321 820
6330 5895
8874 3726
8796 7221
2525 7687
2431 5563
8287 1051
2948 2549
5189 9811
658 9584
5624 6313
6459 8746
4617 4174
8309 2416
4054 7954
4082 3075
7396 9395
1251 3053
1634 2130
1386 1409
773 1954
8699 7503
8414 688
3862 5680
9058 6815
820 1212
7446 811
7942 4774
591 3696
9802 2475
5776 1697
9630 4126
5816 2920
9801 5216
1793 8094
1672 2829
2876 2329
8065 6354
4171 4093
3610 9136
7445 2979
2680 352
5910 4740
2452 2365
1852 6156
2887 6175
5252 4271
9685 6267
3152 3200
25 8841
3204 3316
4750 4824
4949 7256
304 4993
8229 8497
8178 8333
9818 9505
5417 193
4440 7613
341 2724
170 6131
6186 8315
5724 1170
5132 3105
7344 8141
4217 2977
6509 6999
3428 2621
9794 5187
6785 3821
4392 3031
7412 8160
7769 5225
2794 2622
5877 9294
2517 288
6855 1320
6544 5723
8893 1372
2323 9906
2193 456
6044 9384
2584 2473
9708 4684
1918 1169
5286 6726
3578 689
2485 9690
5206 5175
9529 6591
3811 7142
4004 7591
2526 6695
2824 4861
2948 701
7070 6177
1246 5493
4247 8428
444 9032
5565 1591
3188 3355
1753 3655
8820 663
715 4467
9403 8757
3678 2573
1053 1372
2897 2488
1547 2833
1250 6097
4851 8379
1846 6103
8820 2518
7135 8904
6835 8779
8184 6578
4882 139
1704 9550
1798 8698
5353 4295
9114 8803
959 6381
5068 5007
2189 16
698 6362
2911 9340
8233 8157
7246 8593
7872 4007
5140 8533
5363 6353
6582 4617
6543 5093
1946 9762
7133 2119
3567 4853
2954 1832
2309 7146
2373 2934
1231 3168
2999 281
5008 1048
746 4659
2673 4145
8715 3555
1848 4611
7957 8374
9312 1834
1476 7718
7316 2514
6657 9636
9985 9734
4550 9427
8632 1582
2636 8417
3264 1817
9004 327
935 3594
7078 6919
6715 344
2755 35
1023 89
5699 3223
2643 8835
5516 3169
8913 6489
3090 1579
64 5272
761 5352
2941 4427
4003 8675
3850 9009
32 5821
9063 2652
6848 2801
9250 1024
978 7391
6523 8749
7082 2688
7494 7146
3999 3722
2906 9107
3389 8219
9985 6314
3340 3515
7925 6677
1365 8285
5509 1869
8886 6595
2901 6516
7453 1717
4061 7112
9047 4993
1781 14
1219 3111
2541 8288
2570 3296
3697 9975
2497 1625
8857 8325
3667 5724
3062 7555
9832 1038
8657 7814
5331 325
6653 7902
8078 6319
1557 712
6923 6066
9536 2737
103 8819
8564 1646
4365 4053
1230 2088
7653 9941
7285 6714
1914 7548
8244 1814
5773 9723
6865 9496
8737 4047
8865 4898
5734 8151
2920 273
2469 6403
6175 6040
6542 8747
6300 2799
5799 9417
1544 2267
5304 7344
3345 5048
8311 9719
9266 2663
5627 5344
3663 9869
4471 7130
148 7281
4881 2237
9492 9959
369 7292
4393 7786
2339 6751
6932 9671
4990 1032
7175 9406
6494 7937
354 9215
64 9065
9754 7493
5030 8160
4177 9162
5767 9355
4657 6646
4519 1234
8341 3171
9966 8259
4953 1844
6734 7571
3974 4735
7510 8504
5626 3380
6532 9528
8789 8737
1751 6240
4800 9573
8745 459
4346 4752
5178 162
9912 2731
8434 6464
163 5353
2801 1938
515 2688
6529 2287
7516 641
6500 6558
4750 9059
9861 1003
297 8919
2936 4433
8760 4140
5875 8522
1711 3629
9 9115
8842 9391
9103 3113
675 5405
7905 5000
8862 9029
3883 9749
7762 4292
1737 9066
5696 6816
3876 239
2448 7325
6072 209
775 11
3488 753
5652 6396
6608 1669
9703 9773
5831 3331
284 5857
6348 4797
1591 9142
4278 9263
3139 7181
8870 4821
7078 7354
9331 849
8236 7862
320 1939
8697 7735
2655 6791
573 512
1852 3344
7008 6101
2014 780
3784 4447
4844 4965
4130 2155
9855 9754
709 6446
7930 4494
5619 6914
9153 6568
6132 2701
4930 633
6191 2323
2066 1915
5302 5640
9788 7147
7827 2244
5168 6971
2921 3019
2963 2047
9978 130
5436 3866
3531 4832
7203 482
4238 8175
5035 7871
6371 4974
8867 4728
5336 6101
9786 3651
9844 7162
5346 2798
1580 3798
8756 3691
5121 101
8014 1341
2248 4710
5457 5697
3575 1666
2724 9764
924 55
4082 6462
2093 3029
1498 1114
7739 3881
2346 7591
8105 2574
6974 4436
8783 8939
4037 5678
9105 5260
5264 9080
5321 2802
2965 9576
5002 2791
5674 2293
5123 1662
6654 1895
8231 5369
8016 6034
1377 7351
1091 897
5505 856
8669 773
5952 5055
9819 1520
4233 7344
7441 5035
4412 7727
3774 5999
3520 5843
2313 4876
7183 8666
4847 1838
7558 1952
5840 9513
4920 9357
7528 3268
4260 4742
9881 3329
601 5462
3791 8001
8365 8755
497 3642
3199 2045
8682 3568
6903 1363
1125 3294
3927 8539
9845 2986
6998 614
8405 7774
8291 8765
2869 9123
1120 5778
2853 7863
8902 7786
3217 158
4674 9091
7124 3014
5177 1026
5136 2975
2003 7294
5010 6695
5353 3485
5365 3710
7908 8387
820 1664
8387 9250
1760 5837
6961 7838
3081 4793
4575 6251
8136 1436
7852 7254
6208 2664
9708 6513
9648 1070
5086 3678
3440 6489
2238 9629
9906 9431
4210 6162
7046 4293
5595 863
9988 9627
9423 9599
476 606
1838 791
8721 9758
9079 5576
7860 3734
9461 278
8705 3834
5577 2683
1560 1393
8853 9740
6711 8554
4760 4711
2789 4831
6388 4538
8432 8466
4875 7501
9550 6074
7177 2797
9193 6078
8033 5384
9356 5711
8519 2072
8493 1822
9705 842
2936 2351
1171 7228
9566 7582
8828 9982
1213 2256
4903 8665
8855 3073
9969 7404
1343 7572
236 5377
9513 8670
4903 4304
5386 1621
4357 3377
6971 8133
2620 8571
6410 8575
1718 1360
2986 3566
487 3440
8654 8238
5599 7118
8788 1870
1343 9472
4027 9991
8056 8828
1308 4508
5515 9445
187 372
9386 2735
1727 7296
7668 9456
770 6069
5172 2422
9180 6967
6930 9588
3404 3622
6123 1466
5130 8268
8823 339
7614 195
5217 3198
2074 6465
328 1992
1997 9432
3951 9577
1308 171
4074 8727
2059 9397
7772 5037
2203 5164
5728 1987
3988 6990
693 9404
968 8702
5376 8766
1656 8230
2016 700
4644 5370
1000 2223
4905 3477
7554 3385
6562 1142
5624 8699
8130 3370
6212 6588
2292 7207
1293 3556
5713 8351
9824 6570
9312 4020
3425 5788
3965 989
117 5471
8922 5272
7049 1481
6009 4783
7379 4036
1409 5478
6322 6154
3923 9582
7985 9308
3047 5851
5681 1896
1660 6224
4755 4033
6438 698
2196 8325
3932 7726
7966 2978
7487 462
2596 8925
9741 6912
6197 6716
77 5622
4086 4834
2902 8540
1347 6189
4177 4202
1126 6754
1255 573
1718 7567
5298 3355
5485 8773
4909 6711
4352 703
6117 2039
614 3096
9179 8960
21 2218
8035 3507
136 4327
2339 7973
6877 3417
6918 2201
8342 1679
4314 4247
4434 7427
1902 8665
9487 3767
9699 5194
3464 355
9427 6747
9423 736
6855 8115
6589 4262
9943 59
9334 2846
2837 8285
8792 4559
8342 7444
4418 5242
5745 1834
3886 5385
8809 7434
2225 8044
2020 7431
4357 3221
349 6961
9058 9175
1964 1732
6288 4440
576 3328
4999 3413
9678 8256
8565 1066
8311 8085
3368 8985
7699 7262
5885 8389
3645 3835
3514 6631
4653 7781
7365 229
4114 1545
3811 139
9914 205
1847 5720
3163 8400
6868 380
3053 8929
2093 6487
2184 5713
4334 2734
648 4293
1112 2792
3812 1393
571 5835
7377 7567
2195 120
4400 4580
1087 323
928 8106
9693 4459
1634 9258
3525 2615
4436 6083
3936 9025
1234 975
7909 5072
1619 2367
2363 4540
8913 7629
462 9624
9143 7777
2475 6387
4191 9410
6667 3354
3004 2908
6115 1281
8127 4892
2362 3040
4746 230
4343 3506
2825 6869
1634 1768
8743 846
581 3153
5005 6269
8616 7072
1626 6251
3525 824
7781 197
2447 8949
6544 7351
2783 919
2482 576
521 9742
5493 3874
6405 6785
2221 1149
9360 5905
3221 6706
8909 9559
511 164
5554 7617
7796 9911
5129 492
982 1570
8109 3988
2238 5465
9226 202
426 7560
3543 7561
1466 3105
568 7397
2813 2626
1533 1789
3346 8857
6237 9280
676 8345
7744 1239
6388 8121
2336 3042
1966 409
4160 5181
4577 6677
1833 8127
1818 9331
2740 8965
1121 7766
104 7452
4208 5020
4013 6670
882 2371
3696 4941
4803 2159
3010 5908
2363 1522
6510 253
2361 5609
2967 3518
9630 4422
1349 2326
279 9558
4450 4999
7309 7774
2954 6158
371 3412
2993 6893
5786 5175
1547 3681
2139 7706
6701 1293
7629 9875
4917 9130
395 2195
4430 5652
5884 9574
8849 5747
1835 6264
608 2154
1733 1742
9421 1810
5238 8799
9527 1490
2798 7043
8856 6630
4679 9940
8780 6777
4183 7848
9110 7012
8417 6903
2080 3505
7596 6216
964 159
8196 8611
4412 5112
7475 4241
388 8376
3781 7182
9134 1452
9250 1795
9370 533
8040 4778
9294 2141
1405 7163
4928 715
825 6614
9360 8669
3304 6440
9961 2095
3234 5342
3776 4565
8853 4408
8354 7161
4431 7358
641 8261
2585 1922
3671 9406
8648 6722
5220 4495
7073 3072
2426 160
2756 1081
2728 3266
8056 2432
239 5887
5388 25
3411 3569
33 999
338 298
8988 8504
6176 4075
4780 6608
7430 3921
9728 1823
80 56
8457 8538
9368 9309
1475 1988
4131 1952
6656 44
380 9497
1513 6300
9302 2495
3852 2276
8102 3303
7484 9536
8716 9457
7534 733
6361 146
8877 5519
4919 8902
1347 8973
6968 7865
4228 6366
4014 666
831 378
9777 9659
8439 4544
3591 4081
7120 1946
1586 4003
7302 1352
1575 8576
1396 5216
1515 9899
9098 6052
4246 5403
8213 2319
9394 5064
2459 298
3099 4257
198 1121
5948 3334
5308 3919
4551 6765
6736 492
7316 5270
6146 9417
9949 9786
4103 4643
9536 4479
6627 7077
7236 2430
880 1565
960 9020
2261 4375
263 2282
8833 1501
8307 2494
2258 3646
8411 7320
9773 4735
19 2446
6408 2306
552 8698
5680 8206
1148 8141
4294 5321
2228 7661
3726 5874
3157 6744
5105 2618
3642 5644
7446 286
138 4828
1429 2613
1552 9176
2286 9039
5440 1757
8995 1904
6860 1138
2895 5364
5669 9249
294 4700
6514 1875
520 997
7613 9857
2833 3590
908 4334
6988 6692
386 882
1397 2094
9201 3970
8559 2349
7509 1420
486 1471
2880 3286
2084 9303
7000 1125
5749 1468
2050 482
4334 8723
6132 189
8156 7036
7131 5327
3677 4237
5113 6256
754 5005
2912 2365
7206 6865
3585 4913
6273 413
1755 1444
5455 3877
113 5996
8180 3359
5065 8058
2440 4252
3849 5730
9148 6912
1362 8048
6715 8762
2771 2674
5208 1664
2068 7518
3003 6460
7423 63
8346 6423
6854 6348
5753 6557
2501 2131
4523 1255
7241 6698
8943 7242
8367 4417
4808 7755
7653 1320
2616 9473
985 3403
5925 247
599 6764
1784 8361
4970 8202
9268 7920
4938 2386
2058 3856
5132 4455
3433 5040
879 5034
6870 6200
8974 2497
1810 2471
1424 5510
7092 4142
9906 5838
2681 5848
4208 9419
2820 282
6549 4529
4638 1441
2028 1657
8079 3205
8958 9019
1316 8704
2405 7596
4081 42
7030 3826
5026 3693
5528 9614
4711 8200
8237 2929
1062 8655
8468 4543
9613 6878
8796 381
6639 6639
4255 300
5691 1612
1651 717
2978 1493
2638 6080
5096 3213
4571 1348
3056 4050
481 1941
6578 835
5095 8649
6945 69
3928 8138
2332 1647
8278 6309
867 958
3320 2674
1024 3304
1721 9744
7320 9024
9704 9903
811 1314
1466 4523
532 217
3439 4880
7780 1914
3944 1753
8133 1621
9662 7646
9090 6799
747 1720
6357 2550
5813 835
8313 4234
1615 9533
4668 7646
8584 5385
5975 155
1974 1263
3376 7169
5583 3662
5533 8686
2714 1956
371 7743
2728 9145
8659 7269
8563 57
7728 2255
7668 9810
922 3715
7667 1835
6808 1734
6992 451
9053 8389
1820 7701
2534 2127
3323 9761
9636 6295
4118 7883
8035 1977
8774 3244
7949 5552
3715 661
7331 6869
9170 1738
115 2983
4699 8963
245 8996
6003 5766
7628 8201
516 242
2781 4209
4804 3182
2212 3495
6476 3052
2659 1992
6402 9586
624 6299
9871 6266
9036 5774
7470 4253
6528 7736
327 6373
7250 5842
1087 7159
1940 4029
9472 5975
2328 1466
5274 900
1892 6662
4886 2379
6364 1192
73 7870
159 3565
3238 5964
761 8564
4228 2565
4622 3472
1844 8818
3640 9469
2244 4728
8878 4798
8248 1081
3611 387
168 4939
1756 6965
9842 1223
254 5184
3746 768
2415 1654
6035 1168
6178 7804
5976 9013
6360 4765
6624 4016
3787 5407
3813 5077
9011 1487
1532 52
5339 280
1942 4525
8171 6892
4253 2548
8038 8284
9589 6955
2004 5244
7741 4044
9041 5521
5259 1822
2242 8946
1252 7358
8073 5399
1614 2196
3838 9704
6097 9221
8156 8302
1614 5593
5936 4254
2536 6167
748 9807
7568 2635
3721 6281
310 2516
4844 4796
7130 6059
4591 6928
7579 7677
2316 601
5868 1060
7235 1668
448 7548
3336 1002
8193 7600
2008 5926
6296 4319
7876 8710
3767 7884
1003 3548
1601 7974
5211 5029
3740 8685
262 3043
7247 4858
1195 4944
8246 5314
7521 2967
6281 817
2655 9219
2831 5445
4253 6463
8653 6600
2417 7388
3047 9094
8458 4920
749 7352
6826 7023
4108 2230
169 7297
6181 3390
2357 7836
1108 3384
5543 3412
8987 6569
7797 6842
2267 5868
9892 2055
3570 8668
7066 8257
7786 9952
854 6660
495 4314
8471 8575
6446 9689
3830 2890
943 5483
6071 3856
4256 99
5683 417
8599 9896
2373 7771
3278 9466
6851 1374
5364 9768
7363 7030
4217 145
5150 3144
5271 6742
7377 947
7761 8196
9755 7592
8189 5555
5641 4173
2602 7149
1262 9613
453 3953
8634 4255
2412 2965
7813 3442
6594 2134
7462 3380
2954 978
2885 2875
2413 7900
1693 1744
1229 7616
6079 8030
6979 9941
1978 8058
1747 6930
2694 938
4826 2583
8900 6095
1869 4735
4395 9052
6622 9456
9068 3813
531 6141
2880 1697
6961 9480
129 3397
9577 2936
3067 485
2953 6771
9317 9005
228 1568
4361 3021
6513 4402
8118 1269
993 6920
8952 415
1171 7383
7612 317
3540 1318
6555 3179
7302 645
5611 177
540 4772
9557 3249
3419 3027
6771 7518
3008 4159
4582 6173
9463 3668
1854 7219
2620 9228
4566 7268
7099 3960
9097 88
8847 3643
9222 533
6516 5327
4262 998
2561 5732
9012 5326
1782 9890
3588 9908
3685 2085
7570 2589
8082 2953
8863 1426
2623 9382
1932 6351
3641 5703
783 4891
9228 7033
975 2056
7053 6878
7415 6474
5426 2813
7433 2724
9060 4977
5832 3366
9636 8016
4339 9608
6122 384
7417 10
8285 8948
7125 4938
46 6860
8113 5954
6764 356
2780 731
8940 168
1693 9258
2815 9749
762 2719
3051 1274
6086 4904
3903 534
4580 4245
8884 9379
567 9582
3690 2841
2571 5710
3153 4052
3380 2840
108 2749
4009 5858
1102 668
2523 6132
5430 5637
973 1860
3707 5532
4648 5384
548 3704
6633 9518
8263 9084
9180 4667
3411 3173
4024 3158
2658 4826
4036 6458
2675 9701
6992 2167
119 8805
437 5683
9246 8821
3777 2007
2070 4415
4428 1483
2650 9500
943 7280
5462 9805
6436 5130
9850 2194
925 1932
2338 3977
8134 6578
3246 1233
7883 7534
5063 9634
6090 4553
2623 1075
244 6291
2987 9754
4395 1523
9280 3329
7343 5602
1603 9601
2170 2963
6481 7313
1246 3754
1637 7891
6102 3804
6567 2099
6940 4491
7758 5219
2477 8335
6532 4127
6277 1686
2325 417
6976 1974
7350 3745
434 74
9357 9718
2595 8734
4401 5168
2252 4432
1001 3131
2724 1735
1029 5798
3773 5438
5811 163
5207 1542
4439 3439
2287 1645
9534 1722
4908 3896
809 8478
7236 7949
9688 7553
2289 4276
7638 9920
2079 6134
4118 2152
2513 1531
8221 8934
3871 4168
5265 8843
1794 9679
2955 122
4957 8893
7916 8072
680 7069
8073 6263
9414 3249
3424 3842
2788 9649
9660 9146
7046 5805
1561 5865
937 2719
5576 7656
8895 4749
7100 4505
940 8516
5465 8249
5887 8640
8691 3148
8872 2815
5254 7164
7829 2212
6628 2817
295 8322
4361 6520
7902 2054
9577 2758
5938 5000
3551 5225
6116 1314
9595 6420
2766 9101
2606 2829
3008 5741
142 1742
8738 3005
5779 6648
2753 4914
7328 2820
9052 6737
3092 9650
4128 2954
209 1486
2778 2663
4026 4482
1429 4710
9335 9395
2868 9733
188 221
9921 6841
6463 2790
7265 652
2202 6716
6530 5
4298 5615
863 9515
5920 7051
3182 3033
1094 7819
4671 645
308 3795
1227 818
1383 9420
3599 4025
6075 3290
8827 2911
2204 2627
4881 7597
1535 1423
9698 3641
6264 95
767 6880
349 8666
2353 7560
7961 611
5249 6554
4604 6558
1817 6849
900 7767
7143 2127
6405 4611
3579 8614
5800 170
242 9379
5335 3740
7587 2843
3275 4447
6942 1477
7286 6974
2403 3653
1824 3369
3248 6724
1879 204
4244 4639
1527 7132
4910 2249
3278 1625
6375 5718
4523 4714
1906 3222
7533 2928
7601 7699
6363 8575
5932 7809
6885 519
6914 3415
4113 9903
4790 2951
738 4546
7022 1139
7756 5371
5574 1640
8383 9020
7232 324
1418 8101
9251 3094
2826 4912
2995 675
2764 4703
9181 3592
7296 5041
4369 4380
1275 8130
2757 3589
4402 5659
7019 5493
3218 8209
6369 9382
4187 7351
9344 177
2712 5881
4808 8783
6058 3693
6202 2242
6849 9166
9304 680
4602 7662
2834 3242
8450 7109
4362 1036
199 53
9759 5553
3722 8207
5525 5128
7893 4390
2858 1498
6404 4564
3842 5264
9667 9887
263 533
9529 3611
7815 8744
1273 4291
7002 818
4993 8008
6727 1538
4811 3640
7465 8278
8562 4292
4519 3478
7489 840
6492 6147
1350 8884
7396 5758
6810 4201
6785 7658
2153 6353
3832 6622
9068 1101
6026 4865
1428 8511
6108 8480
9977 9360
550 980
2444 7419
7789 2736
9452 1803
182 8471
5048 5481
672 7446
9210 6309
335 4753
3870 5953
6749 7019
546 5529
599 3734
4063 7278
4375 6961
9702 8343
4025 3462
444 6494
7915 7210
3457 365
6629 7717
1971 8979
2223 2999
3005 6892
6723 7789
9415 4608
1332 265
8387 7408
8325 8308
7060 5392
3573 8232
5399 9795
765 6345
7713 3363
9383 6795
3349 4992
2772 8439
8253 7891
6551 395
5160 5287
359 4960
9356 2262
2278 1933
7462 962
4299 9192
6924 1274
8931 6578
7255 488
6671 6403
3375 3061
1003 1143
6590 2669
9468 243
7776 3141
9507 9525
2906 8339
1313 9284
8791 2618
8037 1967
9206 2522
6860 5290
3344 3824
7597 1482
7497 100
8748 6929
5046 4300
2812 6640
9623 4784
2585 495
3380 9689
8775 3841
1428 3890
5355 4956
9856 316
1851 4625
5879 9267
6858 7367
439 6233
9811 2944
1041 5571
8825 7196
3111 33
6028 4235
9950 8692
2661 4450
3802 9199
8399 4554
4020 890
2404 1235
7634 8828
1830 6788
7725 8225
92 6331
6176 4442
3634 1867
5632 8646
9502 849
1687 6220
4139 9518
2326 8373
1527 5384
25 3273
7353 760
1875 7799
892 9816
2558 6755
4889 697
7312 786
3336 510
8408 8838
516 8481
1075 7443
2611 6589
2462 8663
2714 9841
6794 9016
2849 4850
4902 8628
5346 495
316 7499
2414 8460
8318 9494
5553 9257
3013 7651
4516 1456
1234 6865
8845 36
6931 9705
1841 9828
6306 1806
2810 7738
6655 6422
2170 255
9134 543
8690 2187
275 3934
1967 7476
931 2871
6903 3189
4335 4598
4413 3578
5343 9747
6251 3013
4147 5473
8552 7939
97 1331
2927 180
4838 2337
4887 2660
6127 3522
6682 9776
305 9594
1475 2560
3651 7513
5968 4074
147 2993
9033 4363
9337 7395
6637 964
4095 9995
6173 7355
13 2161
4812 3970
6152 5215
2179 5052
689 5767
5815 3643
6962 4192
8213 1297
8730 7203
6017 4562
267 3983
6556 4457
8357 8959
2407 1948
5772 9339
7402 8166
4076 8484
6053 4530
6555 6736
2495 3238
2084 3782
7011 630
6245 6607
7596 9902
8667 6681
4649 9590
1208 2120
6109 9527
5086 9289
7940 2854
2211 828
4204 3048
9910 8593
6340 3024
2717 6730
9236 2111
182 6289
6832 6524
1191 7434
9326 9559
6688 2899
3099 5649
6177 9999
9667 9844
2529 9634
9883 8982
4063 3529
5253 9058
7823 6551
9110 8434
7603 8118
7389 3069
6098 7108
203 4934
1990 4048
