7000 5000
4751 2600
344 4534
5877 1868
499 5854
2123 2109
133 5558
6922 6959
2895 4428
5885 367
4920 1923
2865 895
635 4153
3636 928
4187 635
1942 1672
2669 4673
3043 6793
6740 5579
3408 585
5259 3494
2320 1173
203 2676
4973 6457
2952 2745
3344 5342
3070 3856
2409 5095
256 1314
3018 366
2383 1230
4844 210
871 4990
1733 6620
2565 4185
5864 6397
6079 4164
6419 4764
5840 2819
1761 3104
6806 4774
268 5383
5950 1230
3122 6248
5319 643
634 1840
4632 4125
4706 5164
4492 6013
3425 4416
6006 994
6944 4324
6539 422
4974 3870
5401 4297
4263 3613
2597 2206
1598 6849
4713 2401
2000 2693
1992 6546
6289 2966
1892 3735
2579 6130
946 5678
1975 3646
6004 3359
2965 653
2884 4592
4143 627
2968 5353
3967 4958
1888 3678
6442 3432
1883 4665
6782 6774
1027 4405
2007 6361
3340 5523
4791 5456
1132 4961
2133 6520
2351 2799
2572 967
668 3347
3450 4138
1216 4719
4049 5183
6330 1623
1474 3720
128 1367
990 3430
2158 6272
4544 5828
3850 6086
828 1036
280 6831
3535 197
5653 1368
599 1085
4219 4337
3180 3460
2903 1045
3296 5710
4563 1978
5833 2404
976 2760
6757 2758
4846 4987
5052 883
5917 371
605 6052
2908 3678
3350 5168
3685 6068
6839 3570
2370 6207
3909 5736
1103 6009
1503 5929
6275 4830
6719 4173
687 1248
64 4863
4859 3031
5521 5320
3716 3108
2626 3593
1448 4168
5919 4818
2289 6333
794 1903
2436 4042
2795 396
4622 4241
4303 4750
4164 6915
3496 2337
2645 3147
2610 6204
1462 1174
344 6669
6019 5989
1726 3527
4253 2280
4712 5042
2576 815
2846 2334
1357 972
2359 2244
3987 3596
1833 1388
2364 2126
4966 6173
870 1898
5460 2283
1156 787
1695 4524
6872 4168
6184 1384
225 4903
326 4423
4407 6546
1599 55
4001 6820
6738 212
3028 1665
2309 4679
3494 5998
3645 4268
1034 6808
3718 2417
898 5868
5787 6921
983 3641
3542 4041
2155 712
1121 2282
5994 5479
955 2898
6584 648
6098 6499
1823 5959
610 2680
1284 4154
2748 2262
3715 5167
6026 4202
5506 6366
607 5791
5636 2579
315 3551
823 5777
6507 4271
2602 1560
6894 4573
5416 6862
5129 292
5198 5139
66 2015
1122 4804
3082 1804
5517 1603
2174 3852
1241 3970
6668 1533
6010 4070
2316 1080
1627 5201
727 4230
5926 6140
1755 27
3558 552
4020 4569
5008 1709
5817 1460
318 3426
5636 2156
5025 3116
5170 4784
1923 5225
2857 3967
4346 5382
1476 2459
6887 1900
2394 5473
3974 4016
6527 5162
3213 4898
2926 4452
3941 2421
791 1794
921 6185
6259 2354
3438 3664
2666 2027
5427 3481
949 1444
3808 2613
5412 931
2848 5710
3262 5774
1050 6339
3963 6883
6593 4008
4924 3376
5630 1924
238 2384
2195 4158
1763 6972
6413 3351
499 4607
6323 2648
2144 5530
2602 3369
3207 6628
3621 3484
3266 2136
448 2199
3978 5966
1794 2784
5213 6706
374 2528
3668 3358
1813 4690
1365 4392
1690 6387
5123 904
5025 5004
2701 1059
4956 4422
164 5917
173 6574
3107 740
6394 5774
2731 2890
6282 6276
4530 520
5366 404
4249 1725
2967 4387
1626 1287
6867 4389
3241 5881
1879 2378
6565 1323
3063 2716
3387 1767
4530 6008
2038 112
296 6927
165 6186
4314 840
4109 3260
6483 3973
347 1286
2320 2470
199 1885
5174 6328
5637 2026
277 2232
6144 1013
6661 6423
3096 5369
3283 1075
6704 6067
2212 696
627 606
4133 5916
5763 6246
6002 3403
166 121
6084 6802
4438 4956
1244 783
6029 4819
6494 3205
1592 6812
4962 2558
6429 2652
3483 4198
6091 192
2476 2246
3760 1661
817 2165
5375 4721
3862 3085
2386 3519
763 1821
3329 4596
2282 3960
2330 5758
4369 4151
2004 3133
142 4072
5961 3225
3054 6249
4478 5854
888 3705
1836 4734
204 3256
6318 1902
3663 3030
3906 4614
893 5266
2545 2724
1178 6633
5161 686
782 4595
1387 1702
4013 4862
2048 688
1158 3303
5051 6866
3880 4288
5924 6879
4642 6231
1905 483
6287 4043
2065 3374
2552 6067
2768 6835
1234 300
2634 5645
4632 4905
3331 46
2197 5656
1714 6186
4608 6511
4004 4470
4095 2565
5342 1932
2637 3780
5808 3957
4215 4545
6060 6006
668 861
3488 5729
635 3078
1043 6201
112 1328
4260 6129
996 1362
1617 3585
932 320
3475 4057
1399 5130
6580 4298
3992 1146
6136 4482
3426 3272
76 2431
964 3568
2411 5898
5544 2221
4281 2641
5039 3045
4619 5327
1360 1160
2378 4287
5612 1675
6577 5030
5853 3042
4255 4953
2059 3868
3792 1726
2705 6118
5900 6983
1109 1346
4296 5858
6795 3882
81 2603
3411 1469
1232 3855
550 46
2555 5747
1538 1633
5686 769
4406 3757
2712 776
501 5120
3840 4870
1282 547
2871 5213
4581 1852
2826 5152
116 1579
2250 2329
6724 3492
4788 5975
2505 3009
5116 6284
3304 2087
4597 4433
5256 5402
1660 635
4855 1249
844 5986
1774 2294
1461 2154
4618 839
1038 6529
4279 4812
5283 6276
3138 2705
4716 6325
6992 4852
4955 2272
6614 6040
5046 5477
3879 1715
1378 22
6418 1900
1774 749
6582 5038
1201 1175
1351 3896
3 2649
638 428
1123 4192
6613 3602
3485 5447
3865 2680
2479 4100
6226 961
1973 4589
3222 3091
6340 3159
5786 3887
2909 2554
6871 4277
2597 4348
641 4960
6900 1753
1361 5192
6829 2276
5828 1171
6881 3582
4592 3618
4015 5695
6464 2053
5615 986
4571 3567
5342 2853
1459 208
2996 3819
6314 5489
2835 5968
3475 1752
5055 4586
1565 3134
3066 1467
6125 88
1605 3622
2958 4310
1597 46
4803 2543
2691 771
3022 2079
4119 107
4971 2237
275 5303
2253 5257
3922 3263
360 5698
5770 2073
2247 5123
469 4688
6745 250
5883 3857
4978 5180
3724 4017
1424 3879
6144 5305
6149 4470
6615 852
313 3028
237 5022
5844 1255
5781 6031
1450 6971
1079 679
3438 6833
6929 979
460 3633
5223 5822
511 2575
799 4458
2274 6985
1591 5367
5030 6042
137 2726
6859 5505
6949 2593
5811 1387
4808 5916
3001 4230
117 5444
3303 3411
6863 5470
5486 504
533 1581
6759 6237
4109 1209
5972 2185
688 1414
3633 365
2258 4986
1628 5642
4141 3353
1417 5205
6119 6899
6864 27
2550 2243
4593 2873
965 2798
3820 4655
6850 5705
706 4639
3793 723
953 742
1496 5977
708 1521
2601 4843
5134 165
6281 1388
6462 86
1782 5227
3069 3772
666 5934
2022 2522
6860 5578
5262 1566
6123 6192
6047 1088
2544 437
3108 5783
2352 1459
2286 1151
4629 2585
3392 1852
6843 1543
2235 1633
1451 2417
2125 5715
3602 2168
758 4014
2910 4741
2979 2858
6328 5258
4285 3684
6796 5170
5629 6814
1397 301
6839 4795
3160 1276
4407 4659
1726 5753
3555 2842
5293 6643
5588 6524
2365 1700
2804 5732
4127 4519
6799 6088
6507 2204
744 4205
6336 1727
2116 1788
3832 2137
258 945
4236 5394
5171 1528
3893 1146
3828 4808
2646 3050
4619 3096
5393 4821
278 2641
5745 857
5157 2940
65 1301
3453 3896
2742 2759
5308 821
1533 2933
2510 1334
3825 4480
1526 6161
179 3597
6630 5052
3740 4863
4719 5690
3564 5988
3272 3880
6833 1996
2070 5926
3058 4923
2768 3954
5559 3287
2460 329
1920 6252
4154 884
3449 3489
6342 2207
4731 3283
4859 234
1344 4196
1364 2463
4890 5715
4294 1626
4653 6160
1144 1065
5435 2730
6460 441
741 2534
6496 6274
1159 6566
2836 3758
3244 1355
3774 7
5396 1209
1642 1410
2469 2520
659 1513
1935 1666
3577 739
5933 2005
1263 5610
4550 6928
6354 3066
41 3911
1306 2824
819 3857
4505 5627
3229 5725
1741 3870
5476 3083
6811 3797
5786 1989
6251 785
3176 1053
2608 6251
1094 3276
6335 2680
2320 6716
5528 5984
3479 4891
3227 4376
588 2842
4001 5488
6066 4805
221 1817
4986 1460
6291 1927
3024 2968
2785 4108
6744 14
5002 4909
6158 3262
633 5289
1885 1132
4096 1540
363 1731
2474 3567
761 2782
3147 5358
1474 3488
1235 2335
2549 3169
5532 6728
3938 286
2139 3455
1471 1340
3263 5590
4239 6835
872 3809
6605 677
2837 5621
6003 831
5373 3314
6583 6611
101 1318
2614 1055
4708 4154
3146 5623
3725 95
3983 5357
5491 3291
3461 6319
447 2482
3482 2119
6079 5195
950 4945
6612 6574
3689 4113
3055 6398
3880 5833
2745 6916
4383 2989
915 6435
1466 3474
4356 6223
3142 5528
656 1232
57 2762
5797 4835
2113 1619
4219 6659
5035 5961
3728 3563
398 3808
2308 327
996 4011
3771 3008
411 4910
5623 3026
2068 3488
2765 5530
2427 6282
6711 193
4447 2190
1465 2403
2924 3417
144 3660
2660 2439
5210 292
4881 915
2927 5996
300 4353
6052 3246
2037 1436
689 4383
775 1033
5954 1185
5185 4043
3532 2251
2830 3753
5645 5057
2000 6764
6840 6003
6722 4289
4662 3756
333 627
2676 3054
314 1203
4992 5930
5225 6656
829 3129
4200 5943
646 2768
5217 6138
2474 3462
3283 184
1507 6118
2105 5912
5349 6085
650 6856
3551 954
6502 1570
4677 2138
2484 5043
4212 4417
6998 6503
1997 5688
6546 401
3066 4697
3875 1763
6232 3580
2252 6119
5644 6376
1522 2268
4109 5501
375 4954
3266 1485
5556 2335
2234 42
3336 1697
154 6407
3395 5384
1064 2251
2188 3789
4908 6474
5201 2607
796 1814
1842 149
5809 2660
1811 523
5009 2358
5966 5833
4992 6775
3774 4817
3447 5201
4877 2694
4436 3188
3897 4569
103 2810
2791 2619
2838 6739
3641 1244
3785 6999
6084 4088
1726 4361
5716 1393
5514 3196
2095 3301
265 5413
6982 4681
644 5173
3986 4599
2829 681
1701 6128
4339 3025
2491 2391
6152 2584
3699 5526
3829 243
1278 5119
4792 1366
5114 2881
4628 3536
3403 6267
192 6156
2326 4559
6096 4021
1923 3075
4404 1079
3101 4974
6961 1012
795 3242
1789 1732
907 4676
2371 1464
1304 6283
6370 6017
3286 4507
3347 2884
6155 1784
3426 4910
2285 2617
6312 2976
5164 866
5442 5627
5187 6241
5212 2604
4115 4388
4363 3213
1845 3310
4054 6200
3801 2346
6768 3682
1286 1456
3278 2363
28 4364
6799 2737
6250 3802
5376 1412
5599 806
3141 4753
5351 3426
3427 3362
1548 5214
238 5070
1837 1136
4995 5079
4124 660
4912 4675
5998 3349
188 2663
4996 2048
1364 4664
5125 3866
5607 746
3034 187
6087 4927
6471 5359
3190 4523
4189 1582
6966 1323
3751 3024
5924 1961
1436 3869
5840 1637
2644 1087
2401 531
254 1696
4732 3778
3762 2008
5601 4942
3635 1982
6528 1449
3780 4098
5255 911
6584 4949
6864 2714
1305 2006
3787 5916
573 57
6133 265
5588 5545
3329 4258
3852 3157
577 6415
3417 2131
5866 4402
992 5864
6362 4973
5301 4376
5856 195
3593 3939
6781 5948
490 2400
6650 3264
6786 6737
5941 6298
327 2977
3273 5871
4191 5155
5322 3605
3511 6451
1017 849
1196 6940
2151 6210
6761 4750
6174 6485
916 5915
1385 3003
3383 5379
2784 1163
1992 6518
3954 1722
2167 796
2704 5260
5683 607
3754 5809
4027 6165
2005 6202
2130 2806
2420 5646
3643 2709
6451 3690
5731 2113
4655 2256
4870 293
6237 1148
1213 4275
2363 213
1811 3039
4617 2972
5848 2386
2513 5865
1297 4651
5193 2497
3894 5842
3604 5516
2416 1266
6093 6597
5695 1054
1201 4977
2395 3148
2108 5217
1868 230
6971 1734
4778 2482
1216 4787
99 2126
2984 5908
4167 6107
4234 3325
3908 5067
1396 2820
5275 1277
4810 6985
4105 2575
4288 3067
3097 3976
5312 1386
4303 3949
1437 3965
3112 117
5479 531
2805 1842
2534 1692
1838 1230
2280 4986
6374 5971
6466 980
5325 1614
2921 4087
3763 4665
5232 100
6882 6114
6929 6709
6416 6453
4294 1871
6074 1660
2979 5442
270 3265
5132 810
2700 4157
551 2224
4533 4381
6936 6073
4406 651
6537 459
3659 4643
4284 2032
2005 2098
6532 6058
1497 5651
5332 2008
1871 5650
5877 3737
1454 330
4991 2178
4522 2274
749 6088
1557 6008
6806 522
1086 4281
2481 499
1702 1865
1999 4798
6240 4762
3910 3804
806 4399
6402 419
2613 6472
5193 599
1610 3919
954 3621
684 3900
1618 819
4444 4829
1762 4902
3992 2458
4664 79
4766 3521
914 5899
3627 6369
5265 1596
4825 6601
5202 5034
6190 3738
5 2063
6182 3336
4927 2218
4036 5171
1447 2693
4156 3960
4213 2325
5287 2455
2165 4360
2040 2795
2256 5553
4598 4122
2530 5128
3605 914
6199 1493
3995 54
2615 4175
3855 4062
1337 1465
538 6230
3540 5514
2496 775
3631 2806
5226 5628
4413 6739
1497 1586
6380 891
6250 1899
1747 2517
4111 2502
2622 6279
4346 3866
844 5610
2459 4994
1723 4678
5505 1267
2653 1282
1573 6279
3246 6438
1408 6983
1294 4999
5428 1288
2668 4231
3882 5354
4877 6462
3416 6388
5952 2207
1874 2154
3867 6836
2488 3038
1188 2509
2734 5954
2900 6794
6105 2584
3685 2524
3485 4615
3224 6248
3418 47
6245 3311
454 3349
2897 5291
6598 1147
3743 6284
2247 160
6706 5770
1657 1709
5424 5871
2097 2415
6821 3060
194 2637
3503 6480
3133 2669
4572 4588
6055 1634
6533 1762
5060 4121
3606 2245
876 610
1992 1315
2667 5922
3930 5909
4858 3850
377 6400
5402 3196
5635 5788
3990 2047
2295 4971
4802 3073
486 831
460 5240
2808 2262
4407 3027
3590 2329
910 3866
1101 6143
607 2659
6351 6001
3390 6753
1244 1233
4832 2449
4703 1639
4603 721
3591 2009
2686 4692
4478 6249
5413 2136
4561 4351
6696 2388
5649 180
1151 6326
6308 558
6439 5729
5828 6055
2572 6992
2960 6330
3653 6122
1760 1509
2632 3837
1866 3775
2968 2729
1631 5552
5768 2122
2092 4945
6125 190
1150 977
5262 3366
3501 3247
6604 3985
6539 394
6814 4329
494 4197
3060 133
4635 3582
263 4131
6540 2680
6473 4414
4031 2316
4709 2735
5197 550
6017 619
4631 755
4574 6395
921 4357
1297 6543
4207 6933
6976 719
4702 3838
4998 5327
1564 6160
599 6285
5603 3531
6700 2269
3816 3697
6054 1247
5329 2707
599 1489
5308 4713
2784 3720
4324 6399
5674 6058
6720 3543
176 3289
4709 2407
53 5110
6785 3195
155 70
1846 2641
3500 1233
2121 1826
4788 5526
6290 2676
4362 3750
5355 5451
1642 6308
6730 4706
2906 5857
4726 1251
1548 6333
1215 1689
2528 1488
827 215
4370 4931
6920 324
6386 1044
4425 2856
568 2683
2584 1886
5392 1711
1653 2482
1338 3476
2221 1909
1780 6328
2911 224
1125 3602
1009 6834
3073 209
3637 6095
6998 6062
1709 3117
404 3661
3593 3271
1628 1685
6316 3118
4836 6673
1022 761
1435 4151
4738 5936
4232 997
1335 6199
1718 986
4007 6068
4955 2936
6142 2596
3401 1565
1724 744
6552 4153
2948 3916
2092 4168
918 3744
133 60
3114 6582
3441 3280
820 2906
2953 2540
6853 535
3557 6946
5342 2464
1879 5745
692 5329
5273 6637
3193 3862
130 2251
5978 5304
2649 372
1153 6943
2040 1453
4626 76
1049 4249
1276 1149
5695 3849
6245 320
502 4885
6574 1719
6061 5415
2401 3045
5060 3399
6745 1291
3435 1413
1431 4249
1241 6079
6631 6639
5478 1488
2991 897
6444 1331
246 4076
1672 2508
3307 5123
3058 6893
2173 5095
2631 234
6417 212
2717 234
3855 281
6021 1183
3340 381
4420 3089
6247 4903
5919 4303
1391 1296
821 123
2857 1825
755 3440
544 921
3897 3805
3401 4397
3608 1102
4942 6631
5218 6
2552 3902
3847 2105
1051 2646
5378 4424
2995 5027
5476 5869
790 3915
4038 6134
6809 6980
4680 1608
1031 1797
4217 1064
6599 1169
1848 5401
674 6089
777 5876
3309 2313
5039 863
2047 1854
2054 1513
5981 5402
2467 2693
5821 3786
5476 4840
4260 4235
4729 2186
6226 1079
2687 3458
3071 5417
1190 4747
6033 6970
281 6128
6552 3155
5177 394
6507 1622
1493 118
1172 5199
280 6844
6511 1949
1327 3251
2643 96
4687 3939
3964 2818
1539 5151
6693 4729
3324 3704
1760 3713
5090 2153
4472 3604
966 6103
2289 5370
6296 4215
2764 2763
1527 2092
2794 6611
3993 6325
4497 3739
5434 791
5473 2805
6253 4253
2154 518
6406 2994
3495 5262
209 4451
1035 775
1861 3748
6800 911
986 4510
5839 2423
1035 2848
2516 3708
3574 4533
680 4135
1496 3257
6718 4186
1597 1161
6882 5576
1818 6357
137 1628
6009 6100
2900 4306
4923 6390
1244 4612
4347 4302
385 6556
4368 2971
4420 1888
5683 4349
1367 3068
1301 821
5574 1357
5202 5197
5065 1854
6908 6154
5867 1246
4431 4995
3474 1657
2281 401
3284 2429
3194 4275
3451 3904
3834 2638
1116 5911
2458 3
614 2059
5803 4553
5474 2553
1711 6009
5023 4866
548 486
6187 3362
1150 1178
3940 6738
1313 6264
6611 1987
3206 6442
1307 5293
3433 3204
4845 1585
2037 6835
2871 578
1854 2263
1151 3289
1012 5948
6060 4800
5508 1244
1687 3633
1167 5507
2257 6231
2683 89
5217 961
4265 2550
4295 841
6322 5150
4903 3860
1903 5411
3591 2448
6736 1023
4434 6086
4998 3723
1259 577
6179 5899
2797 2230
336 3126
6865 2093
925 5136
3822 3490
4793 1380
5815 5665
6509 3992
6214 2385
1841 4284
845 726
5995 4943
4908 2971
1977 6963
5447 4052
6855 5748
3543 3455
465 5227
862 6308
2296 6901
5932 6001
2260 2062
5246 4161
2694 3438
5464 6851
2059 2922
681 106
829 5842
6603 3978
1989 4799
4055 1814
4843 3554
5453 2178
852 6398
6769 5805
3997 4594
4970 6861
4634 3079
4970 4252
5469 3135
345 4929
884 4837
6867 6502
5265 808
4716 778
963 6259
1955 2955
4753 5511
5811 4947
3456 6679
3226 5885
6098 327
2846 5301
6457 3607
6982 3775
4697 4283
306 3267
6662 6597
5146 6099
6371 3538
5482 211
1770 4645
1481 198
5166 2695
810 2395
3377 6570
233 5973
3741 6959
2077 2938
6705 5596
2819 2887
2038 2267
3654 6421
392 2659
3754 5728
5201 2156
6297 6502
1316 1716
4576 6315
4484 5311
2637 6068
3288 6172
2856 6398
6681 1410
6920 4095
729 2735
2882 5050
4410 6061
6596 6851
1865 2594
6789 2506
830 5915
741 5239
3327 2564
5094 4074
5239 1526
6198 3136
1657 2169
5795 3977
2873 2761
6602 3587
2962 6184
1305 1381
2645 131
914 1555
4767 2544
4147 5737
5262 4592
2427 6200
4587 4410
1458 3261
5067 5699
623 1628
765 742
5830 4899
5433 3315
6982 2158
1195 5865
2787 4365
2899 3251
1090 3156
849 6923
6032 6673
6542 2408
5026 4671
674 2653
1842 3626
6768 335
2015 4490
1270 5469
2243 216
4051 1839
6826 5695
1794 2010
1851 3608
5308 6649
1770 1191
102 2432
1997 171
5016 3959
6865 3596
3396 4558
4516 4654
1575 3378
1525 6947
4249 4759
3274 5139
4715 3172
6118 2143
5790 6528
2982 6582
6568 2160
3534 3033
2987 1923
2623 4427
2926 632
5679 1102
2636 6779
5755 2023
6518 4410
4743 1055
792 6425
4158 5803
3898 4386
2569 859
6614 6769
4949 1867
5900 2854
5879 5752
5284 4539
6727 1835
3812 2205
4705 6854
436 3771
5070 3588
4073 4842
3574 530
1404 182
4588 3674
4580 5328
472 2848
3905 5787
1212 523
5588 2904
536 5889
2262 4668
2065 5962
226 5846
4897 4021
3530 5769
6262 1093
3247 1763
5422 3704
2539 4411
5712 5527
2496 2708
1906 4669
6541 4162
3336 1182
6278 4421
5582 4808
2577 56
4994 434
5834 6181
2936 4813
981 6346
582 5029
522 4340
3390 5984
1321 6002
1595 2039
4928 6339
6217 1470
6847 1485
242 5320
4055 5970
979 2719
730 772
3306 4703
5743 5615
3174 6594
3339 3124
5706 3887
1135 6941
2813 1500
786 2550
2910 1454
5794 3526
2065 4094
744 1512
2135 3289
1644 1857
2878 5303
5186 669
2783 3701
6159 771
4292 2112
168 4966
499 4564
485 5593
3057 783
1381 15
4335 104
39 2678
3152 2509
227 6554
4654 4616
3071 569
1413 1545
5215 5087
4082 1490
4385 1789
2829 795
5597 1268
4913 3066
4703 1450
3611 5787
6931 6325
1455 4157
1220 6672
6710 3647
249 5097
318 4404
6502 986
6613 2554
2388 883
2860 5596
1478 4835
4248 1372
817 4077
1583 4944
1272 5024
2764 3725
5395 4490
6814 3186
6424 3670
954 5479
4543 537
2772 2018
2996 1159
1962 6698
4021 1543
6505 3312
341 2936
481 3936
6643 6911
5404 5797
6182 6874
4843 810
6945 4259
746 5436
5365 2626
4320 4613
4712 5753
4358 4274
3230 6201
4476 5270
1647 2315
2625 1110
3670 6255
1623 2400
5131 3493
3312 3565
3089 675
4018 196
4025 855
2634 4598
3966 4995
3186 2506
4077 6442
6314 2353
6315 5604
5726 452
4322 6810
342 1541
731 2516
4813 6127
4680 4447
1421 5251
2570 6056
393 4377
230 387
2482 3154
1543 2882
4406 430
6749 6762
5605 3554
6051 4165
4293 6957
1461 4168
3038 5580
5728 367
1758 809
3746 1522
1816 5837
2624 598
5850 1668
4058 1694
4679 5247
5022 128
371 3126
1688 5648
953 2380
39 1970
5404 6666
6811 2710
1451 3195
6772 1871
3046 6864
3293 367
1278 1161
4905 2017
5094 5477
2116 3464
5574 4674
5818 5130
2538 1679
5353 6035
2234 3353
5655 84
3407 6747
3389 3090
2279 6903
1553 6691
6384 4000
2077 4917
86 5133
5674 3240
343 5702
6285 3680
1056 5431
5649 1827
578 5224
938 945
1302 6482
4003 545
1503 4399
2682 1372
6063 2102
5578 5858
5694 3263
2334 4394
2347 2333
4671 2143
889 6235
979 3236
6742 1656
709 4545
6935 4080
1645 1042
4246 293
3842 3923
896 913
1874 312
6825 3180
1512 685
6247 5683
6607 553
1981 3572
5041 3039
3589 6049
1170 3622
4891 6301
337 5431
4126 6282
1549 6296
1724 5939
2605 359
4660 117
1252 2797
2055 1438
2869 3785
1644 5277
463 3206
3114 1255
2391 4142
522 1846
1508 5139
1593 2752
5391 5908
3596 208
3609 569
6910 2014
4929 4330
2358 4562
1320 1175
4483 2602
465 913
5610 534
3359 4244
4377 144
5068 5903
1392 5932
2636 3035
315 1176
851 5606
1915 49
3123 29
4610 479
6666 3175
6298 4645
981 1840
6244 5147
289 4618
4470 606
163 5316
6751 3903
4682 5283
3163 2314
5617 5047
3169 3684
6129 1947
5595 4019
5019 2049
2828 5216
3728 3926
1255 3721
4395 2951
1834 1183
2350 5220
5989 1429
3183 2108
1314 3016
6063 172
3537 6599
2457 1180
349 3768
3362 5822
4436 6977
1860 3296
1025 6883
5133 2892
1705 3325
3450 3423
3774 6009
3706 3637
3183 3798
2979 2768
2671 5451
3268 1091
5926 4342
1687 2016
1778 5838
1565 4657
1595 5975
5402 6424
5070 2978
3796 4491
6259 6489
3345 3071
5276 2515
1750 3219
1158 3853
891 4447
5344 3706
2461 6824
6346 5109
3377 417
1634 1780
2767 4520
1284 5404
3149 4240
3538 1478
3629 196
5685 1692
3162 4649
5465 1412
2240 6112
5576 4616
6302 1277
5254 3293
4711 6405
6561 1621
1235 3370
2593 3839
2013 6050
1070 6248
3987 2591
5001 6254
5017 4347
6024 5146
290 5540
796 6447
536 703
176 72
433 2716
6985 737
2567 2923
1664 6092
1234 1745
2520 6887
541 2974
5106 2585
4780 6786
3659 3892
2774 5764
1436 2374
2485 832
6573 4603
1310 1246
1338 3402
971 4361
5066 3357
1297 4602
4525 5151
3847 5734
2304 5653
6947 2044
929 5439
1202 3645
796 6191
323 1111
3121 3874
3108 3907
1397 6285
164 4802
5638 6701
2969 3613
4792 4686
1490 3665
163 4029
5504 4644
2817 2784
697 3031
565 1452
1106 5113
2459 5550
3225 1225
910 6480
5480 1615
5196 2628
2395 5828
6495 6444
681 2906
4939 6549
4053 131
5095 4836
3423 1385
2992 6974
2071 1574
4206 2296
4264 193
4011 2610
1368 427
5320 1957
5739 2512
2156 3678
3547 2765
332 2236
6144 6224
5380 3753
5402 658
2728 4517
258 1071
5114 88
6019 4700
158 2480
3119 1636
3852 3114
3182 295
5696 5505
2215 5709
3074 2750
3005 6580
4200 6993
6424 3478
3336 5795
2803 1085
2837 5892
2143 4526
1581 4005
2308 2185
683 3686
5504 695
6599 5458
2611 4169
930 189
6642 1053
6605 6243
877 1991
610 1451
3059 533
1262 4686
6566 1942
6381 716
618 80
5924 111
6034 6611
2795 5059
577 1280
4774 5130
3775 5170
2711 6440
5448 867
5019 1000
461 5769
1137 1635
6112 665
1521 752
5884 751
32 3547
6485 5617
1910 1723
410 5874
651 3170
2625 5124
4337 1579
3900 6698
1617 5802
4058 4960
5786 1525
3844 2360
5993 5540
4849 502
3626 1515
4159 52
652 1441
1620 2157
1179 4441
4714 1552
5735 1016
5758 6240
621 1542
1533 6952
2633 6196
1866 1331
3234 5205
6849 4853
2431 4928
3378 4151
5248 2339
1788 3495
2056 6755
2825 6025
1973 4347
58 5365
5600 2062
2306 6180
1322 530
505 515
4047 2820
6005 495
5078 6191
6699 3524
655 5522
6263 5867
3654 99
6098 5526
723 2609
4819 6320
2962 5719
5580 4961
5556 540
4663 2150
5957 6880
2614 3693
2934 6081
6644 3936
3035 4094
2460 6254
4007 2568
4473 6103
1559 1869
4811 1398
350 5660
2891 3357
3809 3782
2658 6523
6935 3304
3799 3805
3705 1251
1164 6045
6149 3159
3438 201
1143 6458
2595 3125
5179 1224
3273 2996
115 3559
6483 6697
5422 1416
1238 4858
1507 1778
777 135
3206 3869
1228 2220
2764 1621
178 4075
3214 1297
2487 6798
6995 4501
2275 1866
1557 3986
4972 5929
4089 3546
3565 6977
1310 3993
5455 490
2895 869
549 2649
5784 3906
4980 2371
1159 1927
4250 4049
6584 1773
3411 4019
107 2524
5174 1300
2774 5165
2545 5604
5067 3515
5011 999
4908 1061
4339 2310
2795 5938
3059 6612
5641 1050
3028 4632
3880 518
146 3663
3032 3417
2017 1716
2673 5639
1913 2561
5193 3901
6446 2299
4547 2792
4729 6503
2713 5721
1593 1042
2637 6403
5183 4689
1876 5801
4857 4993
1942 6663
6715 2041
4003 4615
3849 159
2568 4186
784 3147
6146 1216
5109 2635
667 4336
4022 3791
4937 5963
2180 549
3683 3192
6369 1583
6483 6308
2263 5832
1173 2981
6945 6372
484 3881
2021 1830
5187 26
2681 2918
6758 5085
3954 4603
1198 6420
2235 2622
3971 2574
4955 4394
1639 6752
6642 5291
1542 4896
4957 987
2422 6009
497 6026
1597 4289
6545 4130
2314 2034
6478 3081
3466 5740
6706 6986
90 2443
2139 1674
1181 2426
208 237
5339 5276
6246 3453
645 3020
3809 6356
1210 3660
5128 3130
4549 1286
4865 3639
6214 2574
883 2241
3736 2261
1621 5786
4969 3714
2333 1335
4805 1053
2645 139
1016 430
2675 4527
3909 3022
1162 2583
6815 5903
3073 4507
209 5152
3558 5295
2654 3241
1459 2676
5023 6850
6231 283
5273 2318
2655 4634
6198 4658
323 4192
458 5921
5876 5847
1081 4069
524 557
1147 1242
838 4283
1339 5848
1926 753
6183 2952
2926 2771
665 3381
2815 6151
570 4035
3282 4466
510 4299
3411 5258
6470 3244
5691 1270
4491 6741
733 6672
1698 3675
1304 945
6249 2137
1863 1961
463 5282
5600 4569
199 430
5267 6905
5713 1848
3922 348
346 1795
6214 1906
1251 1128
4101 2618
2646 3175
6193 5197
5491 3243
158 4180
6272 2373
4033 193
5486 5856
5711 3400
4506 557
329 1640
4831 295
1711 1881
4774 4027
59 2863
5750 661
4765 3016
4171 6792
1345 3254
1744 1248
4393 61
5142 6097
5102 2306
2177 4557
3067 4186
3182 1310
6839 1652
6179 4978
2100 2741
1604 2680
2133 3217
977 5329
2338 3700
237 3650
4943 5337
5504 4193
6308 3324
1677 1515
924 342
3175 6592
875 6086
1685 1640
6224 4672
6027 6122
2447 6824
5651 5524
1756 4860
6700 2486
2957 3800
446 5308
5130 1883
4644 6911
2068 1777
4187 196
2539 102
1773 6796
1483 2736
1691 4093
5898 3184
5898 2682
3751 3202
4931 6176
1354 4028
3934 4595
4889 2338
6513 5465
2036 637
5050 879
3 6986
256 5074
410 92
2247 1
2486 3646
3125 5970
4654 1307
797 439
3016 1764
5291 1563
3467 6078
3055 624
2294 3421
5355 184
2437 6312
287 984
2475 1162
2153 3744
6559 1677
986 5216
6097 5586
6495 249
3904 1431
118 923
706 5938
1924 3730
4750 5693
4567 2238
2213 185
5758 4614
3930 519
5992 5668
1256 1766
534 3257
5555 3092
245 305
4075 3543
6804 3816
3379 1434
109 4725
361 5379
517 6305
2301 5816
2307 5889
3926 1661
6570 2190
200 5499
2228 1541
1924 5650
3670 6639
16 5327
362 4614
6844 3567
4579 5759
4003 6488
1897 5862
6951 6083
388 2348
2983 725
4900 3009
3738 6724
3871 4462
1343 3058
5396 3042
5950 4514
4430 1194
2628 6023
5238 2841
3335 1426
4754 3292
3049 3830
2847 6286
2396 1210
6671 5511
6158 4052
5536 4443
3341 2952
3537 709
4933 2075
1128 2727
2939 5288
3823 3693
6175 4418
5574 1346
351 2814
4149 5121
1189 4906
2799 4426
5184 6816
6102 1307
6973 6544
4700 1143
6687 6491
1687 6756
5679 3247
670 6746
3433 917
4108 4457
344 4257
851 4715
34 2087
4510 5445
1350 6060
1858 5604
5815 6454
2744 4008
958 2667
5996 6853
6529 3059
4493 3236
4286 5382
6713 3218
1795 4727
2877 6143
3343 5635
6157 872
1850 5247
5275 3717
1276 6835
5685 6172
1543 5868
5 6502
4133 6554
884 4057
1183 592
5693 2512
1982 6192
3327 2482
6761 1715
4440 5229
792 6673
1565 193
133 255
2424 992
1697 1522
6781 6358
5575 585
550 2077
3708 975
3457 2929
5420 3302
87 5717
4896 2460
2812 3177
3072 1708
2489 3511
5073 4831
3920 5204
5037 4861
344 5564
4026 259
4096 2619
2880 255
2096 5740
3880 6536
3144 6168
4416 6307
803 3463
5641 4810
5081 2876
5611 4017
224 3113
317 3994
6219 712
3891 2066
4455 755
680 2011
5934 6805
5863 5172
771 3725
3112 6137
2764 1978
4945 3845
282 2645
2538 4528
6367 5768
3697 1775
5028 3364
778 85
5602 1052
4862 5532
6397 232
4148 3641
567 4113
1485 3795
2251 5711
4629 3180
6565 4389
5356 5934
400 2075
4798 964
5720 4234
4024 1425
3701 2404
6993 1334
327 2379
4925 2715
3496 899
5627 1269
6860 630
1632 3950
3984 2041
47 3173
6355 6100
6610 5357
1447 6329
3087 360
2477 1497
1831 2786
5596 4781
6927 4042
1874 5848
3643 6623
5741 952
832 1348
1141 1082
6065 4958
4611 194
3589 4065
3004 6508
5726 3523
169 5804
4303 5684
3018 5201
4453 872
3430 3881
275 2285
3575 4566
5752 3460
549 534
715 2153
5446 2930
3889 3288
4155 1993
1127 992
198 1328
708 4673
1531 5445
1610 3655
5406 4473
3059 4566
2155 3915
548 6472
5377 1520
4769 3386
950 4585
326 1903
1659 1208
2461 1092
6117 5747
3201 92
3047 492
4180 6457
100 924
4298 5456
2179 4798
4347 73
2485 6648
1123 2618
1997 3936
6564 1750
1546 5440
3890 3919
3922 1755
812 1413
3178 4531
5189 5137
4436 6586
581 1197
5465 1041
4177 1192
6231 558
3914 4206
595 4638
1350 2024
5136 6172
3388 6880
5126 2964
1847 6783
2151 3330
489 6164
3538 352
2626 6395
3233 227
1578 5503
5952 3062
3202 3685
4968 6852
1841 6133
1044 3927
5038 6476
4175 3331
5293 6189
5205 1289
1978 4907
4271 2357
4073 6334
615 3546
4914 254
3419 544
4602 696
5772 6366
1193 6332
5255 328
3028 2273
3222 2301
3806 5327
6610 2798
2487 6852
4386 4959
2680 2525
3850 4190
3996 3163
6205 6878
5640 4830
5696 4590
5589 4958
4910 5415
6438 4703
1125 3845
2762 746
5665 4012
2806 4365
4236 5050
5173 516
2062 5154
2198 2223
2368 4870
4207 1867
2565 2656
1962 4637
1567 2856
2510 1572
6765 2745
4241 5539
3372 2282
2162 4897
3473 5487
5400 1543
6295 5023
6447 1141
6572 6308
5639 2417
1557 5629
5620 2962
5838 4447
4530 2631
1675 6538
3791 4766
4261 1421
961 5936
5921 2388
5232 2024
1686 4900
6472 5190
6803 2764
1500 5305
6633 4072
3072 2013
3209 3968
5875 2218
4655 3761
4403 2797
1199 2087
4965 591
2069 1020
3085 6662
4512 3221
27 546
1548 6652
2088 4056
3726 4511
4781 6727
2270 4188
4649 3445
1632 2177
418 3504
5146 4011
4877 886
3903 3582
3170 2566
979 1145
1484 1007
2961 6227
6565 447
337 6941
576 2273
881 4494
4385 2199
1044 6422
786 6087
5626 3468
1679 328
5410 4642
491 81
913 2766
5115 5895
2271 2329
3521 1972
1889 1806
5066 4946
4675 6159
2186 4528
2897 6888
1937 1243
189 4536
4786 2595
6246 1802
1408 6601
6760 3140
1665 4438
5049 143
1314 747
4680 6066
5031 2210
6632 3984
1021 784
2017 6926
3330 1811
1983 3765
4994 1357
1422 1806
2290 880
26 1957
5499 2528
3566 4749
4913 6960
3168 3655
1749 1903
823 6941
672 3347
5837 3639
3626 1232
6056 3150
6969 5039
6150 3115
189 4435
6268 2226
1681 5516
4027 3578
6469 4293
2805 2639
170 4089
4158 5044
3178 6867
3623 4969
1684 3056
1184 5763
634 4924
6857 5726
5598 3094
1380 6456
3310 1697
1786 2575
2894 3319
2246 2038
5857 2382
1892 3109
4919 3848
199 5624
4615 2000
5288 5715
530 3705
5842 6555
180 3186
4684 2828
2946 3121
168 4022
3575 5933
3649 3475
733 3583
2089 2853
1873 2205
3004 2129
3921 1296
1381 1796
6994 4797
5284 4237
4908 4350
6637 1604
6930 298
3125 2987
394 6232
1873 738
5793 1301
757 5042
5697 4529
411 2052
650 4303
2091 3712
1221 2402
1161 3571
2282 1524
1877 3355
2553 1366
4265 548
1900 756
5087 428
4691 5363
6416 6425
6072 1442
2362 4489
3853 3468
1376 1936
141 6617
1601 4937
5838 632
552 6332
832 2205
6696 6416
1465 4375
1017 6383
3790 4534
6233 3023
5925 1466
1252 4372
1531 2013
6447 72
2667 1408
6278 2231
4205 6663
170 4104
4133 466
3227 1106
1369 397
3843 1278
6935 1084
1982 4989
6835 3009
4702 6416
2288 3789
2014 3727
1435 5819
901 5845
2034 1328
5244 4965
6181 347
550 3092
1114 5
2353 3775
4333 6545
4014 5551
6179 3236
4509 4436
5950 3309
4302 3823
5304 4258
2900 6443
4961 4731
5885 6862
6139 3320
6158 2060
4289 3340
1368 4122
4094 1035
6594 299
1695 602
4914 3011
6898 2445
947 4952
3379 3135
3080 2454
3061 196
2577 3992
1628 6147
132 1766
3568 6350
5231 6147
1206 3686
4837 6476
6216 6138
1146 5318
6503 2474
3247 2003
1166 135
1861 3597
2072 3988
3271 3821
5840 3811
3044 1677
3796 1069
3407 421
2011 1193
5244 830
2421 3065
436 2872
3811 3167
5353 3551
640 4901
2409 2907
6727 4199
4519 3909
332 6941
3928 556
2888 2716
1585 2543
4152 1360
91 830
1196 6098
5826 4601
2209 491
203 4174
1792 5167
4269 3042
198 3673
3305 2737
6542 5022
3771 2843
5094 2676
2335 3015
418 6564
4236 4798
1011 3592
6214 3994
3551 6256
4211 297
5459 6385
4490 5970
6136 4640
4145 552
1257 6757
3096 2705
5412 5852
3604 5993
5920 5204
2189 1180
1165 6244
1609 764
5054 3145
2260 3231
1805 344
361 2482
100 1090
1594 3428
4664 1587
3421 6550
6766 1243
3498 4482
4655 2091
1726 5
543 1339
307 2176
5958 3954
6448 542
1795 3837
1357 5511
4043 936
656 5484
3766 6650
2808 5053
5964 3049
6969 3842
2115 4728
4576 4489
6672 6080
2709 5174
5448 2675
4315 1275
5471 5587
6844 5871
4832 4261
5592 2286
6605 4865
6376 2010
1854 6676
183 3555
3960 2230
2689 4169
2463 4087
5934 3316
421 4848
2461 6568
2111 873
6751 1213
4547 1832
6919 6419
1794 2038
3804 1256
808 5713
4442 4144
2974 3381
6083 3276
3435 4642
2714 2451
665 1987
1331 5105
3942 5431
544 6349
2572 467
3569 3326
6677 3541
1262 3394
3877 251
2735 3035
969 2524
1931 3986
4030 3247
4821 1754
3321 3524
6959 1927
2347 1993
5002 6591
1351 2754
1305 4899
2680 4862
3088 6990
679 825
673 675
6523 6042
70 1230
4427 3511
4036 757
6502 6620
5713 5309
1245 421
18 3861
1455 268
1094 2388
6911 3005
5561 5617
6773 5735
2927 5457
4686 717
332 1354
2538 2705
819 320
4775 675
324 5033
2 6730
1575 6468
1393 3202
6752 4018
881 2190
4861 2388
5042 6856
4310 588
6815 5020
2331 1136
533 3788
4966 6983
2130 1290
5272 6358
5734 4218
788 4067
4969 1834
5645 2325
263 3223
6981 2775
5448 1334
5693 3873
6638 3707
2939 4169
2511 2406
5354 5781
6674 3286
3425 6611
1927 6507
6940 2534
5458 2676
1725 1972
3779 1219
5761 1272
302 651
482 4815
965 1210
883 3678
1034 1224
5921 602
2315 6311
2726 5634
2622 4746
1960 5888
3946 3567
3358 1005
5279 5475
5503 4523
5976 4815
2479 5810
1719 3877
5376 278
2984 1283
3202 1569
2827 542
401 258
6891 6989
6584 2066
3192 1529
6657 4077
3798 5394
3257 6421
5810 2651
3684 1089
6683 2679
6106 5795
3460 5394
2579 6157
4642 5734
1508 61
6417 1345
2053 3407
764 3989
2741 1214
345 1150
1967 4201
4948 4058
2277 1657
5905 1479
3424 315
6315 76
5174 2956
5828 2810
6556 5038
3056 2763
23 857
3956 6321
6753 4105
1653 1730
1211 2724
5574 5396
6034 6096
4137 2241
4349 3201
4332 4838
5018 5016
1612 3564
6306 5991
6556 323
3727 5891
4842 4483
2378 4414
6192 3740
365 2331
2725 147
3337 4828
5137 6487
515 3888
6796 3419
3798 4987
4685 1892
2582 6839
4841 1826
3681 2169
2460 5342
6981 318
6691 1880
5476 4748
2082 3235
2174 36
4348 1878
333 1817
6730 3681
1958 3253
19 3523
392 624
6574 6581
2242 4385
6672 4478
3415 134
4111 6003
6510 6282
5244 6456
2509 6299
4918 5434
420 4069
4753 1749
4376 5418
4525 2356
6388 950
1924 3187
4594 5946
2692 1452
4466 5375
1641 117
5613 3519
653 2694
5299 2012
3932 170
815 1064
6140 5989
2116 1385
5386 2395
5504 2107
3405 1326
3494 1672
5974 1343
2961 800
6268 2366
2536 4443
5666 4495
5235 562
625 1275
995 6989
28 1963
541 6379
6311 6508
6214 2213
1467 929
6267 3697
2766 995
4100 6276
6842 6386
4380 3812
4185 1001
3943 5473
5033 2280
6435 683
2919 6464
754 2894
1446 3178
6608 1551
4468 2051
5942 150
5082 6590
6499 6280
708 520
1330 1195
2803 1314
4277 6679
5649 4382
1591 3922
6204 5174
2879 245
2787 6992
3189 6494
6200 3543
849 6614
4198 6356
6651 3297
1740 1373
1558 5088
5223 3961
6337 4804
6126 5713
549 6101
1858 6837
5383 6397
4050 4567
6315 3751
3173 2640
5264 3022
1632 344
299 3711
1541 31
4678 2912
141 5445
3052 5315
2775 3405
6142 6861
61 2582
3797 699
1099 6907
787 4872
4265 4600
6277 955
4857 1113
3879 4050
4535 4519
5947 6239
2792 982
5120 6643
267 6441
6843 5228
2598 2016
2557 4400
6736 3487
2404 319
874 450
2460 5447
1122 5701
2116 6683
3110 1254
2300 2785
6962 3376
610 4350
2981 616
4082 2527
6051 2457
3334 187
215 2336
2685 1514
5832 763
1126 4301
4940 4912
6977 821
2970 929
780 2165
6292 2735
2608 1014
1497 4722
1740 4770
6557 646
1897 403
2266 2552
6894 6232
4508 6184
4435 653
6649 5840
4497 4730
5657 4474
2435 4525
5390 2438
823 3307
6163 334
2556 3443
762 5390
2731 2205
6072 427
1122 564
773 4820
33 876
3908 349
3844 6632
2959 3326
4440 876
2166 1301
4841 4598
6506 2029
672 2737
1380 1517
5313 4662
5741 851
5168 6654
138 3853
1790 5970
5802 1038
1388 6045
6736 5591
4176 1955
3342 44
5583 4285
2239 4725
6510 5979
6360 6897
1537 4036
4486 1949
487 3521
1729 5024
5464 3183
1577 6759
4324 2398
2821 1116
3314 4840
3372 4738
2357 2207
2041 5050
1022 5791
3443 2089
5312 4959
4077 12
939 3323
4840 1567
6118 2073
5664 1051
4724 1511
6672 5250
4754 983
5498 2039
1086 5826
330 1892
2048 6103
382 5991
592 5604
3234 1090
1787 2266
923 4707
24 5340
1722 5876
908 6800
5704 113
3387 877
2797 1691
3663 1183
1205 5934
5309 6436
1010 3021
2664 3368
3103 5403
4251 5574
2254 3633
5433 1652
5203 1196
1694 3189
2894 1541
5455 5426
1989 4014
4006 2244
3584 401
2066 26
3550 3798
1300 504
6402 6830
489 6131
3759 4295
2369 1670
3387 905
2353 1153
2322 2289
1451 3492
6301 113
3877 6437
6248 4339
535 4805
3723 2850
2484 5278
1838 3682
1646 5640
2258 6877
3907 3200
2209 1315
3936 1807
3590 1094
141 6399
1921 5286
3981 3151
1794 4520
4176 5259
1186 900
2193 5909
3038 4277
2088 5652
810 2227
5393 4232
6550 2542
6115 3308
167 516
4647 878
1977 2317
2066 6634
2002 6208
5476 4555
5027 4706
6546 4342
1499 5141
4072 4329
28 1222
161 2682
6296 5650
6306 4538
3439 4653
2796 12
3941 1585
1535 889
6002 2510
5906 6261
3481 2058
5702 6592
2228 4803
1635 5152
3293 5488
6897 4929
4631 4621
2924 788
3113 3866
5117 1608
2007 2661
376 2754
2924 3862
6218 1976
4363 2732
4040 1865
3530 4608
135 5651
625 846
4630 1123
1895 3365
360 1680
3827 3379
4383 6051
595 841
5579 4494
3615 5886
1112 1809
6046 1758
1790 3039
794 300
2101 96
4813 3352
986 2298
5268 4823
3686 1713
766 2792
1940 5012
974 767
6598 2051
6481 4902
4399 6115
5154 6234
1976 362
3900 5645
2270 4433
1369 5385
6205 5701
5970 53
6899 4011
6694 1773
6519 3374
2710 820
727 4127
4775 1879
4716 2275
1 3499
5705 2859
2924 6172
3706 4558
5702 1346
221 6054
799 5139
4684 175
5467 2255
1578 1410
6737 1286
1919 6042
371 6001
1470 1605
6778 1713
1620 1087
2417 3776
502 5421
3683 1849
5068 1102
258 966
5946 5932
1673 3004
5138 6198
6235 2455
6839 5626
3538 1261
5636 519
6830 1304
3881 3098
63 1404
3069 288
4367 1435
5607 6906
3444 890
695 6263
1291 1735
600 1260
3401 889
3561 1879
5732 6657
1362 2181
5847 4262
5847 4547
5548 4349
4848 4798
2704 3712
1290 6790
4869 4366
5411 4648
1767 3679
3481 1411
5005 6855
6511 3647
2288 2587
2132 4967
1755 6009
6540 6323
6846 165
1608 3325
2422 3077
6329 4387
3809 746
4763 945
6526 5690
1039 441
1883 6038
5737 4371
928 4589
3927 3233
5322 4757
5837 6043
6691 1108
433 4244
1473 4416
1899 6545
1036 1971
416 4165
4972 4454
608 1979
4416 4525
685 2779
4302 4404
767 2128
2140 2721
4497 1116
6784 1461
361 3504
4019 6966
6865 1682
1145 6578
6472 1807
5725 5213
733 4244
1211 5119
3624 586
3459 5906
5193 4479
657 6044
6228 2637
3776 1349
5582 2264
6941 2767
246 272
6271 95
6391 224
6352 5447
5660 199
6633 5924
249 686
2642 1352
6206 6081
6619 5219
4800 665
677 5636
1560 3939
6598 805
3597 6420
4416 5305
3044 469
6451 5168
6132 4956
212 5892
1227 2895
2563 3106
5507 944
6511 4129
5289 2375
6165 2394
2137 1305
697 4471
6659 1212
4919 5474
4722 4424
3906 2353
4024 4279
6292 628
1234 1440
6754 6253
2368 4108
5093 6458
348 2574
3109 3842
331 4155
3561 3829
216 362
4909 401
23 5424
2141 2013
3096 2830
5216 2798
727 2962
5931 4227
2254 4343
1229 3320
3095 4613
1008 1932
3384 1223
6535 2208
4192 1867
2635 3028
5418 402
3000 2541
6731 1395
6432 4726
3075 5977
344 4527
5852 323
5121 3849
435 3332
1704 1970
3361 4933
5032 4574
3769 5064
2909 6444
140 6328
5116 6379
5213 4308
1514 1031
529 498
2194 6570
385 1003
3209 2072
6840 4331
1018 4554
4336 6050
41 2144
5125 6008
2119 5274
1454 4485
3881 4084
2040 4225
1589 3098
5884 6258
1538 4329
5307 526
3275 2194
1985 1269
5514 537
1160 5707
3278 5072
5554 2418
5948 1400
4274 4682
5286 5485
5464 5985
2520 3340
2438 1300
170 1989
3439 6198
5874 1070
3017 5917
5942 6923
4329 3530
1753 853
2537 6376
2064 674
3785 335
6735 3197
2389 5175
3194 1284
2906 6147
3062 6207
2381 347
1529 3304
6461 1877
5908 5536
3024 2785
4453 5597
1532 2408
1571 5974
191 5478
694 3849
3091 2521
3369 6489
2293 2381
4203 4717
6675 4345
4139 185
6325 1851
5987 893
3018 1978
4556 5714
4104 4250
1462 6803
2257 2717
5944 1100
3815 4998
6814 5712
505 5519
5639 2785
308 2374
5627 5236
472 6988
2387 1957
1677 1771
1712 6268
6750 2909
1592 6788
4311 2112
4810 2582
5808 1001
3234 5968
1818 6609
1159 6603
838 738
775 5828
4915 3726
4311 3822
5909 6451
1014 4460
396 4969
1628 1976
4861 749
5169 5561
1622 4036
1776 1104
3318 5276
2647 1850
322 3332
285 5926
630 688
6145 5013
6238 4137
4069 6213
2683 3190
781 3783
4102 3336
6381 4527
5901 4297
69 88
1515 1710
6721 218
6642 241
4802 875
2741 6379
3400 918
4504 1048
6862 4893
4292 108
2003 5640
3091 2735
3869 5217
5758 4075
2162 5975
2324 6743
4884 981
5938 3404
26 5088
5572 1751
3210 3014
4996 6489
2833 1098
475 625
2550 4946
581 6624
1010 4309
5238 6324
4711 2350
892 4418
2395 1851
1896 3253
4341 3911
2810 6866
217 4806
1142 6198
3337 1596
1398 6677
5923 1292
1767 4970
4932 4144
1212 603
1968 3697
2253 2746
2767 3427
629 756
2091 299
5697 6112
5987 2409
1066 4258
4392 3337
6121 352
6796 3006
5165 175
6374 6489
2765 1947
4034 3240
3512 3567
6478 6093
380 4255
5683 787
955 6115
1056 3495
6393 6935
148 346
1581 454
4262 1665
2960 3200
3260 4977
725 6703
6249 224
3165 1262
5611 3733
596 2625
6105 1744
819 1438
6289 1791
2081 2790
2915 427
6697 3521
4171 4508
1503 3574
4687 892
3977 5132
6943 3976
3478 6251
4599 5277
1169 5089
1728 4297
6811 2161
2379 6142
331 949
1984 2491
4543 41
6503 4324
3666 6392
1590 2807
2445 1945
3907 5465
4508 6035
4331 1119
3338 378
1737 1915
5285 3067
5035 5930
1017 438
840 5465
3036 3699
5662 5685
148 4962
6736 390
4157 3017
4625 4759
5797 532
6581 2371
2341 4703
1490 130
5855 3712
2091 4776
6614 1357
3301 6195
4898 5785
4693 5110
5128 3447
6281 5116
4692 6620
3080 6395
5381 2429
6802 4528
5258 4954
6222 4918
6112 5979
5538 5557
6235 6998
3738 735
4278 2422
1190 4385
6419 3000
4746 3147
5217 4660
2034 1204
2707 4632
844 2412
175 6327
4100 2537
4666 5070
6491 1593
1435 1560
888 1516
6875 6393
6612 6713
1828 2412
6395 1158
6360 3522
3312 4620
4587 449
3341 5098
5732 189
4571 3875
1270 3261
5245 965
3746 6257
3422 251
5259 3621
1425 6139
1769 2536
4602 5935
1869 4260
4971 1806
2669 5490
5428 4935
2964 5327
1999 4262
1135 5385
4597 6202
144 6849
6708 2333
6784 26
2824 3339
5437 966
1168 5695
4639 4998
3557 2797
246 4500
6592 6955
6424 1207
3328 4838
6252 2939
4461 5543
1202 3557
5415 2180
766 6420
4511 3133
4694 3100
2824 3334
5164 597
6793 1775
123 4603
3948 6626
3490 805
5506 6805
5618 1194
6280 1559
6613 4330
2570 4682
2760 6148
985 2064
6909 1574
6367 2188
3266 4436
1221 1972
4814 6524
6334 2546
6962 4170
2228 5129
333 242
6821 1346
3920 6164
1833 9
54 5470
6982 4210
3558 4919
3201 3190
513 452
957 6830
6253 3172
4128 1656
615 666
5475 1584
6671 5013
2744 6747
6745 7000
209 393
543 3074
4324 459
5015 5311
2288 657
2401 5160
4969 600
6044 2633
446 3713
3341 6338
1452 5158
4275 1605
4772 3632
5260 3369
5137 1177
413 5980
3018 1807
5223 2293
2213 138
4058 3610
3627 4906
2307 3201
1330 477
5852 3679
1145 5948
3304 6251
3373 5501
1066 4885
1124 2823
160 4551
6543 755
6111 4032
5940 5124
6767 3885
3150 391
1319 4632
5729 4930
548 6301
6372 2159
187 3255
4293 5527
4371 2153
551 1600
1626 1661
3719 1902
731 1087
2574 2932
5857 1403
1660 2825
3288 891
3828 4463
649 3804
88 1679
6960 1346
5555 833
644 4940
1339 4
3112 923
1793 6147
3457 1950
6760 4205
5486 2604
1085 3832
4062 4474
4698 2826
3081 994
1560 1788
3666 609
5472 4467
2431 2516
2168 4855
403 5948
1382 4742
2647 392
1154 3241
2409 4181
353 6697
775 3533
2257 2333
434 1938
3701 1679
5588 2050
6816 833
3264 3854
4377 888
1162 3795
6070 6480
4094 5467
4206 1396
1530 616
115 6832
1323 5236
756 4027
6723 4826
4393 6778
1495 839
5147 1585
2139 4256
3440 1406
4691 4474
2787 6018
6798 4025
6426 5991
5627 4969
3588 1916
6209 3490
6770 1898
6739 4419
1991 942
6948 4222
1452 4453
5584 2609
3346 239
2773 1876
4690 6147
3684 6053
188 4038
6436 5758
4822 4462
5892 5216
3512 3300
5577 975
3716 3919
5736 501
3299 4068
1933 3319
4246 6389
6616 1201
6492 127
2991 6264
19 3082
4429 1177
692 5398
6887 1401
1479 1835
5155 2862
2687 5521
1305 707
3223 5561
5404 2999
122 6368
2745 4417
3665 860
5626 2171
3318 4665
1232 6001
597 4284
5336 6309
1428 596
4675 1137
2682 4652
3260 3742
6185 4868
324 4568
4839 4377
6329 5586
2200 1927
3523 5108
4989 4439
2366 6418
4479 133
1298 1040
310 6971
2711 6541
278 4958
5668 5978
1883 5426
6896 4443
3549 5892
4901 5872
5665 2055
4157 2391
5312 1065
2443 4962
2767 6932
6025 4995
4196 4535
5157 541
5303 689
2323 2841
3702 5129
4471 4158
3751 6638
6154 294
5696 5365
3616 751
2925 1467
1928 4457
3291 3667
3199 3913
1606 4418
6301 5380
1530 215
5043 3703
2252 3117
6392 639
5031 521
5894 5144
5437 3780
4055 5001
4360 4035
3150 4440
1229 5109
4708 3576
4144 4074
5887 6927
1261 6858
6833 1061
2623 4229
4726 1607
4047 6143
313 6477
5270 4360
2608 5584
4296 6
3266 5272
1526 5590
5122 6492
1946 3021
425 5698
2207 245
5436 2953
6190 3197
3121 5962
5076 2719
5617 3741
4663 314
251 5514
1023 1376
2291 4439
1442 6377
6116 2807
6984 3069
2199 2058
1496 4290
3221 3774
4863 3229
1607 1150
2892 6771
6679 5009
2410 1522
5229 2021
5194 1091
5600 4364
6057 4720
6937 2206
6468 3207
6802 1821
1594 4475
4691 845
2787 3317
1347 2136
653 5608
5575 2686
1529 4367
6239 2768
5919 3960
1458 2813
3188 1374
4715 1408
3307 4827
1816 5691
1821 2813
4340 4981
6404 5624
3032 838
1832 4133
871 4587
5822 3205
3025 2997
211 5291
4012 4252
2154 3165
6965 4577
2658 129
4997 2626
6194 3996
6333 5572
2354 6758
2144 1837
63 1591
2512 5146
5106 983
5534 4197
6753 4727
611 6819
928 3943
4908 3967
1351 385
1632 4273
6825 5773
2733 4768
1934 2205
6500 309
705 6870
2984 1722
3232 2520
723 2665
2406 3717
881 2677
6780 2686
1658 879
1775 5972
1422 3000
5074 1757
6698 3437
3899 5963
6930 4297
798 1951
6544 3492
3665 6976
2600 376
132 5086
2178 6936
1227 5711
5271 6574
894 2323
6306 6492
714 289
6360 2899
1453 3741
3137 5044
4336 1000
5703 4848
4291 3874
4600 493
4957 6001
6840 1079
6208 3916
56 2226
2958 1064
1926 6920
4213 4316
4570 6284
2854 3295
1334 1122
2711 4567
6629 6631
6356 3508
3409 479
2658 6332
4781 4149
3404 6491
6180 3685
4415 3623
2290 2447
1373 1133
4037 5785
2768 4180
2764 6069
5484 2291
4435 5179
2782 6004
4820 3457
2980 6526
2600 6453
5839 6895
5028 2360
1457 4113
1056 2495
5034 973
680 6656
5679 3508
2723 209
1116 6972
52 323
352 1278
6567 2514
3052 5237
1881 4804
5304 1902
596 1937
1075 5265
6766 6776
949 6548
2671 2600
568 1707
46 2655
2785 3937
277 4275
1672 5189
5186 3488
4552 6047
1493 5587
823 2326
2485 2330
6973 4259
4300 5054
3139 3161
4805 5079
5872 4020
1181 4093
6967 5656
1820 3466
3679 5221
6463 3614
5894 2398
5269 3386
1227 6119
53 1063
3001 6931
4222 6052
5765 1374
3022 2359
1714 571
4308 1790
6598 6665
1417 5797
4452 6617
6688 868
6038 1096
1560 6852
516 1035
1640 4970
1174 6891
5286 59
5136 2498
5113 759
484 3090
6049 67
737 4257
2005 3403
2150 4011
1312 1671
5879 4529
3795 2827
199 4363
1353 6283
3864 3310
4250 5785
714 5449
3736 1450
6447 1481
2868 3933
3804 2629
2133 6119
2976 4605
5143 2177
3964 1112
3105 1268
4680 268
2666 1167
5068 740
4186 6691
6354 5487
6078 3716
3133 5388
4537 1976
5977 838
3216 435
4501 1489
5885 3601
991 5288
3841 1439
519 3746
5632 1762
1625 3629
6449 5876
5967 1780
4625 5370
4773 1525
6864 240
2670 1490
1414 1272
4724 4644
5037 1754
6071 3375
1403 826
6004 3499
6549 2679
5385 6995
4794 618
5246 2484
1936 4532
4511 1179
1938 1365
2664 5352
2980 5755
2004 6467
4732 4426
1665 2624
4555 2524
2186 3424
1001 4007
5938 5281
3794 6039
6093 4040
1793 1324
6622 3221
2375 2025
161 4678
2725 2139
2080 4732
6642 6349
4081 5008
5862 5940
955 1479
3661 4945
6758 6947
4770 3595
23 1531
4678 1429
3606 573
1328 455
2713 2020
5462 4882
3839 6224
4318 4078
5889 922
1756 4017
5800 6697
2678 1133
4748 4574
4252 1991
1071 1223
231 6655
5532 6167
808 1104
6499 2985
3254 5974
6477 5949
445 4490
1544 1420
309 365
2174 6235
4541 4006
4970 6643
5620 3815
4249 4125
4145 4661
3592 2862
5601 1726
5680 6062
5915 5775
3050 5467
4214 2928
1513 1940
5222 4383
3231 499
6543 6864
6149 6475
6666 6297
332 1655
143 2279
2475 1936
3178 5288
672 6674
4692 6507
4701 2628
897 3771
545 2842
6842 1336
1721 5964
4674 767
188 6382
1223 5267
4729 1372
6384 5979
4808 6139
2853 5440
197 758
2481 1629
3916 2271
5356 6021
4190 1580
465 5015
6745 1609
41 4724
3405 3852
678 1724
5627 4862
4095 762
4987 944
1190 3259
397 5188
1237 5995
1244 947
1698 1290
968 5627
5738 3772
3360 3823
6166 5409
1144 439
944 4964
6320 6112
5517 732
950 924
3135 3299
857 1061
1481 343
991 5059
5912 262
3658 1115
5923 2810
5421 6084
4335 6226
3586 2038
1622 5104
6118 5978
1754 304
2406 4685
1577 3535
3116 2764
1708 4393
110 5410
1466 3731
5330 5449
6646 2470
6363 4268
849 1226
6262 6431
2311 1443
823 739
2331 187
6471 4575
5596 3235
5123 4300
1152 2762
72 4723
5448 2676
1103 1230
4886 2349
3077 1056
141 6882
6744 4845
1587 5740
6938 3005
2867 5912
3118 6879
6480 541
6640 6080
6030 5368
11 6598
1759 5863
5464 4661
4885 2829
1051 6384
5690 4780
4068 6747
140 6360
797 1875
3717 972
1163 2257
1563 3473
2942 4504
2676 4421
3004 3174
2515 6247
1068 1737
6934 222
2125 614
6084 6378
1280 211
1154 3948
441 3461
1009 2965
5032 1327
3927 1891
4568 4054
2277 495
1363 4908
5075 504
3630 5889
5911 700
3533 3492
4840 184
3378 1870
1065 1037
2306 4351
5326 877
2805 2617
2139 1300
6782 5608
5176 5260
63 1818
5745 5820
2339 266
2046 481
1022 139
5048 2976
3323 4067
4624 6295
5242 3699
3020 3467
6446 2526
5103 532
3039 3628
4835 5547
6377 2852
3048 2336
3483 6910
1413 2017
2059 3929
6895 872
1122 6855
6637 2058
3783 3557
23 906
362 4547
487 6301
971 6532
6420 4213
1005 318
1698 219
6604 6035
6493 3380
4538 1883
823 3681
3266 2263
6255 738
4006 1327
3472 4230
350 4460
108 4235
799 6655
5954 5491
3001 3669
880 1214
4856 250
5897 887
2808 5770
499 3797
692 1602
4165 348
3348 3711
833 2020
442 3785
5838 1878
2721 653
392 6661
2358 2959
4348 2258
4031 2460
1635 6563
3282 1434
936 5768
1611 204
143 4630
3565 1489
2859 4356
4327 5541
2911 3661
3490 5763
3519 4884
2079 4065
244 1676
988 4598
45 2735
1630 5498
6584 6366
1642 4973
3298 1283
6739 6635
3601 2083
6868 3584
3225 3579
6744 1220
647 2894
4794 525
4298 1971
6806 1133
5731 6994
3892 156
263 472
2180 3302
3399 3487
821 2545
2707 5136
4828 205
6186 556
6514 955
415 3662
4822 3979
5461 3829
1019 2067
306 161
6136 5367
2152 4797
1933 4456
6294 4523
557 6722
5857 4612
6204 5734
5796 5170
5706 2209
4704 25
2581 2043
5470 5798
539 2595
6427 1411
347 2094
5002 4988
4112 311
6618 4831
2439 5297
6801 4899
6732 4071
3236 6418
4966 4336
4038 5234
1833 5309
534 1628
3795 4836
3597 5613
986 6666
3397 3132
4940 4560
6144 2398
837 3366
3130 816
1217 1772
3973 2349
403 3974
3932 4678
2181 2034
1912 6807
1428 6244
2641 3580
1500 1728
6038 5644
4223 5487
4842 4876
2369 4775
4657 934
