5000 3000
3418 1264
2364 1029
1101 96
588 129
1180 3988
3578 1113
694 1125
3407 3736
4952 3488
1473 3723
4174 3475
4523 3687
3152 2911
1850 1523
3480 4953
61 4735
4081 1940
4111 2206
3366 4475
4722 3007
275 311
4655 3959
3020 928
4754 3945
656 1164
4313 2290
3809 4235
641 4288
4998 725
2009 3871
640 4418
4749 2560
433 2815
4383 89
3841 3720
4200 3844
4702 2716
3449 2892
2414 2370
1373 290
4896 2491
4618 2134
504 3877
4737 1386
4693 423
2391 224
2350 3972
676 1039
4142 630
2277 2065
1086 2302
2255 2105
117 914
4947 1431
4848 1239
3659 3030
1437 2141
1935 3973
1482 4321
272 2809
692 1189
4879 1263
4063 3383
3139 1950
3606 1371
1728 4733
2827 446
2166 951
431 1373
3802 3267
3902 2469
3902 4363
1915 3112
3196 3888
2152 1190
4346 3562
98 2366
3677 3130
2587 4344
337 798
4353 2899
3538 2234
2745 2215
2188 806
2092 4786
3205 3778
1981 4823
1597 4260
2765 1474
2567 4487
87 70
557 98
3369 801
4303 852
3654 2880
1798 2321
2064 1582
279 195
754 466
4868 1777
4911 998
983 708
4954 1065
3080 4638
1514 909
1510 2076
2414 3826
621 3715
2265 3498
2650 2109
1327 607
2272 512
3136 3184
2726 493
2116 2169
1458 3610
569 4029
1644 5000
3217 1462
4031 889
1179 4429
3533 1790
871 3618
2122 847
286 598
577 4681
2053 3653
154 4078
1220 8
310 3199
2183 1242
2702 3206
4708 31
4223 4020
3917 3573
3309 575
4425 1851
28 3150
3950 993
4647 4386
2941 2732
2481 3282
453 743
2993 4380
2786 660
3766 2376
1664 1447
4543 323
3148 1565
2449 3196
875 2944
3986 696
3588 1553
1147 293
1582 208
4858 1954
4008 3185
517 4429
2521 4094
4375 3681
135 304
2780 460
2767 351
3322 969
1735 4286
3755 4396
1221 4747
1909 591
303 1160
4006 157
3861 376
1989 1070
118 1412
410 2518
798 3738
1399 4842
524 872
936 4073
4875 1807
517 1661
3492 2764
3294 2657
990 4719
4472 1126
2635 1747
374 4859
1421 2749
518 990
2244 1158
3401 1377
3031 4534
1352 3594
1996 4768
334 1093
819 3082
1293 129
3990 662
53 60
1470 731
4864 2325
3410 3900
1040 1689
1173 2220
4286 3690
3376 1960
1430 309
4885 1475
4096 722
2468 2850
3431 38
4569 1931
1573 963
4344 784
2965 4422
4158 1797
3803 1705
2265 435
1587 924
1223 3887
4076 1445
1309 354
443 2984
2336 1717
3561 2060
2739 3713
355 856
430 4403
1441 1295
239 3974
4219 951
581 1928
3644 4856
4750 2671
3433 1629
2669 1885
903 2672
1866 804
1943 3380
1639 3077
1808 603
3859 4794
3969 446
3571 1188
1771 4993
3728 1459
3174 3060
1118 3750
1591 2938
2210 1657
2752 1043
263 4659
489 2299
1119 911
3814 3757
3427 1403
2815 1802
2418 4945
1285 1393
4736 4529
1882 709
3373 4275
4008 1774
4847 3879
3791 2287
119 3508
2021 2031
2682 3558
4747 1822
4848 1221
4700 42
3423 363
329 3856
4131 276
3488 4351
3231 3927
803 3707
4058 1971
681 4576
102 3332
1786 1088
2937 2424
1959 744
131 3931
2498 1326
3763 4673
4782 200
3727 3800
1136 3321
1516 3035
3804 12
580 3153
2728 4350
268 2430
3489 2211
4444 4713
1697 664
2751 450
4217 2982
423 910
3138 2995
3813 335
2995 3002
1436 4578
549 4594
1678 1134
2744 1955
4421 931
3920 4753
1719 1847
2626 2890
2191 4126
3465 2271
447 520
3055 2829
3707 3984
4108 4315
1006 3852
4358 4366
2395 3703
3016 538
1543 3751
716 657
3201 1465
2363 631
896 1350
2261 918
1213 4066
1233 1674
4266 186
2402 3413
4436 1082
3883 2841
3442 3637
176 2389
1549 516
181 1904
4257 2752
3373 4741
2809 2674
3983 4861
4344 4494
3648 3752
2492 4647
1081 2511
1407 2130
1858 3967
3047 2361
388 1216
2893 2330
3735 1363
1318 4386
2337 1494
1437 1258
1321 1949
958 338
2594 4707
1037 3612
2134 3029
1512 1681
4608 285
2597 2817
1212 3055
3674 4423
1332 4372
2471 996
205 3315
4092 1191
3753 2624
1279 36
4475 4157
2714 2422
3883 2375
4700 1205
4631 3622
2775 921
3924 329
1143 4514
958 2524
204 3291
1806 3654
2928 758
2674 451
4982 1599
4780 4313
1820 2277
1604 185
685 4411
3650 716
4193 3232
1593 4018
2604 4942
4957 4191
460 2958
3257 1212
3504 3029
3164 3055
100 2332
2826 2879
2524 3651
4596 718
1767 3640
3405 3625
2365 1342
3473 3394
1144 4811
4899 706
1177 1703
2485 3889
4304 2748
542 4839
3079 725
55 3355
2240 3396
1433 4554
3786 4653
1122 1633
1524 3128
2372 4538
4019 346
2474 4795
2490 4048
4582 3797
1840 220
21 1262
2152 2459
3872 1018
2357 3418
1470 4030
2005 234
978 2271
4040 547
4907 2964
4761 3937
4634 3573
2113 3900
980 3058
4199 4713
144 2127
1335 4765
480 1198
2619 3777
1110 2928
1338 434
2234 2959
3437 2917
400 2375
2390 4339
630 4210
1588 1502
775 4906
1370 4455
2643 2591
2467 2224
2970 786
4378 4752
2881 1178
106 1122
4245 2306
3056 3973
3376 2788
1336 840
1785 1267
4124 1812
1544 4577
4307 4359
4515 934
3419 3773
626 955
1076 143
3929 2853
2553 2971
1139 3621
4896 4286
2803 1411
2496 236
972 1822
1055 1167
1857 2519
1027 1720
1067 644
3481 916
637 155
3968 3533
349 1609
884 269
4207 4860
486 3843
975 2073
355 543
2472 85
791 1015
4930 1683
4814 1639
1514 2880
240 744
1193 2273
4750 2850
2886 1316
4102 1982
4137 4672
560 812
4737 115
4333 1778
1570 2309
1408 4401
36 809
1754 4131
3889 3003
4829 1517
3602 880
1482 2907
3110 3475
1756 4213
1865 3339
925 2575
1013 3817
904 4258
1114 4062
2960 2362
4565 333
674 2688
4045 948
3153 2324
3744 4919
2556 3637
1851 4538
3337 2381
3506 1547
571 3897
3011 1469
105 4028
862 3248
3589 4282
697 977
1175 3235
3282 4838
834 1383
531 2980
1631 2775
1641 4874
3312 1006
1908 3480
4089 2282
4768 4864
2237 3279
2918 3898
4942 3314
3970 4190
2285 1208
3725 886
1001 2054
4009 4074
1891 1103
244 816
433 559
4081 220
1468 3135
4953 2679
1252 2481
790 627
4260 4033
3818 1655
2405 4079
4017 4136
2144 4444
2815 4429
4478 145
259 3526
976 3143
3688 2577
3083 3626
3766 295
270 1449
4561 2483
1345 4027
3529 1102
2560 3188
3994 897
4661 4019
4537 4419
4688 3849
3899 4606
1281 4151
457 3207
2158 4053
4842 3095
2890 2331
2626 504
231 4838
370 1051
3002 2858
4784 221
2796 3118
798 3508
2828 2928
3375 2878
463 2001
2029 1923
2557 4855
696 537
2498 938
2766 1391
162 4411
2672 307
3776 3461
4654 4217
3451 2185
168 3848
4817 183
2593 3095
4673 3198
2642 4691
801 4001
820 1687
2753 4070
4119 2782
1366 2454
2977 3572
1653 4072
618 4390
1754 2355
2173 390
2436 4699
3294 1851
754 4737
777 4849
2760 2240
552 4641
4351 3894
3499 1719
2846 629
2473 4135
2457 3547
4424 2567
1640 3395
3296 2059
4222 3713
4486 1480
153 4229
1529 4726
4090 1745
3829 2195
4365 3554
4638 491
4279 1644
2985 3789
1211 1970
1233 2460
3567 3361
2611 528
1668 3379
2187 2352
1316 2101
4926 1935
3325 1954
931 1229
1573 227
2012 2544
3803 3977
4587 3573
3458 304
1655 1306
2235 1118
239 2117
2276 4512
1442 346
3981 164
454 688
2572 4929
2442 521
3335 2978
740 3252
1152 1934
917 4678
4099 989
4276 4755
4303 2063
4067 740
1951 4914
1002 2568
2698 4787
3195 1933
3465 1786
1182 876
1435 1754
2250 3601
3346 2084
4830 459
4018 4371
3070 926
2593 4471
3472 3891
2019 2276
1188 2974
3894 3013
2525 173
4963 286
448 1964
2073 4528
3152 2534
2973 1000
4382 1937
3625 3183
65 3220
2094 2465
740 1929
2437 1724
1313 3596
2599 3329
278 2245
657 4028
3860 3383
2726 3461
823 1314
2138 4148
544 2883
3448 4933
4487 2677
3714 225
427 1506
3633 1115
26 3283
1640 2504
2571 4718
674 908
1293 2045
4231 1066
4867 3362
2617 3699
3919 1094
2136 1422
4859 2684
2309 1628
692 3396
3012 1491
3224 3092
4673 1839
170 189
4576 1874
729 3789
1625 2145
1383 408
3286 3514
4919 2132
1223 730
3015 1394
4647 962
116 4308
3565 3717
4049 971
1839 1665
1561 2181
2359 4049
3130 1067
3534 1693
4916 1766
2319 1552
3427 1478
3347 1196
236 2378
2145 1930
3695 2035
3029 4776
3754 703
85 3842
1092 2649
3257 1739
3142 3468
4893 2100
599 781
4563 482
427 2727
1924 3858
2903 4968
4901 373
44 2078
4134 3121
2479 3234
3039 1084
4584 337
4756 1470
2133 1392
4127 4038
2779 3835
1081 735
2600 4346
3547 1162
2134 958
2567 362
1048 4090
2302 2954
3524 2318
2157 2161
4236 2565
3570 1352
2585 4025
1240 4553
3605 436
1548 1218
448 1884
1501 294
3853 2132
1340 3827
3576 951
4055 335
3617 2921
4595 3975
3750 4039
922 1213
1013 2864
767 1669
2328 1480
1379 4168
2235 4615
4798 1740
4781 34
4310 4676
1480 3412
630 2017
4081 773
2693 213
2329 1000
3230 3061
4837 869
2651 1260
237 665
3771 3931
3720 2207
4868 48
2699 360
3712 2662
4663 1060
1732 399
2318 2648
455 580
4483 4934
3125 759
3268 2091
1459 1967
3268 731
169 1706
1335 3183
3297 2335
1263 988
2446 4022
3542 2541
4944 1076
2942 788
3011 4200
1638 4011
3650 3180
3903 2200
4613 4918
3466 740
3462 3017
1527 3557
3490 762
332 4206
2800 3798
1837 1271
4058 4320
4299 688
2382 3836
3583 649
3913 2461
1218 1047
2461 2037
4286 3504
2421 4658
391 4514
627 370
4206 882
4184 3481
3384 775
3807 4657
2076 2912
2088 4797
670 4125
134 934
3792 1471
1493 3220
371 683
3410 2439
2572 4811
3728 3686
2172 2797
1534 1730
1517 641
4949 2125
872 3554
4378 147
48 3236
956 109
1407 3909
3770 3319
4931 3988
2481 2956
3236 2480
718 1025
1107 114
1564 917
131 1542
220 1715
3942 1190
1981 3570
4413 1564
706 2466
3797 1214
3883 3457
179 955
1361 1249
3648 3974
3863 161
3683 4795
1988 1650
2416 4665
3210 418
2735 65
842 3538
3406 4061
4741 4882
4541 2383
304 3994
3275 3983
4206 4842
3997 1900
498 4328
156 3458
4722 2588
4533 521
2195 3418
3878 958
4054 2841
3673 3574
171 1322
2360 1575
3845 2817
3590 1902
4159 1800
4815 2779
4933 3838
1075 2404
3198 3415
2952 3870
1328 1698
2314 707
3956 1058
1420 1635
1281 4963
4032 827
3408 4045
2488 1923
1716 4562
386 149
2940 2137
2925 1300
1432 4125
262 522
2767 3528
934 1858
989 4604
1836 3985
2113 2788
2911 383
4564 2192
1239 4223
4951 854
414 3587
3745 909
868 4995
835 4608
344 4156
864 1369
968 1683
2963 1287
2394 3617
4145 4083
814 1264
2980 2742
1129 1008
1654 3598
3406 54
2010 3881
2797 2350
4138 1403
699 2180
3051 3400
2955 2011
1242 4339
3455 1870
1131 3513
3387 3354
3759 4229
2964 244
3626 1193
82 4239
571 695
2772 2579
3291 1347
3556 504
3222 304
1237 4707
474 4259
2423 3435
3294 4536
2494 2570
2820 65
2292 4324
1204 3310
3656 1681
4460 3623
2829 3314
1617 2471
691 303
4403 2741
3195 1033
4264 4431
2326 1751
761 4192
4521 2558
4271 2792
1311 192
229 4424
4854 2120
1978 2490
3464 4140
905 492
3056 2128
4158 2904
1015 392
1022 3677
2441 4690
43 3713
2777 1935
4765 4634
4369 4879
1916 2870
2452 2331
4693 1147
3094 4258
2029 863
2686 4231
4771 1578
2960 3722
803 1201
3488 3376
672 756
510 3481
1066 3902
1760 3655
640 3026
4312 3300
4819 4580
4252 3235
2161 4787
4087 3469
3606 4011
3416 1335
1183 4144
1042 3972
3750 1060
4205 4335
968 1742
3731 3878
268 1285
4580 3026
973 4929
3348 904
991 3028
4684 2373
330 4283
1256 965
3044 2498
3068 2485
2409 3981
230 1171
1165 4831
3456 399
2500 2323
1767 1500
4005 18
1003 4486
2857 554
367 3421
3942 4695
2538 4635
3706 2768
3091 3894
4962 1088
1135 4136
3776 3686
3679 1221
2665 732
3356 3173
1908 3240
2778 4432
376 3630
2273 726
1357 204
4686 2531
4597 1015
4583 698
1577 4439
4726 434
4672 4275
1552 3899
4118 153
986 4357
1473 156
2253 1686
2010 4748
3640 694
4371 4972
2625 3292
4825 369
4027 191
2785 3581
1479 3400
198 4325
2600 3130
2107 746
940 814
4439 1378
2338 1180
1497 2094
735 1264
2514 3337
1387 483
2665 1487
223 480
2442 3195
809 2622
1168 3382
2656 2113
3077 991
425 1660
1963 4891
4801 1938
4039 4167
4133 3155
943 2207
497 2608
3808 4532
3335 537
3967 237
3339 1915
153 2205
4539 4802
832 2018
4545 1029
2496 4656
3333 3654
688 4100
1667 1167
3059 4428
1378 2009
4404 3472
4548 3701
343 9
3807 2370
1372 5
493 3951
2239 4898
2056 3115
2879 1743
4794 4181
2305 373
1323 4376
4613 573
2463 735
3239 1008
1145 4559
2290 3539
1728 4136
2608 2807
2142 3709
2237 2015
2635 2799
1726 3767
4912 2691
131 1096
17 4988
3904 36
79 1422
3385 4554
4006 3218
4409 665
636 4413
254 3647
1012 2892
3084 4926
2933 3169
1452 70
1023 3791
3035 1581
3642 77
1815 163
2304 2932
1569 738
2484 1812
1920 4046
2974 302
2300 4038
4965 1713
59 1607
3245 909
2273 4663
4099 4047
1397 4521
1588 4635
4940 4630
1438 536
4819 1051
533 1044
2127 4669
1868 4286
2248 1572
190 4366
2072 4589
3719 17
3499 425
2647 3544
3334 2245
998 4246
3823 4060
2962 4238
357 1840
385 2277
3442 4362
3678 2591
43 3211
1595 2742
671 4685
208 1849
3472 610
2048 1613
1348 2698
2547 515
793 229
3932 3539
197 4855
2739 2052
2025 884
3880 1953
2792 446
2733 4258
1940 598
4915 3593
784 3658
4743 1023
701 498
274 3092
2567 533
1045 508
3621 449
2470 3538
539 835
458 4582
428 2416
3125 3291
786 3368
1910 4912
87 3715
3146 3803
3508 830
2783 213
3720 4238
2689 4816
1577 885
842 101
4876 554
4857 1587
4696 1033
4169 2100
2912 3449
3944 3643
1524 1992
1128 362
496 1046
2554 4789
3571 4204
2931 2550
4782 4434
1193 1208
3847 2529
4943 2810
2385 3022
67 4241
4805 1185
470 1945
4155 4584
448 3458
2817 1601
1642 1649
561 2798
1552 3898
3829 4914
2713 4739
4638 2750
2455 3430
2693 1330
859 3722
346 4063
1798 31
1828 1887
3822 1747
1959 3939
2716 3080
1682 3280
1510 56
2973 82
605 2932
246 4545
944 1167
2381 3608
1593 4798
2949 360
244 1632
1621 2328
1427 1794
2147 1428
2784 4543
2015 1463
1606 177
1443 2145
829 172
1125 3105
910 2773
1723 2500
3738 1968
3029 3051
1404 4317
3554 536
971 1184
1072 1554
1571 4363
3099 3066
2605 4912
3519 2004
379 4812
1550 4387
2410 1218
2685 2025
437 2295
1036 4164
4785 4006
1715 667
3856 532
1372 4167
3180 4172
3066 4085
4251 3804
1467 2637
3063 4305
3960 4054
3882 2199
4762 3285
4784 300
1698 1799
1663 3704
1921 3244
1791 2507
3482 3090
4681 1288
3065 2086
4511 695
1101 689
2418 3642
4251 2881
1886 4784
338 3812
4197 2756
3491 3696
3831 3544
3351 3011
4076 2598
2237 3133
203 1472
3619 1916
2176 622
2942 676
2413 4111
4201 4479
641 2265
1866 807
972 585
2952 314
4474 1641
2735 1611
2698 2049
2480 2249
1562 4949
1130 4450
2140 70
2454 2309
2840 3309
3324 4751
98 3867
4200 1223
3257 1865
1859 1720
3887 1915
4226 4809
4528 3840
3780 2791
704 2565
1539 3513
3422 1717
3594 3687
4575 247
3070 1139
4731 1052
2504 80
4095 2906
2784 1848
3434 3488
3305 4405
2455 2672
4809 191
4650 264
1140 1260
2706 4655
4940 4980
4702 3203
3124 1673
3201 522
4379 3166
1543 3890
890 2694
4666 3699
2496 764
1405 855
4530 1456
263 4943
4003 220
1530 1631
570 3162
2326 1687
1910 2385
4296 574
3725 471
3020 4248
91 1408
2677 3366
3204 1287
908 1058
4395 3428
3918 564
3187 1692
1065 1685
2538 3541
3890 1301
4946 4712
2543 4813
1663 4117
3760 2257
1653 61
1169 3652
525 3271
4955 2023
4308 2695
4664 4022
3770 3791
4720 321
747 2359
3739 2841
2437 3204
1435 3401
2041 1472
3540 3751
3152 1503
4659 783
3224 358
1964 1294
2243 4406
2392 547
1780 4043
3370 4529
994 3021
627 862
4133 2671
3360 3695
1351 2071
1699 4146
366 3787
219 600
3784 3123
2816 3272
1593 3250
310 88
2053 940
1119 2680
3804 3972
3780 559
677 4493
1985 3586
1149 3857
2287 1322
1398 148
4973 824
1452 2410
1018 4380
3202 1380
636 92
2239 1258
3610 2934
1458 1775
283 4361
1771 3622
392 4284
843 3200
2526 3638
430 4901
39 399
3092 1653
2046 3070
1955 1639
749 132
3455 229
120 2762
1575 518
1807 792
1376 1369
361 3406
4199 883
2680 2644
4605 1553
1697 4438
3237 3506
990 1904
1752 868
2922 2650
1423 123
3295 2591
99 3189
1743 3759
1804 541
2282 3023
360 552
1791 3368
2471 4906
4093 835
4393 4663
1405 2064
777 4915
2658 3184
1089 2721
1437 2605
3950 554
2746 145
4986 4793
3678 3133
4187 1905
4125 4813
109 1906
174 1017
2531 1937
3511 1996
651 491
1127 3069
4086 2430
1655 1243
3079 1675
311 1951
4900 3636
2693 1100
2279 2602
325 4267
3399 2364
195 1877
2714 2808
1985 1687
4419 443
2035 1823
4982 3126
4272 2635
1504 3624
50 530
4028 574
1577 427
1160 1673
1029 752
1423 4855
4497 1675
1936 4157
641 3492
3827 2552
1345 1619
2007 3474
1446 4964
2040 2484
2338 4723
3673 1650
2228 3942
656 2946
3263 3095
1375 3857
3616 3463
4140 4993
3551 1277
3949 163
3125 3502
682 2460
4876 4401
1252 4529
1440 2108
3117 3799
2506 3716
2321 3074
4606 4965
3940 590
2730 1120
3845 1604
1268 1554
35 106
4102 3066
4026 3315
3407 3233
3057 3147
4011 2522
4820 584
3349 319
1020 3153
4634 1331
1592 3575
2092 2856
4175 4003
3017 473
3157 3474
2022 1986
3914 283
2961 232
1212 2141
4960 3732
1208 2084
2027 4933
4738 1323
102 957
757 3149
3258 4802
659 4248
1547 3465
1359 3497
2072 2476
4102 4368
3136 4802
2523 3372
729 896
4691 2822
1170 2204
1717 3261
2524 53
1380 4029
13 794
573 3423
4301 3415
2363 3531
1398 1446
3070 1527
1101 1623
3986 1491
4118 904
3692 4646
1742 1521
1647 484
1497 1572
2125 3349
3611 895
1361 654
2402 703
3095 1022
2268 527
2803 244
4798 1924
3915 3975
826 78
501 2180
60 4772
343 794
1730 4279
60 3078
4940 4261
2178 3981
3877 2761
4952 3519
2758 3038
2811 2583
1963 2960
3265 3101
469 2917
2706 821
26 3744
3292 1138
211 4931
1007 4347
2290 2037
3019 3703
3893 4219
3385 1540
26 2640
137 2951
375 2667
3640 1914
4971 3970
3279 667
2854 3506
3901 823
3153 2408
4974 1599
1173 4261
4685 4134
261 1048
4080 714
2469 4496
3825 1377
3656 948
3950 4430
1974 1994
1734 1397
733 865
3563 240
1313 2675
3142 2297
1806 2111
3902 1009
1113 4379
4031 741
2727 1834
4719 4921
530 2812
3089 3127
4604 3580
1912 1832
2123 948
2384 719
913 731
2788 4852
1542 952
4693 3013
1044 2568
3115 4727
14 2547
507 4834
4388 1556
3180 3471
2619 2991
1035 4258
4929 4840
1820 874
3239 76
4410 3774
2589 1186
2432 1794
4095 3734
1208 4928
2322 1195
282 4907
2623 2531
4116 1012
2241 4702
3919 1768
4056 2388
3086 482
2730 1251
1726 1844
431 1467
3994 3210
2451 1305
177 4489
3214 2765
3461 3879
2854 3207
3204 589
4325 2319
2314 1599
4490 3226
798 1073
2650 4755
444 2491
3749 1341
4729 1127
3620 3953
2385 1187
1719 1787
1603 75
2968 4716
836 1210
3085 3499
1379 462
787 2913
3882 1472
430 962
4223 2773
4862 3554
1218 3310
2008 279
974 1974
3250 4003
2480 4884
1414 3076
735 3799
3131 2255
3647 3010
96 984
956 677
1000 4008
4176 1843
189 4808
4694 4691
3929 2243
775 4857
1484 3146
3967 3553
2445 4682
1026 815
2665 521
4404 1515
3321 162
3226 4556
4395 4343
4003 524
4251 4791
4416 1017
1700 962
1481 4908
1475 44
4545 3664
2575 1008
321 1056
4712 1690
1321 720
4608 2104
287 694
1022 4147
2446 2979
4460 1406
3466 1
2035 2463
379 4256
2404 4376
3645 1146
4728 4018
2564 4282
2885 4966
4410 4183
1720 812
367 1943
301 1541
1161 2456
1764 1100
4933 4523
1770 4848
2942 2273
1053 3458
610 4505
2089 2136
3128 1338
3278 3737
683 2083
3485 1174
4391 1670
579 2207
1579 3049
4618 4190
4956 1344
3439 1258
2592 3553
3105 213
4945 2028
636 2213
1021 4354
902 4493
3333 541
2699 729
2973 2733
2239 1199
1850 2242
81 803
3090 1821
3102 861
1012 1440
4313 2512
4824 4011
783 4334
2859 4688
2311 4519
2221 4977
812 393
1399 2606
3192 1481
2828 4356
4520 4872
3299 3907
4853 1046
2123 78
4208 1274
1036 1169
3104 4650
2191 434
3033 2041
4987 3427
3751 1500
3596 2900
3840 4115
2350 2260
3505 4265
1875 2501
713 2504
3331 2562
739 652
629 1967
768 1353
4713 471
693 2342
4540 4038
88 3474
4168 1118
3930 4079
4219 4362
1022 3322
114 1558
60 3482
4378 2827
2001 4327
4991 347
4976 3676
1381 4289
1844 1433
616 3007
1093 4209
2895 418
3463 4060
3106 1397
3058 928
2769 2047
4417 966
2377 2451
3958 2405
2169 1746
19 4660
3225 1782
2498 4224
291 3794
4000 472
2915 49
3772 2692
2445 2900
878 43
2865 1526
3294 2905
73 831
3530 4031
1619 695
4335 4214
1260 3365
1015 3993
57 1275
2050 1853
3856 3239
3067 2452
2986 3509
1493 4395
2208 891
3593 3600
1326 1146
2898 3556
48 2943
1626 907
1553 2334
330 1096
3233 3450
2714 259
1314 1631
3927 2178
974 3450
4007 4507
4060 1044
2662 3276
4112 3186
1077 899
884 174
1034 1275
2820 4097
112 1938
427 2803
3520 4892
66 3559
3934 2372
2312 3981
677 3514
2030 1250
4189 1531
2044 2304
943 2159
2027 3516
1626 3883
845 4116
1485 1546
4844 1219
1880 987
1084 3288
315 2244
1575 1198
3493 145
1636 745
418 3116
3337 4301
2511 1896
1817 2754
3491 3926
503 4177
3499 424
2493 902
2206 2979
2299 2876
3425 2024
2621 390
1489 335
5 428
2635 1737
2338 3868
2296 4969
826 3530
1515 2067
4025 2979
2739 2494
914 794
112 4521
1068 2714
2954 2961
4825 4333
4954 3045
1952 2261
1721 4787
3147 715
872 1069
4931 986
337 4806
1561 1581
3652 809
614 4478
2810 2470
3885 1655
4371 1259
359 1048
1571 3426
4510 2069
4591 2846
2999 3674
962 3573
555 3956
3433 4291
4128 180
1368 4909
2246 1057
2373 373
4639 499
1559 3257
4056 4362
4207 615
1356 3587
4173 3147
4608 3197
3284 4975
2225 1696
1508 30
1311 4685
1785 4851
73 4201
3731 4128
4302 2121
2486 1805
2428 2200
4524 976
1402 1835
374 4371
1952 2391
321 1214
2276 1090
2216 423
2040 1721
4380 952
12 2847
4958 3024
2659 682
4500 2164
1095 3346
2416 2660
470 86
2913 1797
2292 1448
2098 129
4403 4779
872 3130
2109 4951
4513 1689
3623 1808
2657 2202
1671 4765
3240 1276
3655 1899
3555 3020
1216 3925
768 4063
1487 3764
1516 1443
1548 4667
4019 1478
2311 173
2541 1335
1456 3230
4980 1539
569 1176
591 3494
2010 3728
3298 822
4316 1125
97 4943
817 3096
3146 170
902 112
359 1083
2035 685
2193 1169
4913 111
77 872
4444 2773
697 1658
1141 3936
4611 3640
1337 2519
2718 3924
1266 1998
458 4453
2192 4454
1009 174
365 843
4462 2431
841 4191
3403 1162
10 1838
197 1857
3500 3158
1208 2895
2350 1851
3152 921
4029 1390
903 1840
834 2309
2928 625
2734 970
2954 695
356 4953
1238 1459
3512 4346
2744 4913
1486 3484
1231 2471
2352 2854
852 2221
4090 3024
2175 626
18 1218
1201 2624
1211 3200
3660 3920
552 928
4734 3502
2282 1186
741 2647
1045 1490
3155 2889
2616 4049
3473 3943
3392 4930
2732 1133
2015 3140
3430 4501
4073 4414
4373 4036
4363 4393
1886 3151
685 4760
3456 4317
4734 1797
715 1927
2964 24
1666 141
2969 4575
3883 1095
903 489
2862 2957
1142 2415
3772 1181
4518 3450
1987 1727
1840 458
1129 961
1173 3093
216 3480
3045 444
869 4765
605 3907
4866 1296
248 1204
2993 1158
648 2008
632 103
4663 3412
1227 1495
3849 1148
4321 2454
3852 3372
2764 3638
109 2350
912 1278
492 264
4950 1422
4123 1314
90 3248
3471 3722
4540 2114
4687 4112
2508 1863
3471 1285
2227 754
4273 3093
1026 1736
3281 459
1794 3214
1505 4582
4957 633
3838 3911
2566 3319
3117 1351
448 3044
3476 1596
2212 889
856 638
2972 4942
2749 230
1963 2312
1334 4437
873 536
1736 4892
90 2533
1538 4520
1653 266
1969 2206
697 4671
4627 368
4619 3964
375 394
2578 764
2529 70
2922 2314
3262 4098
1597 2577
3201 2916
1062 798
2715 3337
4126 828
4114 1231
195 4811
3131 3908
4804 307
2377 1321
1242 3794
646 765
1898 1767
1154 1320
4110 4230
4987 4287
2797 3666
1075 2778
2383 2952
3530 328
3176 1959
1711 4972
615 1249
4645 4076
798 123
1169 2536
4483 715
4088 771
3726 2570
1391 2422
1323 559
2295 4723
2977 2895
731 583
1468 3775
2114 3877
2098 3622
1151 1016
4660 4000
325 2978
2349 3285
3351 1057
3612 3005
4199 2570
3062 684
3385 4145
3688 2154
350 468
2006 4595
66 1267
863 2382
3079 1297
4671 3271
598 1828
3181 3787
766 2859
3817 3838
4384 3809
894 704
1477 888
3252 3549
1635 3290
2693 529
2600 2806
4951 3984
1742 3902
937 2281
3724 314
4466 1276
3850 1193
1749 2623
4655 257
4925 3116
512 2962
3524 3879
1749 444
1733 188
3465 2211
2065 1443
685 1162
568 2244
3319 670
2444 3699
3439 4299
1754 2126
1508 441
758 3511
2802 2433
1348 1627
2862 3434
3946 3896
4387 1317
3579 2906
4673 3188
82 4595
4892 1627
638 4739
1185 2653
2593 117
1233 3758
1209 4092
2593 931
3330 2153
4266 31
3691 1030
3681 4739
799 299
1791 1538
3443 4474
1361 4923
3093 1771
2852 1719
1566 4726
118 3034
2981 133
2474 2515
4114 1022
4089 3736
3392 3362
2882 2886
4444 3489
4286 2752
929 1441
3759 3510
3057 1450
4529 4874
1333 4447
3571 3126
2335 3584
2321 813
718 851
735 135
3370 850
4067 4463
817 3639
4124 4762
268 2375
3446 1736
1826 3725
4519 3122
938 1603
3847 1020
2873 3801
3383 3243
63 3070
1835 4158
2324 2193
2167 2519
3398 1979
35 3397
268 128
216 1257
3068 4252
4915 2601
2746 1397
4688 3523
1982 4553
3207 1579
3223 423
4734 3516
1056 3199
1424 3303
2607 4238
1298 3584
1893 816
1035 4131
970 4727
3212 2132
4530 1303
2642 1670
764 765
211 3584
95 4861
1254 228
4454 646
4685 3133
208 1070
3717 2934
1529 1964
1817 2433
1588 4387
2010 3098
2134 424
2253 680
1178 190
4747 848
909 3762
4882 1006
878 1162
2314 2147
1480 761
634 4049
2961 1704
3202 825
4023 180
3390 603
3986 626
1723 3440
3075 2569
3694 1320
1473 2448
84 1464
4648 4970
258 961
2809 2841
3965 4916
4477 42
1298 4275
2085 997
1580 4966
243 4391
189 4244
4193 1249
1772 2990
941 1778
242 2684
1136 1801
684 1037
2193 2242
3946 1633
754 2856
4518 2412
3827 4062
3573 4200
3277 1582
2049 1417
1622 2303
3219 843
4782 4814
2553 1358
1687 3997
3551 3655
3472 4886
2226 2612
882 4975
3138 3517
1637 4647
2892 3064
527 3682
1371 277
4190 2074
4808 3358
2405 4948
4346 2886
3263 246
940 1474
2644 3518
1524 2931
2010 596
1763 3045
3048 1189
2576 1002
79 2610
90 2695
1752 3813
4649 2635
1906 4601
543 3159
2324 4930
1739 4320
1782 844
4596 2278
4980 613
4702 3455
3566 2604
2623 1624
1615 407
4047 4085
384 2249
3451 977
1017 3710
1402 4927
2678 4843
3137 1937
4722 175
2336 147
4717 39
3783 2330
1074 3300
304 4371
4322 321
2764 134
569 3850
780 3401
2466 2251
2599 2833
3280 654
4559 2566
4046 386
3223 2445
3724 4042
995 3064
842 240
1836 392
86 1137
862 2645
3570 1855
1395 722
1566 3022
4404 41
431 2128
353 908
394 2493
615 2161
2698 3110
2212 1396
1129 4780
3775 983
1035 2616
1213 4786
3386 3661
1003 4275
4323 1971
4735 3916
4015 2299
2638 3955
1851 753
2162 2427
679 2892
4576 1986
1687 640
616 4052
494 1741
108 1771
3836 3155
1540 3995
857 2789
1710 4838
4323 4211
2568 2555
3720 1262
4133 866
1066 1793
2979 3159
3707 4207
1664 3279
1540 563
2277 3466
1346 2517
4729 837
1207 3777
878 903
1971 136
3776 1533
2186 235
3902 4350
3709 2884
2176 970
4509 689
2904 3535
1738 1234
3252 4114
3530 4161
2734 436
3616 2234
3030 802
403 3134
3462 1589
2409 1552
3299 1448
4867 2261
4339 4977
4044 4249
3552 895
409 2040
910 1799
944 436
293 4713
2181 1956
540 4360
828 2257
1856 3315
3211 3219
830 1802
2198 4057
1686 1402
1668 2848
2360 4885
2360 26
773 1517
4123 3906
2502 1955
1395 2582
569 1366
1535 2722
3730 1162
105 3888
3506 2737
171 1455
2162 631
1399 80
4867 2885
3882 4778
9 4001
2028 3872
897 371
143 4648
2382 1871
4304 4122
1371 1201
770 820
2496 2750
3708 4020
2874 4471
2109 3986
2077 2985
3759 112
2889 2467
2734 4243
4881 3968
924 2212
4255 170
1212 3362
1805 1161
2927 4079
254 2002
4732 3529
2945 1691
732 1588
3095 885
2244 4464
3681 4317
1434 2174
2858 2714
3204 4827
3419 2264
2534 1562
337 4748
4261 2813
1008 3551
3728 4643
2843 2363
903 69
4088 1206
3821 1231
4286 2374
4573 1333
2488 3989
2362 530
2415 128
3719 336
1781 2319
4859 1012
436 4001
2506 42
3526 2886
6 409
2060 1129
2869 2321
4113 4594
1271 705
2218 1169
1612 3540
4795 662
2383 1793
264 3877
2906 2038
3165 3462
3270 804
2141 2475
4891 2546
1420 4620
3571 2642
4737 1141
1635 2049
1112 3411
4541 1635
2467 2499
702 2436
4643 3778
4472 1503
3080 3580
787 1136
4314 3621
2567 4128
2930 3837
2902 3504
3822 3445
3361 3779
227 4579
217 3449
725 1152
2478 1988
4755 4196
3057 1043
4451 4634
2404 439
3217 1032
3301 49
3792 4244
3771 446
694 449
2214 877
2732 4869
798 2381
4633 3945
2715 499
995 4790
4185 435
1680 4230
1181 4605
4058 1118
1832 1268
2465 2547
53 3973
1645 940
551 1
1254 4947
992 4259
794 2026
1674 849
3881 202
4144 3636
3201 456
998 2457
3315 3963
1508 1925
4479 2133
3598 1010
3542 1199
178 1514
1161 1972
1399 4191
4479 1642
3901 3936
2376 2372
820 4824
4039 3010
2255 3205
3161 880
3801 3416
3481 1214
230 2322
3745 985
4623 3191
91 4756
2481 280
3642 350
2906 1142
3834 3755
2269 75
1297 2931
4102 4123
1727 2858
4302 3200
4203 515
1430 1241
2883 4614
2780 3765
1148 2281
2482 3228
559 3963
3085 3865
4964 1478
4719 4154
4305 2124
1061 2655
4824 4758
2852 4789
3308 554
369 242
1304 1899
791 871
4092 3903
2652 1897
1939 864
1426 3147
3442 528
508 2052
938 307
598 3618
3067 4969
242 1426
2631 882
3683 3094
1092 4701
4559 1637
1604 2069
4024 3585
2344 1848
1649 1328
3556 4330
1576 705
4769 199
789 1668
273 1152
43 2946
3343 4656
4478 590
2792 1519
4327 4065
1558 1700
4673 3881
4103 2885
2921 4577
1130 551
3596 3503
3082 581
4663 641
1042 4238
2444 827
967 4086
1889 422
4928 4429
2711 185
1836 2375
2060 3199
2932 557
1294 2360
613 4378
4714 1978
4242 4097
2558 3271
465 4473
909 4775
3859 2155
246 265
2770 3453
2138 1643
2741 487
1142 1674
4482 2701
511 1931
4044 598
4620 4998
290 2834
580 3410
4901 661
4518 3923
1061 2217
342 853
292 4069
4159 1846
2870 3535
3913 2486
1866 176
454 216
1608 4377
4982 3108
149 4527
3950 428
3172 3091
1026 3521
3497 4502
1129 947
3588 967
3013 2882
1587 2811
3577 475
1952 1901
754 4822
83 1861
3384 4393
4654 376
123 2048
466 628
465 1039
3593 1480
2316 359
2574 2865
4935 2001
2396 1063
4966 3259
3922 1003
630 626
2050 4454
1687 4055
2925 1805
3634 2480
3006 4518
2398 2001
4316 2192
2613 4436
4125 856
443 2840
3366 3984
2292 643
1668 1124
4268 1889
2499 4530
1727 1006
3051 1163
294 1926
3607 3718
936 175
4088 277
2215 2278
4819 3148
2461 693
490 2287
4996 3146
4058 155
3135 3152
3638 364
1839 1686
3108 1511
3532 4363
429 2500
257 4437
2850 213
4987 2755
2151 4842
1774 225
2794 3556
3503 468
895 4533
3180 2355
4381 3798
3473 4691
4656 4251
2131 1332
3124 3829
1952 1081
125 2300
2248 701
2048 4447
2424 2766
4679 3233
317 2247
2964 2202
2053 4981
102 1019
2515 4657
2630 2167
1465 3636
3791 142
3604 73
3822 304
2939 3934
4560 1785
3348 480
4748 652
2265 5000
4518 2573
525 3609
1473 2114
2263 2127
4055 1043
1864 1430
1204 407
1907 938
316 1510
4152 3608
