1000 100
620 441
102 813
719 118
874 671
667 899
788 565
739 887
221 441
463 910
234 424
348 848
465 409
426 748
98 321
438 321
682 262
384 977
157 704
946 486
69 94
852 88
96 443
99 763
757 382
832 134
570 62
601 980
576 576
338 687
126 421
363 895
682 964
769 434
889 938
739 53
992 295
615 320
361 107
592 520
218 159
673 494
230 868
111 359
866 570
377 118
781 286
588 232
827 440
866 575
998 786
839 637
629 692
659 571
27 624
952 674
850 711
274 30
185 280
720 781
317 944
348 360
7 186
891 147
580 674
411 72
146 759
649 996
32 94
765 544
221 386
430 465
350 162
379 320
739 333
796 965
582 611
87 905
54 160
162 773
633 51
691 84
279 454
678 435
498 622
453 425
280 221
774 525
117 354
441 114
291 695
695 608
499 540
684 316
47 226
405 614
57 8
210 309
969 217
786 141
783 262
