10000 10000
4175 8605
2829 801
8574 4121
9962 4048
1568 5364
3280 9882
8649 3107
9823 1387
2536 2066
6594 162
481 73
1090 4745
4875 814
7642 6536
2406 1104
4997 3717
554 4658
9241 1159
3568 4924
1937 274
3345 8464
9420 8122
5266 2496
8906 7702
2170 544
9691 8850
7124 5362
6288 4869
2618 2219
4864 187
5399 2480
912 8497
2993 3827
5519 3804
508 9343
7938 6990
7015 9972
1677 4277
9154 6565
2050 9313
8933 557
6063 6592
8749 2158
71 1396
7764 5972
4031 46
7350 6693
6702 1647
8622 7056
9370 5460
7870 2506
4758 111
5073 4062
5036 8041
4221 1975
2677 5210
3696 1189
3182 7900
5174 6631
1589 209
850 8130
8032 8125
3219 2779
1201 8132
5729 1018
3699 6866
1412 9431
2939 738
2403 5465
9566 9792
1163 9680
3249 8449
7935 3169
3441 7531
661 3111
4887 3013
4816 5088
4507 7350
4696 9011
9977 2
4439 8084
7066 421
7274 8758
6816 2109
3695 5165
1077 85
7708 6776
5266 1249
9967 1169
7721 559
9132 5854
1472 7919
3915 2728
8819 9718
5688 1286
4391 5762
6284 3156
4191 607
9913 1203
9148 5801
8338 24
5642 5675
8923 1296
1564 5259
7404 4270
4445 6430
5993 4078
9868 1917
6527 769
8060 7747
45 829
4671 186
9632 4028
207 5104
5226 5108
1921 8841
4527 302
4074 9900
8945 2452
2920 1335
8842 396
3425 9644
6269 6450
2627 654
3909 8418
6091 8913
9088 6543
4567 345
7288 8752
8856 204
2484 6419
5271 2580
9963 5537
1484 6261
4629 7166
9836 3386
3338 3879
5613 6841
2166 3279
910 3111
9911 7675
4915 4320
339 8244
8311 876
7078 7986
698 8284
9915 9149
7913 698
9775 2756
673 1925
9822 1519
8862 4623
3644 1293
1506 3272
2380 6387
6203 1643
1577 5494
8801 4517
9070 5547
9190 771
5619 2671
6543 3949
3056 1955
1826 9733
6608 530
4838 7452
2604 2405
297 5138
3701 9841
7707 115
7800 7822
4467 5954
4564 4855
7869 930
8714 2255
3223 1310
7272 1041
4740 6397
1204 9377
5554 3996
9447 4462
6902 7962
6349 6688
2168 6676
2946 4067
5353 9441
6160 46
5953 3803
223 2259
6298 1208
8760 4935
270 2126
6128 7966
9102 7347
98 3541
6362 8470
6575 794
5418 850
6445 3875
681 6492
6485 3911
7111 138
6078 722
2118 8699
1438 7028
4358 132
8930 9630
1978 180
3545 9612
718 9706
1938 2702
962 3888
473 2346
5978 2217
382 9967
4298 5554
2590 3278
7538 6079
9314 7660
9789 6008
3790 1837
9413 3059
6430 683
812 8740
7052 705
2180 7594
5716 8078
4838 5271
4224 4479
9676 2246
719 5227
4684 9124
9912 4613
4675 5397
3689 8419
1484 2038
9134 267
9193 1979
8979 9753
6379 5700
5741 8674
3463 4644
4637 5410
6524 6655
2571 2751
9784 6079
2448 2021
8083 8111
858 5160
6675 6225
198 3846
6692 1681
6882 2287
5073 8877
6932 500
7335 172
4856 7355
2528 6908
6654 263
2148 3224
5789 1031
5997 8258
5983 446
1164 6136
3262 72
1112 7229
3775 1478
6934 8144
1539 5178
6935 885
5683 8628
7210 9373
1014 6119
2113 2937
4189 4952
1230 3428
4019 9679
5348 5040
7248 9293
4348 928
6151 4329
5987 3503
1591 5241
7661 9561
892 5232
7541 2018
9383 1310
8597 9431
8709 6519
7123 4921
6630 9515
3520 7040
5409 6363
2017 9073
3852 3192
5281 9950
8109 4323
9168 7537
6488 8962
114 6132
7680 806
3044 3980
7836 7767
1454 8882
4348 4004
98 1643
9236 3042
2687 419
9888 5897
7086 8010
3964 3556
3108 2354
9892 7849
3485 2184
3447 9266
6634 4737
4245 655
3049 9187
2186 5279
3934 2685
6469 7540
6162 9728
3062 4232
2709 7198
7757 3880
2613 3668
8765 5541
2306 766
2240 3905
2988 356
9425 1539
4119 3
1070 6936
3095 3735
2871 8459
4570 4807
2266 3481
4865 8105
1157 9907
9683 8607
2447 9964
149 7918
5430 5261
1378 5379
4403 5605
2079 6374
944 7251
5302 7151
9313 9984
1138 3306
9030 3624
2037 483
62 6445
4659 4029
3498 2536
3020 7087
2467 2102
8074 7363
7659 7650
3578 3339
1236 6786
8295 554
6528 6584
4895 7834
464 7258
57 3397
9151 5923
858 3901
6201 567
5490 5132
2777 8249
4985 2217
4714 1390
616 7749
4875 879
2168 8128
4428 304
7117 7754
6011 8296
2737 7013
7430 6886
2257 6083
9326 40
7041 2620
226 656
4016 6633
3128 8329
5847 6612
4299 6745
1163 4633
9400 7338
4379 5162
9749 7958
9605 3423
1712 8565
3565 9619
9351 7937
9410 8875
4552 9801
1268 4222
9810 8292
7001 564
9655 5161
5138 233
4622 9785
3401 2342
6832 7152
4860 3547
2090 2160
3645 9675
4215 6243
1662 2143
1653 2572
8980 9597
8744 1223
1710 5400
4724 9215
5562 3736
4121 267
67 1200
2990 7380
7159 2677
2253 3164
9693 8701
4984 8155
4919 2829
2648 5588
6516 7555
8258 8056
1053 8412
8212 8624
2316 2110
3360 7377
8616 8947
7915 948
5404 8957
4754 1105
6356 8556
811 6299
1263 3276
4185 9430
6064 6567
5013 7661
9421 9822
8790 4441
6413 402
5318 8443
7019 7272
4413 9296
6338 3159
8874 3956
61 7288
2526 3299
6472 1956
831 8897
973 9404
2306 6836
1371 6295
6567 2170
122 1622
6860 5287
5839 5221
7367 8300
6658 4552
5416 8180
8565 6531
5284 5371
5874 8087
5769 1637
2821 4175
7705 7061
4500 94
113 857
6332 8582
7314 5531
8537 6799
8700 2176
4771 942
5856 1169
6795 6269
5782 4184
5327 1746
2522 2870
4206 4957
4261 1126
8394 9646
7739 4852
81 2355
3305 3303
8672 6661
8756 6977
279 8398
3824 5215
7700 687
1041 7416
326 4017
6689 3179
747 4888
4388 2522
3477 8400
6738 996
2841 741
5453 795
8857 8761
3660 499
9974 4555
1134 3484
4410 9477
199 9567
7099 1085
9952 7793
9772 7943
9435 7979
2211 4469
5516 2505
9098 4403
1795 3437
5941 6378
9985 4429
8629 216
4896 5207
693 7603
3353 5799
6188 8064
4902 8347
233 9389
5274 8164
3650 9389
4116 309
5518 9577
8987 740
2300 7082
18 2763
4112 4429
2411 726
3822 1475
5797 8691
9839 2293
5442 8530
4594 288
7679 3133
5115 2517
670 3726
1579 9233
7210 7534
7720 4681
8726 7157
7542 5941
9989 5986
1863 5059
1093 8413
6970 4380
8564 2605
3301 61
8207 8553
2116 9935
5243 8520
6496 8427
4530 1738
9348 6886
2608 4010
3601 2758
7035 511
5908 8989
6173 4587
2716 7525
6882 7874
4793 8460
3438 1617
7266 3154
41 6291
6601 2979
9673 3501
1417 6088
1512 8678
1480 7680
8862 8203
2451 4832
2404 6251
5928 5569
9227 5119
6789 8991
9728 384
6888 2503
3860 2188
7540 2367
3606 7763
1951 7378
8235 9491
442 2483
2806 3736
7726 9392
928 589
7020 5184
4469 8883
7341 912
9048 4597
7636 7318
9518 5292
4252 1157
7294 6894
8134 5144
5143 3319
9722 8599
1269 8924
8861 652
7413 3443
7583 8425
1087 5780
9555 1062
5250 8096
9872 952
9140 9520
4957 6056
8355 9971
6400 2747
6636 9011
3443 8283
4319 9020
8385 7263
6735 3365
8604 375
2549 277
7848 6531
1299 2473
3897 9727
6540 1783
2956 1877
9874 457
5468 1446
8966 8960
1635 2535
9291 8848
8569 6341
1611 8369
2193 436
8003 116
6583 6358
9765 601
1941 772
7450 9604
2162 3596
7882 2405
9659 9091
2359 6351
9065 9941
3785 3669
4504 8379
7155 4978
9953 7441
758 3975
5181 725
6894 8042
5373 7541
8373 6780
8497 3692
3130 5544
5806 7309
218 7977
7246 3869
1664 2799
3573 1641
5291 5395
5575 700
5215 7209
537 5857
2081 1534
8599 7839
9888 3648
8464 4487
4591 4316
733 5099
6024 8342
8805 3429
1715 1251
5102 1047
5056 7920
843 1678
2497 3717
5288 807
3252 6564
8778 7274
1866 5314
6448 8747
9859 1224
614 9549
7175 7379
7314 8811
876 2329
3804 4958
4375 5852
6986 8395
4783 4316
6751 7751
9413 4808
406 3800
6935 7001
4886 355
1088 7078
3571 2208
5232 7861
3583 8170
8291 3413
1951 5818
9541 8163
5998 7423
2625 9854
2414 7196
3827 1712
8341 6448
9168 3415
619 2240
9256 1454
5431 9163
6035 4986
2682 3716
3714 2869
4917 1483
6159 6109
1131 9012
5685 4167
8808 4055
9554 7092
6375 393
7645 3397
4914 4779
6297 7716
4172 6370
2895 2005
5659 9377
5845 8926
4644 1349
7980 4387
9991 1883
6959 1043
7241 49
5517 216
2648 2713
1261 8416
1541 6628
9250 9041
1177 4697
1621 3735
4913 4481
7857 6335
960 9680
4181 9216
3333 7977
7369 4716
424 2105
9691 2055
8783 6637
4729 3955
3298 470
2484 6960
5700 485
9424 9587
6300 3067
1910 9140
3091 6810
6179 7413
7532 2018
9827 6186
6808 6781
7136 1278
25 2287
5136 6458
3941 4553
2850 526
2203 2098
2190 3608
4402 9641
8917 650
1186 3421
7172 6937
9073 3617
6898 8000
5867 265
1537 7772
7412 1183
5365 2454
4988 4524
6613 1971
4495 4814
441 2691
3462 4020
5742 1027
7503 4982
6480 5907
7116 5033
2296 6176
861 1803
9005 6288
4036 8022
2102 6220
3575 1090
9300 9578
5845 6249
5487 5833
9547 2588
2994 7963
7188 6155
4305 1519
4893 9960
737 432
3545 8972
5299 41
2932 5481
5625 1042
3413 4442
4728 4192
9001 6543
7883 2305
2959 8740
8781 3747
9383 14
4927 7682
3952 3825
1084 4141
5918 4522
6193 1372
6125 7901
4791 9507
3244 2439
5859 1521
1876 4272
9640 7504
8618 8472
7645 9661
5191 3501
1041 2196
133 4744
229 9555
5280 4677
3996 7223
8120 7135
6962 1553
8419 3184
849 8657
6128 8226
846 980
1637 8781
7872 3985
1406 5113
3378 9541
1382 5318
1509 1064
4099 3750
7097 7887
8764 6760
2799 1703
243 7961
8987 1272
8992 7473
1595 743
6642 8594
5245 6935
4935 2112
5418 7441
867 6661
8978 38
2340 7010
9474 3243
4005 1182
6100 4314
2937 3215
201 6624
545 865
3026 3199
889 3032
8229 7074
5493 5491
310 5349
2263 2756
4724 1566
1571 4740
2514 448
6615 6699
7871 601
1690 5162
1236 4196
5239 9648
9280 2322
313 1564
6584 6954
4094 3372
8509 2305
2110 2224
2239 4553
613 517
5235 3803
9620 2138
3018 2886
774 6103
6190 2292
452 1567
760 1238
1866 3404
4195 8753
5026 3426
3664 9436
1656 3153
3733 2856
5958 2975
8471 6207
1913 3518
2594 3986
9793 4165
5498 6746
4642 5461
2069 3549
4986 3043
8202 6550
4890 4882
9985 7254
7016 82
2839 4321
9563 8389
7046 7036
3168 4385
2849 894
9558 5843
4056 7165
7436 7759
3974 4534
9386 9014
5907 2906
7732 3802
5837 6632
1510 5483
2910 6286
6624 6078
5448 9220
1087 4383
7995 6392
2584 6058
4036 8371
993 6825
6824 4918
1725 4368
7746 6054
3591 4084
6625 9530
6077 2610
4728 7235
4437 6453
7116 5207
3823 5539
3415 9195
9512 6681
2086 9447
9035 5556
4094 2525
4746 3319
6362 8092
9706 2470
4880 1692
5551 7780
1341 2567
7499 6855
3220 8963
3680 5309
4448 3482
4696 6731
8988 5383
8196 7032
4037 9466
429 6766
1660 6444
8822 2411
4851 9266
7707 9671
3873 9969
8952 1265
6804 1576
5808 3680
8194 1365
1664 6450
8443 3224
7568 1449
479 4012
379 8145
3412 7766
2144 6219
966 7726
2721 67
1564 4488
8787 6941
7897 9075
313 9109
2293 6335
4508 9402
3408 1931
2160 2007
4678 6525
3219 9702
4880 7243
6503 3014
5298 4555
2362 9473
2695 6367
4859 5644
6644 3361
3134 9796
1784 7537
2273 9586
9645 4925
186 3527
6479 9383
4297 8285
1310 1800
2975 6777
6280 4787
9293 7540
1449 6718
7398 420
6746 9023
3674 3580
5385 3616
9832 1818
539 1719
6384 1761
2783 5733
9359 452
1862 6576
4046 9301
9858 4459
9587 556
1333 3190
3710 3795
4460 4455
3530 7803
6870 7898
3361 4484
8741 1645
4612 747
9230 8938
4347 1452
1018 1166
7114 8088
9839 3548
618 1211
4114 8920
1494 1700
6562 171
4636 9476
9672 1361
409 780
5105 2647
634 2467
8678 9205
6836 6833
1951 6623
8918 541
1186 9867
649 4038
4784 2366
1999 3287
4225 8224
5393 4954
9069 4279
2555 982
3433 5231
3236 1224
6971 1006
7833 9265
1576 7958
9695 1634
3366 8906
6262 963
1309 5308
7874 1621
1416 8119
1901 3331
2216 1602
9552 5070
266 2218
4972 7602
71 2648
8533 9104
1447 4741
1508 1954
2172 8743
7527 4901
5196 2240
7940 1231
9955 3492
7146 7806
8358 6038
8043 6236
4827 7024
3073 9916
1176 3914
9079 1306
615 8181
4943 1822
6209 2001
9464 4691
2775 4088
2487 1950
5708 4653
785 1248
3891 1351
5498 3569
5432 843
6734 9779
7100 3040
6366 1089
6661 8977
4150 5643
5524 2740
5295 2876
8141 5110
1230 34
2277 5953
4637 7972
1066 7644
9565 8894
9785 4521
8530 8614
5881 6979
6397 9905
4626 8302
9343 9796
3620 957
502 6050
1737 9681
5583 7090
7397 5700
6585 3412
5991 5965
8272 4854
2387 3019
7345 1416
7466 2557
6386 6623
2184 5925
6638 6013
425 4244
6272 131
7806 370
702 1360
4818 4497
1823 3646
84 6195
8344 6898
2950 4271
664 8388
7293 1682
85 57
6748 6704
8872 9823
967 4456
1644 7961
2222 8787
2306 127
7729 6679
2761 3149
8217 1824
1995 5754
2644 2294
3758 2341
9048 2427
2966 2868
9111 2540
4652 216
8783 4551
7718 5354
2549 8619
3156 5865
9929 9684
9757 4869
524 22
4472 1512
640 9081
4391 7412
9918 1898
3739 6112
1668 1892
4035 5686
487 5152
3183 5222
7259 2386
2699 8694
9701 2151
126 7155
4740 1928
5889 8018
9119 671
9811 7609
8589 3937
479 2092
8855 282
1193 389
4917 1677
4714 5398
3975 4937
1265 5455
2069 8365
1567 4304
4718 7693
9105 6718
7441 4716
2112 9022
597 2872
1393 8355
9101 9999
3659 370
6317 3638
5642 8155
9163 409
3725 7613
9148 9588
1891 2391
1595 3636
7285 4106
3925 6595
9770 9433
226 5226
5439 9053
5295 5644
8078 6097
9706 9375
5015 342
8925 4559
3057 9436
11 6867
9876 7044
9281 801
4884 5887
2511 8517
9958 8901
7032 243
6182 1093
795 6366
5433 6888
7532 3942
3827 7412
4479 6083
7276 709
1360 6539
5216 2358
7278 6790
1528 3649
6853 9178
1133 4897
9630 9042
960 2294
5861 3604
336 8390
4594 3186
7847 6529
2634 6518
4846 4414
4937 7534
8174 2955
5294 150
8709 4621
3018 3939
2308 4105
2853 3484
4940 8394
79 523
4488 1311
7445 2065
5044 1813
5424 5604
4041 6527
9837 1770
5368 8759
5539 5167
7513 4617
9584 472
6295 2853
8176 9226
6207 245
2657 4548
2696 6045
7409 1007
3919 3489
3632 2366
5537 9827
4770 5880
2971 3642
1353 5279
8812 2283
8608 6339
3709 756
4580 332
2291 9914
7129 6428
3012 9832
1486 7252
2588 1626
7953 4842
2572 9835
2275 2147
434 4949
1426 6673
7603 8874
2898 1954
5885 3945
9673 2886
6654 6267
9898 3440
7780 82
6492 3626
2068 5816
541 3530
1985 3779
9608 2571
8194 740
4950 8711
5871 125
3031 2478
739 6849
1561 9586
799 1741
9445 3922
3990 3468
6123 3698
8019 9900
7983 1389
9892 1013
34 953
356 3012
9532 5597
7050 1630
6174 2396
3019 5579
6170 4601
8065 1049
8424 6037
5799 9826
5065 41
7365 9493
2337 3718
8 4681
5639 3559
2240 3840
1358 6309
7680 7627
8757 1237
4668 5432
6175 4746
7227 4718
4016 7274
211 1938
4845 5780
3209 1711
1316 7396
8175 7011
6894 7013
5571 958
5646 2897
7716 6850
1097 2049
435 9429
2624 9074
1418 5262
7812 8970
901 6665
1216 981
2554 2164
4029 1135
1866 6403
7840 8964
7239 394
6331 7829
7006 3351
5494 4032
2220 2477
3251 7968
2017 8834
5829 9598
2545 1174
2262 6203
8468 4661
8399 6024
6785 3616
8159 1373
1362 4687
2495 9934
5105 3155
354 657
474 4012
7432 5516
4025 9336
8813 9251
2434 3987
1199 3395
2347 4255
7166 5646
9822 8229
6228 6226
3420 2078
7844 8772
4225 1693
8043 9073
3305 8142
6763 5612
9341 1173
5585 3446
8582 2285
676 1545
1612 4503
497 6355
5786 2682
7012 6438
4798 3015
7063 7293
3610 6043
1043 2368
7993 3000
4582 5177
5660 3615
4079 8012
5988 6427
5145 6323
7689 6730
4263 8667
7231 8378
4809 9645
6978 2618
2699 4566
9466 4719
6023 1972
356 5028
6665 2263
5160 96
6772 9480
2124 9298
6862 5358
6277 8747
5470 1800
2343 889
6910 2071
7329 6847
8065 2939
9786 3792
5236 357
7223 9574
3531 4218
4413 2269
1196 2147
9430 1807
4935 7162
6083 72
3049 2415
3210 4796
8085 7561
9013 103
4701 5651
8074 9294
7597 2244
6121 1905
8516 4773
851 7520
397 3336
3772 8679
2195 1534
4795 7419
9102 2360
3982 3164
7287 2557
920 9297
4420 5189
1050 6467
8000 6557
7296 193
6479 3230
6669 3600
2304 8524
6986 3285
72 1849
1104 2267
2483 444
803 8487
4788 8248
4398 2073
6353 4148
8899 3335
3353 3482
6929 7396
9442 6243
376 8348
2727 8852
9917 6644
8172 1406
3389 6246
143 5498
4149 9939
4687 7125
9821 2181
394 9213
6070 6870
4587 9311
852 1864
3077 2386
4286 6056
1534 9240
3526 6131
818 15
1269 1775
5437 4781
6415 1798
7786 5653
8694 984
8862 800
3552 8584
8349 9455
586 4684
4183 1117
1004 4618
1007 4456
3965 1047
5711 6647
6308 8339
5570 1243
3500 5410
3129 8560
1689 4497
8439 3560
7821 5084
7506 5239
5772 8286
819 3230
690 197
1690 6608
8460 5207
6250 4618
7330 1803
7980 7386
8994 4297
592 1495
9965 610
2536 7580
1683 6633
9934 8637
9155 3346
7926 1685
7143 1531
1749 5994
8454 6378
6952 8477
6921 1849
1396 9319
9360 7701
6315 7186
5837 9489
8542 3309
3264 2619
6781 1076
7807 683
5257 461
5454 8787
3398 6143
3107 4188
5842 8833
1098 9635
5698 6914
5361 7205
2457 8937
6056 4046
5976 3923
4055 9479
9721 8343
2673 4626
2609 6356
6557 2327
1545 7670
7897 5492
9168 710
1091 5411
8838 4386
6969 7009
8980 7945
9909 3409
71 3317
106 2485
8445 5587
3351 2582
7570 2929
7848 6296
7046 9708
9178 3637
4179 5189
1141 6079
1004 2697
5242 2061
8485 6073
4913 6988
1745 3909
73 8919
7654 3121
126 8769
9246 7732
2050 131
7483 3667
9103 2735
7927 7785
7687 7470
1900 1981
8213 4793
2298 5228
2102 7877
8257 6389
3251 18
9873 1008
142 7252
1359 2400
1200 788
2320 4566
2308 3170
4837 4756
8010 3549
850 5715
7921 7325
7695 1540
7000 1972
9497 9545
7779 1775
6164 5977
9993 7119
5733 6534
6597 7459
6664 4850
667 9950
9985 6188
8586 3843
3192 4712
4359 264
287 6008
2496 2646
4613 2268
6224 5973
3216 7519
3282 2987
2084 1446
9494 1245
4234 3996
218 7515
349 5929
4662 7836
3986 6904
821 1869
5482 8075
9614 1873
1354 5387
609 1576
719 1135
6504 2481
6866 147
504 8257
536 2205
6576 5713
9184 9369
3424 4287
7680 5510
9796 7467
9115 3331
3616 5221
4736 8317
8199 3392
5869 8061
1463 9833
3063 1767
4648 9347
6602 7734
9342 1496
4132 6299
3973 8280
6770 6347
4648 3934
2553 376
3403 1502
8108 2273
6680 6936
5978 2397
8495 2327
5086 6437
8827 5458
4324 9704
2728 8161
2106 4753
43 646
564 2315
341 8948
6409 814
1415 4984
6177 287
5237 1410
9654 395
9167 5537
4585 3416
2347 8119
1877 6565
3325 935
3247 3842
5248 6895
3557 6249
9803 3290
211 1465
954 932
618 9656
859 8624
9752 9645
3847 1081
9062 7265
8537 1868
59 5075
8712 735
2843 8630
3779 5504
4566 1057
5491 8909
9833 2945
829 3771
809 4301
3615 7267
6835 6959
1451 3973
6841 6454
2792 8746
406 8387
1350 2300
2247 7031
8519 1095
5715 9373
4966 7519
4202 7504
62 5694
3610 1207
1447 596
5716 8987
3475 4007
138 7089
8147 3323
9907 7338
8255 4755
2286 1551
9138 9577
2045 5054
2293 6918
9936 3814
7773 6688
5833 472
1702 6645
7960 6999
7847 1611
8341 8115
7844 6523
2053 8697
8892 3552
6704 3870
7086 8926
8618 5858
403 1439
6497 2646
7535 6579
2817 9702
2604 3016
6966 7083
7127 7273
8434 8436
184 9337
3191 7333
6506 1403
6475 5323
2770 3069
9017 9867
8811 9982
12 7599
4775 9516
9564 3963
5210 9267
8773 1740
2222 5300
5594 7809
7869 7617
2496 7108
5288 9884
8127 6229
4856 409
8996 3080
9127 6052
8720 404
5196 481
1187 4767
2045 7223
1792 6350
5402 7911
9035 9548
3088 9367
1147 2279
9671 5776
6496 5750
1521 8756
8731 7232
1316 1871
5053 8612
7022 646
919 5916
715 72
9888 3009
4291 4420
9739 2965
8567 7328
9195 8050
5728 7587
816 3817
273 2315
9661 3215
296 2024
1666 2457
5569 217
1046 8310
6414 592
8084 4510
2801 9366
377 6579
9843 5647
2446 2969
2656 3721
3098 6686
9908 3455
1951 9189
257 6299
2755 686
224 8168
3205 325
2230 4288
2831 6307
6939 2276
4253 9408
7393 5956
3920 7694
4724 408
5352 8108
1508 4540
4999 6407
9791 6021
6685 8128
4190 815
6233 8893
8077 3413
5930 4980
4148 6106
3586 4168
5412 1075
4599 6240
7031 8995
8790 6863
5799 8424
3255 4386
8302 3249
4861 9201
3747 5787
8963 7029
2622 6824
8103 3537
7114 6417
4911 8481
5132 3938
2528 481
7549 7746
5979 8594
7717 75
8322 9978
4764 3993
2607 6694
9996 9190
3579 4126
4928 3996
7056 9783
5525 8775
519 5834
390 5007
5229 977
5918 523
9763 2866
8717 4410
6569 7594
2707 135
838 7502
3229 4594
2822 9888
3214 9293
749 7659
7321 3724
8029 2325
9672 5157
4418 5659
79 3960
9212 469
1040 6910
2257 5490
9161 5754
1802 5806
630 2174
80 4914
5628 380
3031 9214
1544 5107
3437 5627
3719 1061
2282 7603
9776 4339
3810 3667
8053 5417
3082 1289
1648 1830
2331 3916
5777 9439
479 4502
2734 6572
5865 3026
7549 4329
2442 9034
7113 6231
3002 5636
1819 838
8579 5956
8125 3661
8660 3153
9077 5736
5711 4794
5607 1315
4253 7068
672 9890
1325 9579
3804 5312
1537 1285
7810 4988
5637 5857
5123 3604
7435 513
6847 2224
7765 3056
8910 1764
6812 7466
3274 4055
7247 4099
6313 1565
2301 1424
5202 7793
6137 6934
2733 6970
4217 1664
2848 6952
471 8417
4220 8614
1942 8375
7243 6427
2618 232
9653 971
6946 9356
3835 1374
9888 7070
3941 331
3849 9793
5506 1209
7141 8095
972 5092
5499 533
5406 9670
8845 2341
2049 6862
7221 3729
1638 2839
3528 4595
3755 8701
9111 8694
631 5056
8227 5639
1482 4781
2495 937
2380 6051
9959 3970
6566 4879
6001 757
2372 9060
2879 3892
1755 4036
4184 2172
7724 5928
6080 7235
6203 7645
3028 9935
9989 1048
1806 5427
4798 9675
398 4674
4240 3180
1394 8542
3328 4902
4076 7142
6104 3687
1386 625
2569 9589
7927 7925
1945 1757
5255 259
6685 2410
9578 1880
7663 9912
2073 6387
5567 1053
7405 3501
2650 8344
1828 7002
2315 1367
878 8249
8015 3746
2550 2568
1605 9728
9011 4034
6506 9294
1238 5280
7253 3569
7545 7130
7931 1867
441 5882
2244 9255
8419 7393
7985 17
7243 4785
5674 9747
1327 6114
3220 926
4167 4492
5207 838
170 2910
97 2146
6182 8532
3999 9183
8100 9093
561 3491
5074 5673
906 2787
9740 5181
8242 6550
7416 6498
774 3896
779 4460
140 9906
3371 4476
6687 7525
5702 4876
1128 8790
2396 3934
6947 8876
8274 1578
732 1238
3991 9003
2166 7314
2827 1175
795 5138
1641 3993
4007 4601
6149 985
1648 8938
5088 2617
2440 48
1615 3851
8773 8961
2770 5926
3868 2848
517 9015
3228 1259
6337 8569
1992 6736
3642 6805
149 3893
8806 9263
1409 7847
4023 6233
9835 207
7633 8361
9708 5018
7965 7020
7900 3018
757 701
380 5794
2121 1324
4211 1634
826 7765
145 7484
1871 7106
3956 4408
9186 5984
452 8735
9940 5254
1708 2955
3551 7517
106 8669
6084 1326
1805 9571
1319 4339
4980 5928
4253 5954
6887 9921
7744 2323
6479 5639
5545 6382
1883 9832
3049 7431
7009 8168
1283 3872
7196 7310
1906 8209
8200 6804
2317 6974
3941 9579
5807 6567
1746 2204
6582 6254
7220 8912
3585 414
6100 5955
8101 3400
7517 1613
3205 8921
8598 7829
4694 763
2718 2291
3563 4730
6239 1128
4947 4869
6406 6247
2883 8098
6952 3356
3579 14
4864 1810
1174 7489
6818 1586
4886 2853
1676 6138
3041 4842
8379 3716
1847 9847
6501 8715
6906 3395
6811 4292
7852 446
4101 6362
5132 6179
8826 9264
6349 9719
8365 7915
358 3547
6184 9031
9155 3791
49 464
4560 8869
3603 7970
9886 3733
6580 3720
1291 5645
9448 2968
2376 9730
1862 2748
7907 945
6281 5404
9803 3655
4591 1056
716 4330
818 6179
2379 9487
1544 1343
8901 7401
2791 2102
8415 2571
4601 7862
2033 8497
3156 335
1434 8790
1872 7313
9559 6562
876 7872
5484 7344
8616 8531
4130 9447
7817 4668
9530 7354
9835 932
5173 2642
2209 1745
8034 2036
1809 4574
8951 6705
5501 6841
5832 8467
1556 9059
8758 1672
155 7089
1262 8070
3462 5135
6659 3986
1552 6684
3279 1543
2756 9772
7553 6006
5774 7351
2917 6790
1694 6858
9777 4999
9975 6726
3571 7996
9185 8309
1164 1453
9404 3462
8611 9667
9516 9589
878 6422
8691 2732
776 1865
3395 213
8186 1260
6980 8090
5703 3089
2814 1883
6374 3635
3187 6908
1975 3967
1260 7704
8633 5398
4387 9477
601 744
5087 9865
923 3976
7803 2677
9853 5854
4848 6088
8453 5455
8250 3685
5600 6900
3841 9793
9601 8982
2027 2510
7895 4563
3569 9892
2526 2384
5279 5604
1735 7176
4462 1143
9834 3019
5287 9137
1094 4163
8087 6898
2941 1742
2986 3079
6649 612
1991 8881
6475 3822
9363 9802
4279 5866
4231 1601
3407 9091
4124 5216
3830 1538
5144 6384
3566 864
9882 3971
143 7706
9795 6553
8542 5533
756 9620
7023 5012
5937 9492
8821 7616
2222 4548
527 9215
9919 2881
1764 7552
7921 3084
5385 1523
6858 6562
8327 1055
1091 3379
3536 7709
3148 7026
7420 472
7836 2230
1983 7846
3709 4813
184 2954
5008 2173
2813 2798
4430 1542
8606 3761
1005 6747
4025 3029
3846 7109
5123 5056
237 1543
8918 1637
5080 4755
4399 2756
4859 9057
4436 2545
505 2578
4580 4009
6027 120
9846 5041
7197 6740
5752 1489
1934 8434
6977 1068
5511 6825
4489 133
9437 4670
1689 5062
8110 5760
3153 8834
1065 3155
7659 638
5242 5097
2200 4917
5322 1530
915 8333
2935 6317
1247 1157
446 3271
5216 6281
5236 4378
2970 9469
9727 2875
578 2860
3963 7869
6263 6253
7091 9554
6938 9830
2839 2751
9337 5685
3830 3797
8803 6287
1529 9318
4097 1522
1072 8877
3144 9976
267 3777
5007 2078
4595 2438
4818 37
6203 6958
2912 8395
3078 4427
6720 3135
3303 4914
8477 8828
9905 3770
3902 4217
3420 7744
6078 1680
8632 6247
7147 4169
611 8319
7122 5931
4719 2880
4658 4082
9209 2894
6287 2189
9085 5403
5629 342
7369 4408
3346 5571
356 9464
5692 2673
9166 8570
6115 9975
4457 7858
136 4076
9328 6995
9914 6914
4643 5354
3433 5288
9846 1575
7706 6634
5377 735
4238 7503
2042 9003
8570 3300
75 617
9698 9646
5575 4489
2235 9020
8334 7461
3478 4502
4667 6586
6182 8460
7105 7041
7373 9651
8830 9493
4231 7488
269 6695
1745 7497
365 7099
9573 844
1393 4274
7215 1345
1324 432
3521 8579
4272 7341
1682 5517
6426 7872
5874 6863
7081 5338
1 5550
1255 8894
8277 6921
328 1572
6298 8052
4793 4273
9224 2961
3350 4655
3400 6029
7127 9429
8473 5369
306 4559
5312 273
5491 6701
6694 9448
3758 7938
5623 5094
747 2224
4331 2916
9192 7122
1182 7728
8800 9631
2750 5426
7303 2038
4927 546
2131 5414
913 3944
8830 5304
8037 7010
2826 6167
4930 8425
1169 6739
4086 8476
4711 9388
4006 6672
9164 849
6314 3210
5294 8392
5748 3617
311 1386
357 1302
2316 7198
9000 9472
6183 9849
5464 1378
3415 26
4817 8253
6044 2416
8024 7532
5739 8589
6162 7780
800 3543
6346 5367
6799 2404
846 3184
6922 3533
4158 4982
4609 3462
9751 4230
6603 8335
9794 6186
4008 3812
1720 8802
1179 2467
3215 3643
6075 7205
6909 1455
7812 784
7349 3602
2033 7316
4940 4587
5855 7553
7563 7013
2836 6775
2227 6360
4015 6430
7283 8818
5131 675
8347 9082
9920 8002
8125 4342
8124 6134
4467 4700
3923 4674
8232 5477
2267 9625
5803 3118
7310 7532
4158 451
3933 7803
6379 7631
6880 9136
7788 4611
410 4345
2463 370
7865 6902
7656 5812
1320 5049
9778 7294
5747 3273
4884 1447
1246 5196
7720 3403
3408 974
9640 954
530 763
9355 4551
549 6702
6105 6528
5851 8295
2458 3968
4760 4316
5627 4001
8608 5465
6925 5988
4031 5603
2954 3282
2133 6744
7043 523
221 604
4264 7642
474 9350
1290 1150
982 4023
5041 9584
5926 6905
1275 1289
9831 9796
8223 9302
9693 6539
5151 1317
1422 8973
1668 5215
8232 3524
7338 4534
6583 6986
1254 5112
5021 7707
7352 6965
1524 8368
6691 8375
7977 1
4599 7563
9561 6744
6552 6282
8972 2413
260 6110
2182 6044
6622 5622
9837 9604
6143 275
8631 1111
4526 2689
3813 3794
60 2957
9409 3047
8133 6928
4683 285
5170 4559
7884 3965
8766 6920
2863 2549
1100 4152
898 5810
1102 3544
1446 8716
6366 6162
529 5052
7939 5039
7391 3992
3494 9041
9680 1480
4151 7435
8198 5564
2747 4279
7459 4903
4956 2101
44 3080
5363 9924
4301 4621
1690 274
2728 3702
8267 7879
3698 5855
1345 8803
6657 6777
5081 8142
7850 4956
1565 3339
1478 3336
6005 1251
8282 3079
142 2316
5822 8424
6126 3205
4384 6856
5215 8758
1287 5723
3442 8639
8815 5975
2750 1949
8012 9018
9869 5372
5632 949
9460 8561
4974 1245
2799 9077
6146 5412
5915 8501
1813 6174
7549 5656
2914 3525
8816 3368
1591 9628
3611 5097
8725 9371
1503 8975
673 910
3213 8731
1066 4231
6311 3098
4246 2083
9941 2836
5108 2573
1685 9966
6062 9409
7591 3968
853 9628
1665 2841
1038 8438
5152 2536
7737 3166
4837 1486
1428 4846
6580 1444
3222 4088
1374 5446
5839 5939
3208 885
1029 5255
3662 639
3110 965
5035 4864
169 7370
7225 8730
1441 1636
778 6673
5908 8996
4966 5126
5240 7482
6665 7081
3890 5005
5334 4974
1961 9149
3011 9792
9684 1611
2317 6662
9797 4373
5591 2502
903 6832
5027 1345
1688 376
6871 1715
6266 6235
1529 283
965 8626
2170 2623
4097 2196
2024 6628
8775 2317
6839 8249
2064 2490
1372 8180
5831 6589
2794 6243
9314 6250
2393 500
8669 3172
4440 8136
9387 1415
64 183
5657 9318
3775 2280
5763 8066
2122 2174
9032 7469
806 3298
2588 2389
500 764
7591 4380
9157 5565
8083 2111
4163 3136
9118 7588
2001 2372
9996 5729
1448 4838
5484 3052
733 5427
8385 378
2416 8455
6545 262
6228 720
4720 9051
470 2843
2981 4296
210 6857
5876 4923
7817 4318
7392 6540
9945 5589
683 9496
382 4214
1367 8236
9576 8275
5415 7138
6425 4254
3347 578
1537 6373
5395 5807
7069 2205
3614 8435
9157 8064
8698 8334
8364 7255
6241 5695
6973 3894
1214 3376
6380 860
6828 2097
2262 9693
378 1445
1601 3171
9110 6262
150 4579
7897 9653
4540 7328
1305 9461
253 3512
8339 274
3397 5395
1987 4201
8537 9616
5287 4029
9177 2761
9332 4749
5047 1203
9653 2000
4254 7531
9231 783
5926 3824
5041 7218
2100 9189
3922 9643
5873 1524
6699 7770
3524 923
9248 5430
3622 2066
6453 8085
129 9120
4192 8365
8472 6620
8663 6781
5436 6226
2446 9716
2733 6023
8763 3041
2603 8611
2700 8791
27 1816
8634 3578
2528 4022
6120 3436
684 7157
8356 8426
5618 6998
8769 4883
6921 7946
6710 8114
8232 303
6541 4564
5308 9039
3585 7859
4405 4600
9414 5333
9419 7782
5485 2402
1301 3786
5856 3288
1330 7825
5282 5647
5403 9826
2600 8241
8005 4499
8806 7494
4530 1426
1055 4770
8628 6321
2564 7022
7271 5296
1972 1931
8078 6954
4214 5483
3671 4395
6657 5827
5215 1179
5869 7141
5091 1829
6608 7219
8674 9812
6993 3893
131 817
9269 3385
5751 8263
3010 1000
1807 6489
3141 617
1407 5363
9431 7789
2544 2828
4601 2369
2069 8591
4601 8872
3523 5003
9834 2743
7858 6252
6721 9066
800 9302
8519 4163
7142 808
1357 8293
551 4499
133 3343
3221 4916
9070 83
1180 5467
3591 7187
3966 6140
8635 6540
6558 7963
1710 5668
5347 4280
4466 6830
259 5654
4015 9598
2528 6439
671 7167
7939 4380
6602 2258
8123 2229
788 5452
3379 6474
4898 9395
1032 1755
9819 2510
8696 5719
6698 7282
2516 8214
5971 698
2797 1401
5856 5259
3564 9128
4029 322
8145 7439
5574 5244
8996 2274
1464 2601
6329 2989
6829 4257
3565 9951
6075 6516
7827 8389
4375 4728
6479 42
7305 9195
9987 367
7873 5627
1347 9218
9331 1640
9948 8272
1060 7473
7918 6139
6068 1123
2510 9382
4544 4898
1573 5027
9897 2707
5556 3376
1644 7037
4516 8872
2914 8520
4007 8477
5511 9345
7797 4459
7209 7290
7117 5743
6214 5231
9542 602
7888 308
5926 5344
4965 4315
3445 5013
3648 7077
8799 7713
8072 1669
5510 6727
9236 2863
2308 44
9540 4353
881 7977
6635 3949
4890 1845
5666 3449
5898 9728
7600 7646
2048 835
783 1799
2017 5457
4134 7576
7453 3748
4715 4307
3939 1176
4300 8791
7926 2188
2834 5774
5985 7673
8200 5518
6575 4171
1702 3658
5614 4430
7993 5063
1561 6448
8749 5388
6130 7662
3507 5146
2485 3896
2369 8789
6009 6110
5727 9056
290 9537
5637 7963
9795 4939
7993 5934
8218 1602
6698 6594
726 2546
8699 4301
1927 3169
6727 2747
3905 3497
4948 7276
31 4925
299 7619
1668 4123
6561 9715
7285 1574
4170 8073
9665 8015
4024 4766
2040 9110
5723 5233
9371 5572
684 8491
3552 8181
4644 6109
6594 608
2010 7561
417 3129
9970 6362
1652 317
1276 7539
5701 512
645 1719
7182 578
6279 7537
9385 4419
9415 548
8010 8897
7086 9788
2918 8668
5122 5142
1604 6519
2558 1800
5983 9475
3873 9006
9591 6951
7294 6584
4096 5783
3244 7020
7976 3935
6030 5834
8638 9738
6677 746
8013 947
7446 2099
2177 8749
8821 3513
4426 1399
3501 3777
5660 1745
3177 120
1220 4459
3106 773
9890 7670
5078 2703
8070 5076
3715 7082
6639 3687
5139 7861
9303 6784
7236 1025
4392 8523
367 3212
181 845
7476 3741
5968 7160
5977 9187
2513 6388
413 8416
2853 5615
2974 6801
3888 7715
9688 4333
1120 2319
8300 8571
6396 7032
9557 1699
1450 2069
2105 3214
2724 1238
4323 2727
5281 2607
6187 1354
1773 9595
8016 8955
9300 2405
5459 5016
6461 5218
7398 4328
4471 6186
6100 3519
2964 6141
5195 4591
4693 1252
1793 8533
1599 8722
5614 1399
3504 6260
7376 3074
8376 300
5540 2366
950 3377
9055 8846
1643 9718
3546 7284
7027 8405
4931 1634
8800 4579
8138 1316
4263 6259
2205 2717
458 1221
4277 8557
3995 3250
3981 5303
4374 978
1597 1824
3025 7257
2769 8876
3393 6377
188 3205
27 8326
7892 6470
4770 7680
7912 758
9389 174
6911 7917
7136 1777
8905 3887
7620 6181
2366 9892
6115 43
7917 6899
7910 1077
6817 3040
1537 8176
2414 685
4620 8940
8578 8457
6468 9191
809 4912
1688 8209
6389 9410
3644 733
3706 2652
6343 4873
5383 6564
4206 7036
7656 4891
1789 9648
1366 6575
607 5291
3780 9982
335 6340
4099 9325
544 9250
7972 254
3760 4889
2142 5510
1876 9768
7384 870
2022 9050
1133 6124
9153 9403
1636 3078
6507 8927
2330 9496
6411 7612
177 7576
4543 2870
1932 5442
4041 1098
9804 4080
6521 2270
5586 2816
6579 57
2304 2855
1853 6938
9362 411
9018 8357
7463 6011
4528 8428
172 2320
9888 3800
3261 6031
8934 3782
8250 4884
3148 1355
70 6689
5933 7351
3921 5346
1384 7865
5104 5539
4157 6184
9403 3567
5656 2001
426 2670
1336 4985
772 1449
2467 8898
4007 3104
1422 9362
5414 6024
8409 9551
7901 9278
9474 196
3614 5553
9878 7435
1638 8074
8077 1335
7962 440
3150 536
5660 6731
8198 7404
934 9391
4972 1208
2123 4156
6259 79
5407 1528
6426 4152
8862 3799
9098 9677
5256 3422
3917 7344
6311 9153
4242 1890
9132 7431
6615 7496
7616 7137
994 154
6354 4585
3678 5082
5319 9620
7456 3821
1312 7741
3873 731
3730 3700
2901 4329
9506 6885
7393 5462
8190 4326
5576 1906
6 4952
8894 4603
8739 708
9612 4973
7190 3559
1919 8871
1520 5644
6341 321
5586 4744
2658 7925
844 7455
9738 9563
5897 9499
4898 7821
6776 1923
1724 1762
840 7932
9440 7745
6426 5025
7366 5932
4751 5753
6854 5594
7559 2456
8385 9262
7470 2486
2727 6348
9448 3443
4851 8306
5536 4397
406 3330
9503 171
9976 8315
4225 6230
8658 5716
6830 187
7109 6209
9669 9789
2982 6681
1109 3580
8510 2167
6714 8977
7805 554
7256 7221
7475 7194
9768 6138
7675 670
3361 9331
9257 6657
2365 6165
3651 8143
7675 9655
3011 7276
1143 1400
904 7173
3906 5859
2019 2131
9076 9783
6873 2825
3071 533
6667 8842
2752 4710
3305 2687
3799 3156
3963 851
2345 3534
9657 3765
4133 4587
6211 370
6573 452
6191 9274
4237 3713
38 6535
5633 2139
3125 5588
7171 8810
6420 5294
2304 9811
5006 1481
2238 8288
5631 3973
7904 796
541 6268
4341 4159
8701 9105
5511 4707
8712 7846
5582 4021
1748 1908
9481 8525
161 4194
2732 5933
5736 5096
2346 8674
106 5309
4057 7276
6721 4960
2163 5983
5457 490
7859 9129
6952 9022
8685 7318
8919 6503
450 2957
689 3747
9669 2131
2766 2005
4082 1232
7874 561
1525 5342
9179 6575
6795 3422
9698 9449
2159 8847
7733 9272
8594 7931
2613 8510
8144 3326
1250 4123
2581 5075
9297 5936
6697 2846
9442 1854
7765 9461
6428 5075
4923 1882
6998 137
3842 3190
2995 8879
9122 8300
109 7717
74 318
5312 1288
678 2930
8636 7990
5116 5546
1300 2459
348 2411
2609 60
1348 8014
5913 4876
6006 4450
1095 6527
4513 8681
8164 2253
1117 911
4409 6649
6801 2157
7643 5236
294 1601
5825 2804
6648 9358
7329 4143
4519 2799
833 3766
6525 908
7886 8759
5598 4790
8895 3091
3305 220
9386 6103
8318 8085
2323 3898
9100 3542
6520 8764
172 6984
803 1441
4254 5499
7298 9739
2516 3754
2205 6576
7954 1237
4390 8709
5608 8195
1634 7542
115 1568
5980 726
1751 9266
7083 8133
9983 7920
2167 454
2116 5741
1207 9363
2142 758
1953 9214
2536 9007
5781 2070
3904 3717
2448 9259
7373 62
4402 9427
3240 7809
9593 5579
8283 2647
9723 1690
5631 8775
6095 5288
2047 1267
7035 3458
9902 7269
1365 4628
9856 2702
318 7646
5477 7529
4960 1814
5076 3007
4900 9197
7664 3904
9549 6751
2597 6316
2135 5667
9852 1307
8473 8937
3896 1149
2914 4922
9423 7698
7366 3861
7115 7555
7865 2816
4226 4868
3134 5009
3237 5614
4986 7577
8502 8117
2700 9890
6167 5930
7808 1808
5531 6654
5037 3651
8496 705
2568 9362
769 3710
4428 8749
308 4864
2054 4801
7716 9523
6861 829
501 817
9300 4704
156 9854
1079 6865
5806 7913
3737 7830
6803 2089
4719 2750
6644 6258
2268 2063
5997 4288
9731 2520
542 3618
6760 9824
3784 870
9756 1385
4398 961
1643 5441
2430 7648
3961 1782
1863 7539
3021 2987
6489 5092
1079 4238
8051 5379
6900 9365
209 189
1078 8548
4357 2063
3650 3563
5407 8643
4472 7347
5017 2681
2588 9425
8827 3971
5293 6837
6807 7886
7810 1351
5783 4083
9751 326
2766 2723
7067 2680
4935 7619
3872 6598
5316 174
700 3323
2348 9915
9221 261
9416 622
911 7084
4926 7427
6662 1107
5108 4934
2387 7400
8246 8010
4087 5323
5212 4257
861 4656
2885 4073
2048 6563
8073 9809
2353 1003
7093 7257
5959 4386
9354 3681
3219 5010
3788 9414
6558 9626
315 4542
5235 3474
9666 3002
5682 2860
8412 7681
9142 3645
5479 7483
3247 4066
8372 1616
3627 4035
323 7888
3809 4543
5577 4073
3412 827
2963 3769
6933 5083
1663 2929
2500 4803
7794 4154
355 9340
8827 6133
3128 7515
2577 901
3961 3771
5683 735
5312 1190
6550 790
2057 4073
2164 5352
1571 465
7987 1471
5991 5841
5313 8755
8170 888
9630 4371
858 4480
2489 2496
4902 5586
6444 5007
1167 1290
9728 2561
6084 6100
1436 2157
5256 3811
8368 584
7968 8469
1235 9608
1494 4088
5657 350
5723 3658
5081 4161
1121 7708
1804 5459
8147 5146
5865 8130
1987 6428
7082 3779
2846 8437
2154 4550
6711 4031
286 7055
1972 6726
2198 1220
8790 5975
7088 3891
5177 2154
152 13
7508 7141
1199 5123
681 4738
2521 897
5152 9947
9214 6315
8208 5874
6882 9760
7298 7547
1268 5015
3111 3536
6922 393
8277 689
9714 622
1791 724
1289 4662
6842 1574
821 3548
9829 2438
7956 8413
8593 8206
9131 1609
8814 9731
3394 627
4605 6402
1878 6323
3983 9091
8569 1866
6679 8328
7752 8777
5773 1452
8642 5788
6889 9763
750 5743
577 9687
6256 5474
6558 9123
8787 2627
6230 7842
2886 8586
562 198
7851 2558
8000 2566
30 9077
1840 4758
7331 2529
3165 7506
3454 5763
6881 4633
291 7637
8451 3659
472 8741
3637 815
6560 9891
7266 8527
9805 9569
9334 6083
1692 4183
5680 4654
9955 8989
3350 6745
7561 1302
4264 6350
7878 4317
9246 579
7124 6209
8632 8440
6847 7364
6105 1121
9195 5532
8052 1655
1377 6963
4987 5806
7064 745
5753 9956
5988 6590
3396 4976
4079 1465
8254 800
7191 3433
9644 2402
267 531
2207 5727
8672 5671
7021 5428
3505 3936
7696 7813
7899 3965
302 3278
1629 6202
8113 9130
7882 1774
9698 2636
6811 1766
6082 4640
8971 7873
2519 207
1696 2353
4303 944
2270 6144
4753 5522
5264 390
948 5605
4847 9665
514 8312
598 9234
9604 9021
3421 9307
8127 6578
7508 3882
8527 8356
7837 2214
5077 6186
1596 6419
3516 217
3313 4622
4076 8621
3601 974
451 491
9508 1303
4769 3661
5127 2579
5034 3704
291 8057
4555 1743
7171 9309
9280 6763
5147 4448
6772 6349
2501 8389
8136 3190
5886 1635
8551 9923
6187 2569
2381 5519
2543 7412
5363 6623
913 69
2719 2088
4093 613
2125 3678
4702 639
6100 6263
7670 7400
1673 3023
5889 1292
6046 8498
9239 713
4300 1676
8464 2720
8305 197
5519 1138
6764 6596
7068 712
8885 1881
2945 3564
9489 2083
7993 8638
9066 4816
4513 7962
552 9564
9124 6253
3174 6821
1359 5348
2303 7761
6405 5292
9039 4618
4961 4964
2545 243
2372 2623
4253 9099
2445 4114
8794 8917
6438 3136
1156 4003
7562 3846
7570 1259
4919 6013
681 3709
1208 1801
8733 518
2499 6231
6237 9621
1996 4319
1992 9901
4073 9401
6698 105
6279 1398
402 4321
7442 1516
8215 9304
2034 1671
9506 2052
5167 6200
9819 2344
4978 7966
6705 9179
9048 3464
4743 1039
742 3612
4290 1287
4603 1528
3245 1143
8449 1699
1817 9214
1697 5113
160 5601
1408 3793
2566 5159
1898 7290
9622 37
5075 5109
7380 632
8231 5918
6785 23
9381 4504
783 6331
7426 1640
4849 8247
7517 8628
3485 1134
357 3243
1714 4304
5795 6386
4453 5157
7763 2051
2499 7500
5376 7740
9825 4404
896 7455
4387 448
3646 3520
7369 4351
4232 9513
8606 7370
61 9901
3763 4046
9969 1746
3748 6442
4734 1458
3045 6628
4923 1161
71 6313
278 3673
2750 6990
7388 5745
3830 1071
9119 746
5697 8011
6498 3956
1436 594
1331 439
8747 9873
6653 5445
4839 6669
1551 2716
5278 3701
6491 614
6366 4729
350 1007
4603 7223
4762 8537
6554 7601
9822 4921
9199 6203
9567 8501
9682 4451
8336 4135
8467 1137
7657 199
4038 6641
1746 416
878 7472
7677 65
1177 7283
7968 3636
7873 5132
9407 5079
9757 3233
3310 606
7277 8648
1692 1813
1211 7248
1747 9401
6933 854
599 4556
388 2789
1521 4392
4696 4813
1412 5844
5476 9698
6929 7336
4577 3727
3808 3823
8504 4965
9252 6671
5611 6129
2651 3749
9299 1785
7866 435
3459 3837
5902 3995
21 908
5098 9596
9562 2951
6304 6623
5702 3514
6323 1830
7826 7478
3857 1701
7446 3547
9305 4972
7006 2536
4474 8300
8116 2495
3213 9178
5718 8619
6163 5400
3992 2514
7851 6358
9068 7426
1516 4273
1282 3956
4481 9446
3290 2038
7891 9978
6399 7215
547 7053
97 5985
5962 9163
1660 7827
3752 5234
7578 9954
2053 1941
1990 6367
2233 5555
402 6443
9625 9131
3080 6079
4309 6442
4953 6565
3419 9709
8768 9765
7338 256
1666 4850
5369 5909
7963 81
3782 9819
3889 4105
2168 7790
1623 8864
6474 6514
9556 2473
5933 5279
2067 9902
898 5395
391 2845
6381 879
117 785
1315 1821
908 1363
5353 6949
1210 6804
1154 9592
7532 3155
9206 4226
4135 8426
1342 2283
1438 3785
20 769
9111 8389
2293 3166
8698 4964
6152 9388
840 9187
6634 7833
2095 3222
3573 1206
1006 4321
4300 8671
2046 8091
7639 4015
6762 5945
5194 6865
1151 9928
2270 2072
1177 8689
8962 2232
2289 344
6729 3496
1338 8623
6515 4710
1992 7876
6299 1035
3660 477
2549 3107
6775 4290
1907 7150
9955 3912
6940 8303
3102 5192
9986 9684
1084 6781
7577 7120
4488 245
3995 2415
3692 9461
1110 9365
3738 2944
5625 2293
8744 2445
6592 7442
1667 2865
6235 9872
3939 7555
9555 4261
9913 9301
5258 2711
3056 5129
3032 6791
4215 4230
4937 8524
4562 4069
7033 8883
7128 8312
1851 1903
1219 5065
3647 3618
760 6981
4219 399
9913 8516
402 5251
9207 8187
7847 1396
5472 5199
5698 9730
915 6368
2735 7889
8695 7847
9991 855
2814 5839
9456 1606
2490 260
4366 6393
3857 7668
2758 1905
6758 2926
6502 6477
369 3545
2389 3118
5309 8335
4866 1188
8769 110
2871 5235
5648 9658
9303 8024
7675 3726
7461 9360
3205 9858
5882 8010
9485 5175
5674 1106
9246 2393
4176 7397
4415 1399
1205 1055
7856 3549
6415 7472
195 3579
8646 6975
2432 5819
6439 7587
7063 1706
1695 2627
5977 9104
4779 2628
3364 3408
502 237
8898 704
5923 6520
4084 526
8326 2395
9471 2722
4141 9153
2283 8377
7641 3657
2807 1813
645 7729
8548 8598
3322 1364
2815 7232
3761 6993
5786 4762
8926 5717
2447 3013
44 7733
2192 108
1050 7360
369 9018
4833 2257
8926 7700
4152 1137
7158 2625
8030 7044
3430 6481
5346 1085
2573 5362
5792 5440
1498 320
301 5955
1324 531
8410 1882
4974 8811
4194 2112
2111 7034
2834 3408
781 211
3438 6855
176 7403
2206 2114
3943 5280
628 2516
8667 3784
47 3120
4452 2333
4500 3236
7486 5422
3354 9410
1880 7123
9391 2320
9180 494
9932 1833
6809 6495
3623 2032
6915 6985
6317 9145
7721 5007
152 4076
3381 24
4166 6125
4563 4141
1054 310
6383 1632
7142 6406
4324 9508
7608 71
502 8956
4709 4754
5428 9050
451 1636
5394 1557
8025 6672
4905 2339
9505 6765
2785 8450
59 9607
2124 4846
1572 1950
5877 100
5208 298
9992 6684
9391 6811
1618 3198
2002 5406
2662 5430
6103 2619
4007 2665
2182 9056
787 5315
8245 8983
3164 7472
7292 4984
3851 5732
4441 939
5015 8142
6629 2857
5569 3252
9762 5966
766 1746
1425 1898
5401 2608
5319 5233
8300 7134
2975 7586
7297 8902
9047 8820
2903 6585
662 3622
1351 7294
4528 8709
9627 307
3899 326
4174 5878
8744 8315
115 9716
7716 1929
8906 7075
1105 5071
2151 2918
9981 3608
6029 5382
4834 5972
9770 2967
741 5341
5778 9233
6665 7258
5263 7290
8126 9824
9950 1447
1753 3087
7360 9707
8983 3662
301 5005
5429 7664
6745 2340
7245 4098
5328 1706
1438 6375
10 9003
9339 5844
8694 9347
7615 639
1787 5712
2751 2975
1906 3361
3301 6209
8548 9751
6160 996
128 8422
3208 4462
7513 7089
1153 2129
8317 9467
8458 9613
3724 116
8124 4601
6397 1734
1915 4038
9376 9901
7851 9459
9739 2075
7644 1723
5380 6455
797 3610
3462 8534
7959 8864
8505 5780
2385 8411
5989 9189
8391 6498
8398 1719
8948 4231
3848 9428
7659 6487
3977 839
9314 141
67 7705
3887 8134
9624 4663
9542 4870
4534 5123
7579 4140
5075 4541
1808 709
7404 6603
9528 2792
6981 2220
6318 5626
4667 3806
4878 7405
5811 9307
1788 6407
508 4246
4088 5586
9499 8445
3430 8450
5397 9302
888 7571
9929 9377
7032 5962
8295 5149
7381 8313
3654 8141
5405 6827
9047 1181
6200 7815
8623 5070
3574 5024
639 8009
3450 931
7256 1604
7635 7630
6356 1539
3168 5183
419 43
8060 8321
8759 3571
6356 9567
2568 2435
3126 3234
8210 5269
4629 224
3872 3099
6698 9530
9632 9897
5572 2129
9083 5457
709 3069
3674 1426
2265 6433
5162 3205
2599 7514
3898 5138
5424 1948
4666 7381
2554 4301
9736 879
3087 2289
2097 4026
4389 7899
7984 1227
4785 6945
5403 547
9588 3982
5849 5144
6032 5648
7398 687
2438 603
671 6736
1861 7705
4121 1207
3188 6851
5066 4350
5906 9235
4491 7703
6417 1822
2624 1766
9028 9236
4085 9783
1528 2417
7826 234
6857 5324
487 7170
6640 1694
2521 2767
2449 8865
3881 433
5975 6328
4851 4642
6869 9134
5779 4069
72 4206
6079 6058
5306 5573
9514 5456
837 2066
6683 3478
5454 7024
109 8188
8167 7984
8830 9925
5106 3546
3803 2243
7998 6717
3141 9447
9841 1012
4307 6735
580 479
8513 2916
4001 6559
9267 6178
2329 6949
9222 285
3011 3011
2453 1017
9245 7277
6137 5525
383 6561
1707 7503
9921 609
7073 7574
390 1100
5584 1767
2829 634
915 3395
9569 3421
4143 5069
544 7490
7151 9817
7793 2681
1877 6266
2988 1211
9032 3173
3894 3789
9637 1189
9770 2582
9470 6192
9985 2404
1843 41
5525 3676
408 7871
1394 2616
2840 6847
691 912
9163 2064
2381 8371
3821 7591
7283 4584
2980 7439
888 5171
4688 9170
5311 8045
8872 8773
7290 2729
8971 2381
1019 6558
3171 2470
2602 8496
423 1297
2743 6905
9453 9068
869 4770
4239 6816
6867 5992
8246 9497
5310 2251
4436 8046
6691 216
9304 6832
319 6990
4347 7209
2550 4212
5614 2899
5928 7554
3564 7423
9014 7632
4106 7689
8108 8970
8788 4275
231 7234
60 9929
4467 6826
5212 7841
7670 7507
867 7111
1416 2332
8421 8195
9940 7435
2510 8942
5019 2541
6536 8560
1005 9810
2234 8400
2403 6571
1167 6188
4214 1959
7169 440
22 5597
3210 8073
1222 8454
6951 546
5484 6344
6518 8893
8443 174
3298 1217
6577 6194
5008 7733
9458 6025
1051 2365
7639 9546
8581 3128
2019 2855
4301 2188
9121 5915
3904 6113
4425 1364
6536 296
1389 9451
9895 1403
9116 4288
9113 324
8558 7209
46 1942
7722 20
8429 6560
7961 1684
6014 2795
646 7857
7657 1696
899 7722
4674 954
4670 3705
3686 6958
8978 9487
6112 7253
9783 6215
7423 2485
4812 6755
1364 880
5367 1104
1501 574
9350 9
840 7684
836 1739
8133 9098
5933 461
2894 194
6099 788
2435 5702
4736 9263
7759 2679
3763 2878
537 1342
196 2821
7712 5972
9881 7756
4408 7549
5469 3770
9817 6919
5265 9749
7395 5067
4169 2737
5678 2480
6285 4226
2716 921
4609 1367
6627 4657
1852 5722
3461 7223
4780 645
6003 1523
3075 3906
7514 3765
7277 6943
6480 9396
9961 7329
6215 8743
1888 6173
79 8687
5247 5628
8134 1449
7501 4935
9810 761
5951 8536
4887 6406
8458 8342
1292 4507
4471 9638
572 8447
956 3465
5529 8247
6567 2801
4641 740
5825 7278
4186 4351
5419 440
9256 9463
9140 7156
3426 2993
4235 6126
3990 5200
2382 7232
9686 1791
1593 1910
1484 930
8489 6094
1161 8753
4101 6724
6952 8384
9990 9076
5268 9773
3644 2719
1252 3978
5849 9452
6752 1930
8194 3435
858 7438
3254 4506
8715 137
654 2560
2422 6859
4337 2538
5672 8116
2200 142
5488 5438
4858 8957
2687 9412
8472 7935
8980 1671
9991 2309
1053 4619
7709 4185
9976 8845
4589 7322
4998 6334
81 4829
2860 9567
4062 7466
1699 7894
8973 4130
7774 2954
1321 4297
7042 1287
7505 3001
8177 5505
8771 777
4448 5639
2361 2965
6944 7308
7011 8249
8495 7455
9662 8877
8598 7554
7711 5418
4804 4568
5397 8401
4227 7405
4832 1135
3861 4549
70 1894
2232 9524
3491 6815
54 5379
9865 7127
2982 7434
5454 1049
9527 3421
4116 6175
4083 8454
9877 446
1817 2510
4568 8651
4692 4827
7841 9897
3972 6913
5726 6671
1947 1146
5901 6711
9084 6588
2230 2168
3933 1018
7625 463
6864 5494
4135 8495
496 5179
3803 1674
6206 576
2152 2139
7365 4908
3954 4065
867 3493
7209 2888
8062 1105
8797 6781
2654 4658
4887 7481
5770 6855
3082 1027
1723 2131
1254 3436
8907 235
8054 8922
3048 9136
8000 8841
779 6474
6819 1271
5226 4896
5681 8367
5429 8415
6576 6172
3796 5795
7095 5343
4858 1310
8567 471
2708 9028
8557 2884
5548 2286
1246 2808
8574 8853
6247 7091
9569 680
5179 4465
6392 9656
9925 8618
5082 2878
8796 8217
2562 8727
4695 7357
590 5380
2526 729
3974 1299
3609 2746
8854 9102
7542 1494
2746 3435
2611 275
3408 7088
6253 8569
7152 4801
2078 7251
7874 8932
6377 2232
7004 8874
5537 3050
7721 2360
8671 7582
6205 477
3985 2451
104 8288
7916 7354
9193 3711
4402 7171
1311 119
6664 2982
8798 3729
3636 4358
5685 6034
7870 3977
5606 6968
2843 3161
2115 7421
8188 599
917 4173
5417 3490
5565 8696
5841 9569
7698 3578
998 2062
7575 3615
2074 2789
9024 5643
7343 372
5115 2675
4171 685
2497 5425
5607 5534
4758 6727
8540 9890
3653 9484
7371 7507
634 4804
1709 1704
6809 7810
9141 8806
1133 5894
9565 6904
4678 6550
7541 3815
8645 6406
5625 6228
9974 167
4867 4564
8437 4335
7066 8184
3740 3396
3071 2922
1156 2672
4644 8919
9868 5412
5772 8760
7623 7172
476 174
6935 2649
3919 4289
5125 9547
9713 4572
2616 6910
4499 521
7999 6760
394 9096
9743 5293
3381 970
1395 2110
774 3693
4014 9436
8383 475
1923 3954
8267 8173
1493 6160
2356 8918
3668 4060
5831 6952
9007 874
5251 8981
1241 626
8862 278
1917 5997
3580 3387
7489 4591
3240 5343
6615 7511
347 2119
7371 8045
2715 8381
7550 1162
5223 6242
5994 9964
7070 6031
7581 9526
4847 5791
8105 5581
9312 5624
9340 6077
6027 417
5614 5312
3933 6337
2196 9227
1360 7260
1880 4922
8421 5973
4690 1218
9162 3675
5653 2629
5128 2147
6013 2350
1011 7425
8677 8203
2688 1218
6462 5134
1578 1100
9999 3031
1517 4905
6132 8052
4840 4848
5238 2441
984 3351
662 2221
7760 6320
4294 7590
3318 422
8404 8961
2319 4919
929 3090
5938 3965
2824 1501
2762 4662
4682 158
2833 9548
3282 7152
3827 4745
362 9436
4105 1479
2885 1451
9039 636
5927 2700
5794 7835
9367 5194
9552 9310
1002 441
4626 7839
9958 4144
1451 2234
3878 2521
5324 4956
6663 134
1415 9072
9738 1425
1866 3342
4958 3822
4293 8231
6012 7750
1125 3312
3512 9844
7085 2882
7565 7005
8960 6816
1429 3042
8087 3920
4758 2105
1901 1909
2470 425
2711 1415
3340 8233
1370 3667
647 1512
4752 9701
5003 9183
564 2667
8613 9869
832 9111
8930 8656
1151 9477
6224 6753
4949 5906
2586 3085
1918 9377
1765 9433
9669 592
8408 2525
1149 3555
3149 5259
6432 9202
3390 1542
7247 2484
3826 7063
6533 8013
883 4922
1134 7935
1394 186
3567 8977
9228 1512
1887 8294
7851 4761
586 5261
495 1836
3919 3375
2604 376
4080 4464
4318 9707
6028 7043
456 8079
1256 4196
8508 7779
6404 5652
951 8126
7435 5682
2515 5868
7525 2491
3705 1233
6183 3424
1928 6462
428 3209
8151 8255
1259 1521
899 5169
7201 508
3080 9394
6212 3372
991 6956
6537 7564
373 224
5659 9729
9954 4603
6597 9785
6503 6508
9906 4024
2244 4061
3575 7557
972 480
8080 1772
5215 8568
146 433
9503 8118
1077 4495
796 9166
6896 3243
4091 2992
3543 4887
3531 502
6656 5532
8758 8044
4804 4675
8876 8621
9045 3158
2804 3988
7670 5490
9827 86
9467 8076
3056 2329
8596 5326
8876 2317
6125 9018
5533 4495
5834 5184
1845 3467
1874 9439
6895 393
3519 5093
8510 2705
3854 7019
8121 8891
9189 3379
8976 8013
3203 6495
9218 3155
2382 3941
8715 279
534 4229
3857 6738
4184 7193
5966 8502
5099 6772
6900 4481
8475 7058
7858 4355
1610 6438
3783 8047
1448 2135
633 6559
3736 1731
7494 5455
5656 2764
9423 7247
7878 6548
612 1997
4263 5872
8412 4947
80 8403
1695 1818
4414 4147
1303 6060
7200 2921
8914 1848
5106 3510
6214 1122
1191 6785
8832 6246
1938 1671
5029 6336
509 3249
6145 1248
1464 8461
9955 2727
6549 363
5454 5599
5568 4418
6211 5745
4231 2875
6525 8205
4044 6223
8300 4186
3793 8190
7407 1467
4374 448
3251 4753
4468 5158
4601 5538
9284 5803
6722 6947
470 146
3783 114
1413 1520
9847 6778
2256 2494
8136 2455
3614 8564
6168 9619
7727 4376
2060 1622
7292 3403
6400 8690
3798 8767
6024 907
9518 5323
7389 352
9593 3174
4238 482
9906 9398
1394 6659
5910 544
8907 1860
1141 3097
6748 4254
316 3942
4508 8646
4127 9208
4457 3094
7764 7593
556 256
6881 2830
7980 9346
5419 9444
5495 2034
4996 2970
9731 5823
4180 4671
6344 7009
9439 5396
4812 2265
1386 7799
5796 7130
2137 7777
5617 2762
8201 128
197 1840
6798 1096
7321 3354
4439 5015
7553 9503
4663 5226
9586 3017
3838 5129
1926 6706
3488 9025
3735 2660
6924 4563
8428 9930
7970 1493
757 869
1483 7291
210 7621
9113 1695
2056 4651
5536 7348
6637 1228
3923 671
4434 9278
4944 9166
4618 1473
4726 2847
4018 5135
5745 2454
8878 3310
3495 7920
2769 8764
7732 5886
6642 8060
9401 9090
2043 3410
791 2270
6793 5337
6200 4488
7477 7740
1571 1357
5598 8482
9182 2129
1061 8597
7680 615
8549 9741
4549 1196
34 7990
9452 1980
1901 6825
1954 1247
4927 6576
4224 4172
6256 1339
1689 9545
8272 3951
989 9447
7496 5952
4972 2826
4948 8020
3488 8458
8956 5513
3027 3952
8144 7912
4791 9168
8120 7512
78 926
7681 9181
9184 1983
2409 5581
3970 2828
5478 1554
2570 1418
9092 505
9022 2678
2720 6655
7915 9368
9594 990
6703 6650
6750 320
2432 8867
7052 5908
3331 9000
3523 9357
5915 7527
1036 6716
5038 6595
8678 2189
1777 20
228 3096
7740 158
9728 347
7324 765
4030 7986
8523 996
8647 8391
6831 7122
9504 3684
2691 600
8171 576
9350 8436
3844 4473
8268 4446
9730 2533
7131 8057
4989 8861
7214 6708
2884 6715
5696 972
7779 4693
4408 5576
6472 5189
7236 2183
6998 7716
6475 5906
4525 1472
9799 8354
2625 8228
1687 7320
9601 4448
8166 7810
9461 5735
58 662
3176 5036
5470 2169
2444 1000
3046 7168
2942 6508
3699 956
3551 2049
6373 4190
5658 2816
6083 7264
3649 3958
166 541
7561 4226
643 6244
3721 5489
1418 7090
8437 5617
2403 2433
4453 7619
6549 7842
6031 2002
2051 5614
9142 3279
7901 9417
9725 406
1014 5869
3440 6545
6688 9839
3423 3181
2229 8071
7119 3778
3557 4225
2123 2449
8730 5816
6558 2611
8514 3783
7625 2291
3590 8148
2896 3052
5522 9499
3407 1672
580 3819
3759 7726
872 114
8901 9570
5115 2336
3402 4113
558 3350
7304 183
4377 3237
3131 3822
3222 2029
8805 8432
3450 8739
4603 6016
6532 1352
2096 5900
7977 8970
208 4414
7615 3591
7208 1656
9707 8582
6090 1863
7824 6898
9362 6319
8854 272
6327 4847
6055 5842
5033 4956
2361 1571
6024 8020
8838 3645
7596 2578
7129 4741
494 5296
3380 2384
7378 3248
9872 7024
8559 8673
5942 3346
4311 2176
8621 9112
3497 9375
623 3621
9884 7485
9949 7680
8485 3567
3461 1316
6100 375
3900 2704
1550 9730
8353 6130
9530 6892
5660 5945
1323 490
2094 5434
192 6491
7142 7118
8586 6633
604 6608
7500 3657
4877 8098
6842 7718
1534 4880
9311 9454
8715 7022
4041 2332
9168 9562
5872 1459
16 3787
8647 5488
3035 5086
2403 7696
6245 2768
2502 1691
5329 5775
9274 6561
3966 7238
4833 3374
9385 6794
3734 9775
9892 4214
5519 9773
4736 119
3295 9115
9223 5700
5250 4686
6796 5936
7135 6030
3251 1221
7700 954
8414 8038
3559 514
878 2452
1492 258
2400 7664
3343 6229
6162 3629
2749 5750
6399 7557
3357 3046
2786 3351
4671 8274
7406 4390
9246 3504
9805 1071
6981 6414
84 1574
9507 2030
547 9883
171 4954
8991 8510
7059 6494
376 7248
3406 2528
6773 5072
4985 7329
9137 9356
3240 7685
8423 5856
5949 4578
1497 7936
7058 955
381 9822
3242 8121
1585 6797
4795 5993
9163 1761
238 4679
5736 8042
4046 4455
6857 7133
9416 4918
4177 8090
3497 3831
8841 7217
8997 934
5335 2143
8212 9382
492 5436
6374 7156
5649 1440
9063 3136
7250 8886
4964 7363
7251 1484
9723 8662
8844 8233
3874 7292
4481 4023
4326 5813
712 9933
6608 8325
5226 3512
8248 665
6473 2585
5299 947
2455 3928
739 8381
9350 9695
6389 4595
6444 9966
2710 4346
3643 4886
3805 5871
4115 8658
6647 9747
5407 2897
1837 3059
1674 5828
6372 528
3853 8265
7404 1041
84 8538
8945 738
3434 5409
5085 6875
4764 6255
6999 12
4910 9625
961 3473
7815 6593
4253 7231
4526 7530
7051 9550
2008 1343
6981 1329
3052 2907
1898 5539
726 3896
9414 6637
5129 5754
9032 6698
8237 1150
9225 728
695 4960
2010 5143
8539 9867
3631 3521
3551 6109
2147 8910
6816 6572
21 1646
3661 8448
5142 5172
6 425
2742 9604
5550 7896
3163 8498
190 1736
511 1124
3021 4822
5797 7630
1552 8880
1518 6141
9158 898
6305 1485
9794 4837
9955 9310
9477 1900
3108 6573
6123 593
5837 5506
1980 9431
1555 9718
3648 9444
6747 8721
7177 1336
8220 7096
8069 1259
7914 128
8787 188
5099 10000
2419 9789
3343 2670
9151 5991
283 8035
1662 9834
6924 1372
2519 9683
3605 3401
2302 1217
3191 4579
9446 5784
2674 2209
690 9217
4345 678
855 3494
7832 1197
7720 8127
5951 8555
9105 5715
6314 2532
7356 4177
8863 114
6368 6545
1741 1119
2971 6792
2152 538
3761 976
6363 9698
6072 1204
7035 5211
8035 1529
2753 1805
1932 9083
7072 788
1040 8881
1342 1990
2159 3769
9973 3632
3206 972
2984 5318
5852 9564
8323 8116
9516 2223
976 7032
2469 3624
1885 4662
5585 9831
7053 9093
8273 9918
1728 331
9547 6340
1766 9351
6629 8972
794 4722
5887 506
5633 2676
1460 1067
2310 803
3558 6918
97 8502
2007 6635
4491 1692
9123 219
4148 4180
6670 697
8866 1235
8185 1675
4206 625
9041 3869
4476 6961
9240 5336
4320 4596
9274 5774
489 6619
190 9677
5447 8217
570 6783
2158 7484
4298 5579
6527 7082
9735 9135
3612 8952
5708 9364
666 7981
4226 2321
9968 4493
1281 4998
2345 264
4758 5884
7444 7260
7063 2936
5181 3122
8744 4713
7441 6656
6399 9910
1403 9840
5659 3199
736 1569
6402 4681
8117 2278
8593 6568
2023 7691
4809 6150
8500 5246
9543 235
2208 6348
2122 9974
7308 6359
1390 1982
6394 6340
2247 8850
6538 7134
130 3108
5054 9778
8554 2089
4425 6554
8985 9741
6768 7916
754 2047
6486 6056
6201 2579
8154 8046
4840 735
2591 1031
5963 8147
2165 3380
1422 2417
5281 2425
4482 2938
3328 5574
2481 5597
6395 555
12 8537
5260 8561
5062 9834
6398 1025
7416 2946
1770 5931
927 5563
2461 136
5898 3731
5415 3264
1437 3088
1951 8439
4460 6087
6779 273
5397 3768
4722 2448
3969 2449
2079 2025
109 9905
1396 2407
9481 4438
4230 3707
1786 4542
1231 4605
508 8819
7955 8389
3645 4346
3225 7629
7893 9696
8913 2477
4977 740
2435 1584
1881 6998
8699 2413
3737 1520
3556 8063
9271 8472
1324 8229
1787 254
699 9288
6273 2468
5092 2665
6692 5633
7589 8509
7131 3557
5448 5925
8257 7758
7400 4625
5683 2089
6833 3494
4924 8230
8564 8736
2355 3202
8094 2443
5154 5093
4841 3043
2102 5275
3320 5357
1913 1108
7634 8625
9128 3057
9070 414
5426 755
4089 4125
5512 5989
3775 9078
8639 3059
8369 7729
2603 117
4293 7232
6500 7747
7130 6221
6208 726
8721 2106
8853 8946
8113 4903
5259 8202
7320 1295
2120 912
7744 5135
3402 1184
3525 6391
9101 5897
9899 3107
1684 6086
2233 6491
2104 1562
565 7877
4843 1347
4210 4315
3603 63
1996 250
6352 1338
4545 4689
5825 2333
9681 9790
6258 5012
5776 7559
5110 4444
3355 3499
1133 9752
7846 1585
2007 5938
3716 3721
3982 4533
9514 7388
2698 7081
7658 467
1512 413
749 3376
4957 3708
4825 4941
9827 9825
8132 5969
8893 5832
9037 6773
1128 8695
8577 8300
1513 7802
8385 6611
880 2144
1895 6003
9383 9680
2515 8178
9946 4181
3562 7477
7162 3598
8438 2091
8046 4727
9558 738
3452 3513
1926 2625
2743 3051
3754 9865
5268 4327
9122 672
7193 226
4749 7381
3388 1928
5116 8608
3578 6494
9103 7592
5074 7534
7727 8133
4192 105
7521 295
3624 6598
6308 6736
5788 6590
206 62
7362 6188
2282 2656
9006 2534
1969 2966
8828 2082
1982 9520
3483 8249
6805 8802
2704 7877
9103 4286
7215 2190
6991 4284
3531 9810
3375 3237
182 4905
5901 9605
7060 9338
2722 602
6592 6569
6506 532
4476 8898
5773 3795
1549 2978
3316 4135
4336 3369
5572 8537
4541 9475
9215 1501
1843 8534
5068 7095
5759 1607
2524 4283
2971 1940
477 6371
3851 7663
9132 1448
7764 311
5029 9161
3695 6165
4136 8668
1554 1363
6731 5539
9493 5729
5922 9052
6100 9384
4228 2735
1201 4043
8187 9402
3234 1711
3418 6720
3170 6454
5513 9441
8136 2905
8010 6550
7557 7007
8515 8068
7803 7998
5999 9306
3435 5913
9159 6966
1179 3419
5057 1464
7955 4209
9759 1196
9582 5670
3606 9100
385 8974
8920 4879
2936 7084
8051 2135
3146 3285
9959 9944
213 8029
6653 1884
5953 452
544 1540
1229 1344
3670 9991
1742 5478
5046 8613
4 5044
4638 3006
3258 6762
4115 8183
2561 1223
4286 9586
9892 210
1426 42
8595 6452
1594 6300
4098 7542
9923 304
5110 9877
9351 1468
5614 7885
3673 8689
439 6250
7442 9377
6241 7566
3788 6343
7408 2974
600 9569
6462 1937
739 2970
3174 7506
2969 7084
5007 3666
2842 937
5962 8339
6340 9300
9272 7190
2593 4374
5949 7684
1697 5965
5930 7274
3203 2572
8011 7650
117 1943
1895 5500
5051 1571
7644 8178
3369 2997
6779 76
9605 6947
8323 5576
6657 8330
9042 8783
9017 6883
1030 573
8582 5621
9912 7771
3285 5682
8208 6202
7846 9686
4807 3483
3188 6730
4487 4449
8130 837
2757 6270
3290 2464
8029 6482
8074 6952
5746 9741
6451 4323
5486 8491
7282 6345
6309 4249
9558 4344
7252 1283
5716 5794
3910 4507
7264 4141
5239 592
2126 4149
386 5973
3955 7253
8113 2780
9839 92
9162 4472
8589 6527
5159 3720
4239 5453
443 3884
7225 5725
4582 9077
534 7898
8602 120
6138 3762
8718 3538
3256 8744
6093 6602
9509 3089
3057 9948
1981 4058
6670 9845
6223 4964
8600 703
4534 479
7778 3628
7514 3425
908 4503
1432 5764
22 6330
3579 2895
4220 481
5149 1694
752 2313
6679 5915
8463 3776
8733 7405
9527 7076
3375 3312
4774 6465
7656 4607
6997 4366
6457 7076
612 4058
3579 2237
7958 3221
9346 7775
4333 1827
5500 9743
2403 880
9431 4648
1144 875
1455 347
2934 8016
7147 736
7913 8738
1806 9771
5373 1884
6419 4900
8483 4299
9698 7561
7796 9270
7690 3313
8493 3217
3868 356
6998 1429
4319 4123
3522 5267
7327 6082
4417 7751
8653 9668
3447 5594
376 5636
3006 6716
520 3043
7657 476
6611 8649
7707 5475
7090 7708
991 7879
1396 8877
1962 2621
9826 2988
3919 6540
1555 3579
9339 1799
2087 3074
8061 7565
4155 5963
9802 9638
8535 4876
1679 3394
4071 8163
6738 8201
7306 148
5480 8275
192 8017
9483 1084
736 6627
5954 1952
491 7002
4380 669
8126 587
7456 8647
3359 8813
4938 7232
8699 4406
8394 3216
175 3736
4167 8480
5756 7577
3491 7092
5384 4666
119 4769
4298 2119
7852 3027
8423 947
163 3099
1929 7401
9079 8292
4012 6390
4200 4026
1356 7013
8069 8508
5335 8235
4375 4278
4378 683
9025 9208
9381 5169
9628 3533
393 3276
3051 552
7556 6091
7139 84
5608 2532
6936 887
2035 5925
2605 3387
619 2136
9946 9800
6590 6244
3209 3588
350 9837
2706 4029
5870 6547
5778 4338
53 4012
481 7212
9786 9719
1923 5788
4509 986
2950 7585
3416 2677
422 1925
2392 9983
5854 3523
1531 9150
5348 72
361 4788
2098 3285
1285 8712
2295 639
6300 8474
2070 909
4931 8657
2039 534
9284 3892
917 5679
4872 8695
4717 7345
3564 8458
5881 7266
7954 9831
7325 3352
9616 8609
2464 4439
5399 5365
3879 8623
1720 6140
1387 8779
2570 7963
2382 3077
8442 2263
7154 4498
2155 9616
5817 1614
8265 5625
3026 5937
5983 7652
6862 8649
8618 1299
5514 5546
9696 673
3993 879
8410 2031
9424 6935
5380 4970
4290 8222
7430 6352
1693 5548
245 4820
8397 9084
4616 9588
1887 5331
499 8363
9374 2232
4183 4721
6672 4760
673 3889
5447 439
7269 6767
9760 5917
5680 5773
9853 3447
6034 5450
8329 8369
1275 1016
8320 2198
2500 7318
7187 5403
4916 7325
7406 8138
8080 4449
6097 9412
2948 6062
4651 1925
2068 3553
8427 7330
2432 4727
9615 4069
7906 9768
7700 632
279 8085
1018 4670
5423 5967
9828 4657
8969 5088
9326 6817
7567 4345
1729 7150
6986 2173
3236 9235
5586 6911
8005 1924
2524 5405
5965 9604
3621 5629
490 2765
7380 7061
7320 4318
342 6154
4934 2031
2538 2508
8042 2418
7909 6510
5906 3234
1029 4638
6027 1855
3309 4527
1692 8134
810 916
5554 4636
5973 5512
9105 3943
4748 5787
5827 5509
5957 7130
3070 2016
6947 9147
3518 3335
6112 7925
6794 6796
8340 885
9184 5835
128 4941
9512 1502
492 8237
6839 833
4813 3292
1302 7761
1455 6072
5401 7726
9162 5261
2600 1532
9488 7485
9554 3794
3655 6406
9110 6287
758 3975
1124 6886
591 8578
9434 8482
8294 8951
5739 401
1442 548
6039 6092
9042 3227
9785 1283
1522 1770
6053 3353
2838 717
2651 6651
4671 795
541 3111
3889 3558
9350 7102
3982 8189
9625 698
3031 40
3870 8903
9184 7333
8500 2779
1029 9169
8722 3462
8655 4869
4643 7370
8516 1628
6754 7419
7083 6623
4071 4473
2214 130
8908 3811
4899 8397
1519 3041
4817 3054
6632 7127
4786 7877
4557 2440
6768 5030
4503 492
4222 7588
9156 3181
2728 8109
9819 7113
6660 3926
7248 9731
5362 8492
1523 9006
7773 7269
4954 4467
9985 9282
2766 5098
6360 8626
7306 1447
5013 4215
6292 9992
3560 9324
5488 4085
1505 5359
5412 7163
6609 5095
2363 3212
4574 168
2501 6208
9558 183
9102 9263
6145 4396
9653 6367
6398 6854
8510 1047
1995 8811
2983 2280
9447 2391
3982 2235
4363 6287
9179 8039
2251 3044
860 3712
7663 3405
3775 7963
9143 4422
873 6338
1054 3339
8433 6778
8060 4929
8534 5354
8123 8216
4008 844
4350 5402
5372 9571
6309 5334
7363 6544
6093 7543
8232 6314
9202 35
887 5777
5527 1100
2159 6482
7848 6953
4279 4186
9858 4325
3520 6787
3674 2714
7650 597
6024 6736
1760 4184
7118 5819
3161 4118
4149 2910
694 1007
4782 2473
1439 8358
7067 7260
4097 7470
1635 6041
2250 831
4089 5338
1357 9412
1519 9366
8646 5696
356 5576
6699 6129
1660 3858
3667 5188
8968 5235
814 8904
1436 4311
3073 3042
3045 9219
8204 7796
6936 6730
3356 3051
8028 9684
781 4574
2112 3395
3350 8978
1570 26
6590 665
8281 1269
8046 709
626 5958
2476 2080
9882 1336
8663 4379
5728 7523
4842 9509
6659 5929
9808 343
5469 2175
7751 311
2953 5757
7033 1568
1853 4751
3532 5187
8255 3175
734 5114
103 7930
7851 6002
2024 3619
658 7015
1259 178
9755 2510
2293 1782
6578 9008
9629 7468
4711 5557
3296 7536
1807 4629
7324 3920
2540 717
4644 4028
1355 9988
2069 7266
4621 4079
1426 2943
6780 6963
6738 5758
6524 709
2876 3632
3298 6582
1417 6781
5830 5567
8359 364
6858 2385
4105 7434
5339 5436
5544 2455
6898 7486
2275 888
3965 6639
7751 942
2359 7450
5146 1848
127 127
5837 7154
9009 7987
683 6984
9488 45
5230 7576
1246 1164
2914 1364
8562 1497
6277 7433
9812 3320
2953 3948
5980 3075
9411 3763
3791 274
6072 4467
8680 4619
9548 5238
1342 6859
5421 7751
919 7248
9531 4863
3086 2381
1774 8651
3723 526
2424 4447
2895 6488
4343 6755
8657 5478
5422 1809
9397 403
2338 566
4991 1128
1062 5292
4994 8920
8265 538
5179 1615
818 9942
3627 3119
4661 6412
5981 4061
3675 6827
3328 3902
107 5173
7897 6035
4959 3171
7627 868
48 9465
8852 4618
1959 6646
4318 3823
7387 7356
541 2404
1572 7577
176 4417
7223 1008
1824 3014
5588 2780
9041 3670
3477 9264
7712 1517
7358 8833
6130 6238
8671 1777
7439 6203
9915 7282
6144 604
5810 9901
1547 8087
3879 9221
3916 501
1134 938
5688 5949
9662 1376
6201 9939
8982 3100
4053 1207
7998 9648
3472 6157
4711 8185
458 8506
9866 4223
4915 708
6320 5741
4850 5816
2446 5474
9355 3320
6040 7653
352 8151
6262 6041
110 9447
4276 6422
2948 203
7684 8815
5249 6970
2412 2987
7376 1814
9519 2624
6729 428
2109 6276
1063 1988
9194 7146
8398 328
1926 433
9935 3610
7144 53
9628 1115
9660 4561
9368 58
9106 1102
7658 803
803 3217
2228 8186
6656 2754
8641 396
5648 8584
7567 7618
8044 8123
816 1387
4548 9645
7605 2198
6320 8299
2121 1648
1724 9227
5503 6993
9829 6574
5013 7111
462 8043
7367 3315
5210 9743
5932 6396
9224 1837
9714 2741
2447 605
5802 1969
3354 6036
6575 3935
9322 7530
4626 8695
9992 2863
5763 736
799 8127
5848 1735
6954 7651
4353 8601
6817 7748
3099 5950
8870 1977
9028 2142
1852 8030
8137 4295
8350 7361
4623 8178
7392 9949
3912 6125
5458 9013
5029 3542
8799 3854
6109 6335
9903 9482
9671 7696
2035 2908
5746 2370
592 1315
3280 1009
6226 4165
6977 9469
2017 2437
6251 8043
1834 9459
1459 9316
6886 9590
9425 3100
3455 6055
3916 616
3488 1251
4020 9095
7838 9123
3552 649
5259 6445
8690 2173
8448 7823
6127 3804
3858 5398
5432 2916
6940 2813
873 2225
9802 4535
8993 8044
4155 7866
8261 2030
1864 3053
9151 2583
6607 9682
9655 3228
4758 6036
2003 7407
3781 9349
2707 2090
2252 9487
3622 1356
7218 7539
8368 7070
5500 133
4003 9301
4537 7199
6120 909
5182 5336
7903 8110
7906 9217
1293 7516
4926 3340
1216 2057
4936 3469
4945 5231
3382 5731
4058 8240
1254 1126
5414 8110
5763 519
9628 2306
7528 2588
822 4452
8448 568
3082 6235
9692 6114
7385 5773
6844 3055
4204 3229
3269 9448
1646 6668
8780 6187
7547 79
8534 8800
5168 5317
272 6550
9382 4461
3733 9490
4467 4359
1740 991
1106 257
4913 2391
7976 9716
7766 4268
3162 5715
4562 9578
2462 1880
23 1750
8595 1164
8273 8941
6811 1862
3509 2550
9605 4021
6058 7345
5259 3443
8662 5025
8238 1271
1651 1461
5324 8184
616 3091
4909 7505
6053 6482
872 1516
6751 4691
2644 6298
3070 4947
5478 5298
4651 6820
2666 54
2915 2023
3777 5599
4107 6380
2780 2361
4096 9333
4662 65
8032 1366
7288 4033
4835 3754
4526 6307
6276 1017
5580 4247
7738 813
830 6835
832 4094
9351 8610
1262 844
7234 9472
5857 1776
6410 3112
5527 2187
1222 4256
1400 2906
8 2793
2711 4769
1749 7989
5538 6544
1104 6275
8432 682
9952 5529
7146 4147
1408 8664
5502 4421
1997 3142
3578 3229
7123 6424
5893 203
2302 8486
5580 9786
1104 5387
7064 5235
9043 1910
7197 1621
6115 7757
8992 2793
9271 976
5394 2912
4982 9710
2921 2789
1404 9583
1903 1682
4639 2622
9346 9551
9955 4430
8254 1850
4755 1805
4658 113
1378 3546
8409 5929
6501 9458
9521 3106
9511 1983
4662 2760
6754 5267
2521 94
1978 2659
501 1771
7377 4948
704 2493
847 8292
4960 5034
7141 8245
8414 8530
6407 6607
5964 4871
8909 1215
8888 2407
7592 3058
9829 2042
4052 6318
7489 5357
9940 1668
6822 5115
4475 9449
2028 5135
3136 2450
1863 9171
417 1559
1612 3125
1010 8477
5156 2252
3568 1677
5887 6597
8743 2799
3864 4749
2999 8899
4108 203
2055 2418
4126 6465
2854 6440
7809 1339
3977 2591
165 2285
5131 4046
4148 2604
3961 8797
6946 7226
645 7344
7768 6306
486 5095
2206 3243
9668 8770
8086 6990
6474 7697
4955 849
8833 8180
7976 2197
1230 651
7354 5539
2925 4786
849 336
3951 3583
587 6069
1197 306
9804 8079
2370 4648
7569 2254
5647 4531
2996 7083
5675 4741
1061 7158
8714 9710
3398 9725
2915 7953
7118 3833
9518 9027
5228 3036
3597 9103
1695 9034
2774 8377
9447 3125
6248 3141
2727 7528
9000 6988
8454 350
7834 651
4493 2960
3806 5772
7482 3785
1296 8538
9865 6017
9484 3855
1160 1322
6986 9480
9719 3066
1326 3133
5223 4087
5120 7661
935 5672
113 7689
55 8121
7856 6144
101 9152
9038 4875
9279 4630
9468 9985
6546 3242
5678 7473
6192 8267
6819 6793
2053 1159
3895 8960
189 5331
9484 5873
1196 4215
9052 4579
5882 4554
2807 2669
6075 9547
5453 5516
1652 3214
3096 567
5365 1103
5752 4820
1578 9533
6775 3411
5807 1798
1631 425
9776 6730
8158 5057
5614 1758
3775 7027
3759 6585
5825 9919
161 5492
499 4126
1064 8049
3889 8137
2333 2305
3888 4274
2201 6879
7977 8231
7637 648
3256 2827
3547 8930
1836 2293
8454 1314
7232 1035
8624 9343
3770 5789
5034 7261
5246 2278
1967 1157
2642 7230
5197 9525
6933 4001
8160 3563
1153 1437
5011 9935
3373 3910
1723 265
8767 8256
6599 2654
3945 883
7078 5478
9527 4251
432 439
3849 8726
1566 8347
307 3989
6841 4880
8965 6099
1519 614
730 2114
1110 8206
2508 4990
1242 4143
389 8913
1430 7336
747 2208
8484 4290
6925 1027
6957 9014
7711 8732
7301 3139
3011 1053
4613 9305
9939 9404
7836 177
3435 2104
338 4590
3076 5102
8120 4192
3491 3358
5027 5005
2126 1712
711 6740
5919 1087
738 341
4821 6474
32 1076
197 4789
1811 3265
1999 3841
5509 6003
5472 7459
9359 4972
2182 776
7740 2405
2096 3802
9778 5855
6935 7607
2138 1395
8014 6190
1258 8565
9829 9164
9537 9082
8140 9073
7438 8047
6939 7801
7176 6080
1042 3568
8194 7871
7614 1253
2111 3492
9937 8799
1377 8734
9401 3658
7479 2634
684 4551
8302 7808
3684 637
4505 5919
1916 9617
4144 5228
5597 8214
6716 8353
1385 7476
3660 4597
1860 8824
9102 502
8170 9483
6599 5107
657 4063
1753 5699
7938 5227
8356 5431
3158 9319
1738 8837
5330 3907
6412 2298
541 5927
4570 5009
9846 3133
3860 9561
2994 7341
1330 9234
5181 4124
510 6727
3734 8464
5145 6890
7473 139
2299 894
7672 1224
5819 3232
7515 9158
4573 3046
904 5675
5883 5706
5515 3589
5237 4375
4628 591
7376 8457
9724 6770
7472 7668
8247 8612
8816 9631
2700 2219
1735 513
635 7464
2292 150
4543 355
5085 8102
1115 2045
2848 4835
6596 1731
7268 6014
8058 8806
256 4580
1553 377
5090 9044
7005 6699
7922 1341
8550 6856
4213 4480
2441 7101
2066 4790
4926 8153
972 4240
9224 8989
6790 7701
1347 1884
257 1925
8227 7589
7639 226
3784 3969
2573 5347
7590 771
4674 4813
3673 478
7596 4003
2206 5046
6164 6933
8686 9279
7912 4201
9843 981
3503 935
4273 3729
8412 1657
7603 7247
9746 8196
9665 9395
2339 4279
6619 9399
2636 4647
7654 366
4629 8641
1986 1725
3140 970
1528 8383
6980 4726
4016 2227
4055 1372
4331 5854
6209 6089
1588 8358
2044 2721
7598 6017
9744 1322
7777 932
354 4027
4444 3966
7542 4437
3241 2533
5802 6248
7685 4850
465 5417
3441 6225
2263 5165
1498 2537
3367 2023
1197 5515
4225 1790
1089 1861
9698 443
2253 455
6213 190
8009 1679
4061 6587
9553 3341
865 542
5907 2107
2893 1236
5068 4339
2687 6945
7172 4004
5989 3280
9184 4351
2230 5177
6954 1965
2027 6707
1781 5123
9354 5097
4426 2322
6769 1398
8749 4510
5398 5155
3435 7186
5190 8771
2527 6578
8683 2085
6042 984
8747 1745
4419 9512
5095 515
2998 3138
2189 3193
5691 9096
6070 9719
3769 5699
8376 917
3380 5461
2809 8323
8485 496
5507 460
8124 5180
747 8145
8331 1443
9600 7391
3471 5910
4248 4829
2155 5868
2963 4596
7756 8067
8007 7905
4147 4674
4481 9266
6399 4335
9623 4019
556 5016
6999 4626
867 800
7124 143
6333 9312
8718 8373
2224 6393
4877 8952
7118 2063
7496 5967
5981 3407
8141 7580
9728 3734
9216 5762
4756 6224
340 9549
1650 2290
1988 363
4165 400
7665 2575
5906 4150
5804 3246
9881 7129
714 1517
7113 991
9397 3647
2316 4144
7680 510
7215 9236
2349 6507
2230 5908
1707 7814
4861 3298
2038 6460
931 3566
2158 6091
963 3787
9577 4869
4040 9790
8332 8703
4238 4382
2533 7536
9123 9392
5858 2545
3978 7003
1488 8182
9692 4336
9338 6786
4302 5508
5019 9905
5806 5801
7478 8308
1901 2840
7351 3163
1790 8078
4717 2355
7200 1745
8669 3746
2175 2377
4586 388
2645 3495
9826 3419
6458 2120
7796 6349
1678 7564
6696 4434
499 4535
663 4558
6381 5511
6007 1627
1324 2677
9052 6190
3792 8269
1302 2012
261 5738
108 2226
2151 8715
9882 2654
621 7813
4784 5547
9629 5842
2781 8617
2210 7248
6882 8035
7890 4472
2992 3380
3444 5216
4342 3556
3756 7485
3171 2183
7217 8521
3539 9961
6853 9478
3066 1308
5648 1962
673 196
2261 6216
24 8024
7226 2706
1110 4219
3174 4119
8552 6314
9327 6270
5625 3549
8139 1119
5918 5841
7806 4074
1826 432
5835 2974
71 9181
9303 9166
3188 1074
9112 7425
3637 497
9312 5921
848 7804
3434 3817
7653 7362
3732 1728
2133 7805
3159 4509
1404 5102
8474 5569
847 2620
7437 6114
9938 440
8610 2448
6750 8915
304 5
9954 964
7735 2470
2832 451
9188 7825
1400 2567
1987 8560
9574 4576
5689 2949
4020 9769
5298 9343
6776 620
2153 3844
3436 1236
5372 8456
7612 5748
1884 7541
5911 7299
485 3240
2742 3222
226 9025
8615 8822
929 7110
50 9913
4637 1099
7617 5509
194 2774
4583 1995
3622 394
772 7270
8409 8950
6934 8088
5728 8449
7940 5318
5582 8868
5540 81
9629 5551
9422 1589
4976 5493
707 4861
7172 2884
4065 6404
6756 4773
6445 2097
7297 2917
8220 7033
5557 1711
8851 2046
4720 2201
645 5054
3703 9068
4431 5308
754 4248
6576 2396
1738 7979
6326 4273
3169 4848
9909 3297
9405 4695
1747 6976
6188 7359
4202 550
7236 9109
9171 6873
9235 8369
5897 8732
5156 7316
4436 1235
1410 895
6477 7156
7500 2478
7026 4747
1502 8258
7334 3870
9488 7374
8815 5195
3550 7447
7745 859
1188 2624
4567 9421
3486 1795
7065 4358
5839 9792
8545 2413
4239 4045
7186 8956
240 4431
7216 45
4797 644
7905 9654
3292 6374
5646 1119
8339 7325
6116 6454
9502 2924
7080 9659
2287 823
3614 2606
7695 3414
5609 8132
1931 2310
5968 6380
7927 3025
1186 2529
4083 80
441 9054
5594 7502
8290 9439
5717 9618
1887 6020
3836 2325
4997 2976
5578 6363
6237 324
114 9509
8842 14
5467 8047
8810 3488
6673 9925
757 3368
506 3313
4402 1199
4029 6647
5544 3098
2049 9639
8448 5295
7106 8784
4374 9865
7272 7229
453 8165
713 6983
721 408
8172 4463
6183 1628
4555 3926
4056 7294
515 834
4552 9688
1300 7999
5061 4649
3228 6350
9173 7171
1351 6252
3906 8254
7511 7155
3055 1300
5862 7832
8025 4933
102 5326
4178 6139
8219 7162
7031 1998
8578 2446
4760 8835
8184 5040
1099 4491
2791 8013
8289 5924
3832 1041
4108 1784
9902 8244
8202 7703
2837 6853
3396 4231
9371 2819
1347 2639
2235 3358
3585 9442
9589 8588
2609 2010
5146 9228
391 235
7554 2014
3468 2272
111 4743
4475 8380
4237 5753
6880 7429
7914 1165
5954 4357
1810 7613
6224 6400
116 4862
5172 6844
8980 9652
3780 9450
1385 1618
6585 5081
6072 7212
6565 8054
7375 6546
6103 7764
7095 6306
6568 4124
7876 6457
768 9211
5781 2060
138 8195
5604 2289
9603 7140
5093 5400
5254 3032
1157 8045
5960 1017
4711 9392
8803 8510
8112 8671
2202 9721
9148 8213
7990 2353
7669 5908
4901 4520
2323 2730
82 7064
1262 9077
5928 666
6786 9951
2789 9748
8786 7659
3804 8622
7075 4516
569 1011
6225 7848
2289 5002
6798 7075
3313 9571
614 4027
2658 1438
4210 4050
912 3179
1458 8913
3112 9285
3917 3962
325 1295
1778 1836
8329 4307
352 6562
5795 4123
8221 8713
5299 5622
8570 8162
5240 6088
2187 4744
5825 2515
9331 6434
1710 5630
1226 4530
3160 6752
9972 7496
4145 5677
7452 8574
3460 5200
1194 7424
9370 8950
3273 8220
7476 1459
3958 5377
5720 6512
6951 7079
4055 3332
8891 9424
5823 8802
7166 4102
1119 7602
8748 2308
5358 6342
753 2010
9831 9555
1817 7081
2113 4322
6957 9876
5023 7710
6897 2755
9698 3211
6445 8793
4653 2251
7072 8606
5930 1916
7951 9665
7497 3134
7113 7888
9251 9933
797 1483
65 2149
8102 1263
9941 953
5126 2085
148 3079
8848 7442
2603 1653
2108 2035
5986 1233
9374 680
4490 5765
6271 2811
4993 4435
6834 2997
2466 585
1538 6402
5515 6964
6686 3557
3864 9858
3476 5781
598 8552
2551 4718
3091 2155
6280 2101
5293 3942
8823 1497
4531 238
3851 880
8103 5143
5135 9754
8636 4651
1074 4484
2616 1005
2313 4639
8671 4875
3107 5678
808 7994
4588 6047
238 9835
3480 4043
3017 8446
887 9573
9258 9964
7629 401
2290 4342
4421 65
4953 3314
1410 395
198 7669
7934 1577
9131 2850
3861 5383
3958 2118
8012 7778
3615 8021
7147 5810
5623 4215
7223 6519
1063 7170
2086 7272
5849 7796
3691 5531
5251 5079
9133 1749
4721 7671
1595 2945
6384 6657
7013 1733
5564 4048
9505 3558
9456 2090
9949 4363
2937 7581
836 2275
1131 5665
965 1610
3403 4173
3647 4089
9329 829
7155 2583
7743 8841
5416 8262
2965 4719
7315 7753
3096 3527
9257 1145
2157 9880
9891 712
3622 7372
1834 9839
1797 2426
7236 5680
9822 3972
9296 5942
5162 7569
1435 4716
2962 1381
1468 6905
3064 2905
551 6416
5329 9799
1456 752
64 4524
4120 3107
6454 4116
3533 6428
4376 4754
4113 3445
2628 9232
6856 9638
1523 4144
2415 2561
123 924
7593 2462
2706 7233
6521 8196
3916 5229
2576 7567
8334 770
8312 7308
8936 5237
7904 1744
924 9857
3577 3087
8855 6098
3573 648
234 715
9634 711
983 6931
3469 2303
5606 8430
6949 7797
7307 5419
4648 6595
6057 9037
6770 1976
7856 2715
9057 5064
7578 456
3954 4740
4493 6901
3549 3609
3012 4703
6203 5796
6769 8657
4671 1066
5476 4861
6731 3289
5455 1984
7628 5122
8112 3343
5138 1114
8433 6004
1774 8188
6487 9321
6335 5882
9279 5914
9502 6692
5361 6748
207 685
3747 3587
7336 5158
2515 2988
9329 6475
4458 8452
4200 2289
1447 143
9240 2618
3015 2096
5343 1517
4352 5547
5786 7864
9632 6034
3244 7425
2138 3766
7941 6497
6771 739
4474 1149
4666 2359
7040 5029
3507 941
3030 7732
758 8932
1270 3616
7974 2544
2932 9673
9168 2339
1997 265
3282 5927
2435 5102
3117 9931
2504 2723
9951 6051
540 1425
5008 9303
6458 2181
9126 4265
420 7551
7087 9694
5381 3247
9888 892
8942 7666
8823 3481
4818 8173
6601 7503
394 825
7182 8287
2554 5091
4972 6542
7061 6425
6182 9955
5057 9208
3637 7069
80 9259
5068 3447
8488 6693
8284 2602
5833 269
8674 5358
5496 9491
2962 5476
6999 2707
9354 7811
3021 6177
6232 9267
2398 3453
2339 5365
7339 2603
7993 4015
4984 6765
8853 9925
2714 7760
899 4432
7660 2898
3153 3948
4151 4120
7053 6819
6517 1727
754 5791
1641 4887
9823 6330
1425 8960
790 6201
8409 6486
2766 8228
8994 6327
8519 8549
7715 2776
4454 4106
9898 4175
312 4028
5902 1367
8522 7000
5309 6834
1421 3761
4911 4475
771 9199
8852 3734
3856 1663
8921 4057
8921 454
1988 6473
9492 3124
4389 7683
6895 9595
1117 2216
3334 8094
8091 9871
4059 9993
9029 39
1492 2585
2621 456
1258 6317
3524 1570
8212 6014
2956 510
97 2512
3940 9502
1629 5961
2489 3544
1200 3193
3971 6472
3553 1091
4770 80
9727 9066
2908 1304
2752 7947
746 3008
4005 2003
9000 9746
6987 7929
3069 573
1842 2998
5697 9903
298 4013
1601 7480
7962 5247
6535 9426
226 128
94 1724
9533 1298
7585 6164
5616 3483
2854 4818
5062 8677
3907 4214
3584 8361
7881 1864
6107 1192
5122 4665
8075 4989
7133 1889
1861 7622
960 9052
7409 177
2186 7908
2305 8734
3054 544
4170 873
764 3890
8515 159
8935 3312
4638 9305
1869 2929
3358 2749
1856 6234
207 410
6139 9836
3518 2916
4347 1247
8952 3825
2275 5740
3063 7388
6298 2625
5914 2418
704 2688
1447 3609
1831 1618
7155 7657
9241 5675
4754 2714
8670 3525
2744 6329
8096 436
1664 1368
6569 7307
8283 1816
1851 7095
7673 8799
6741 2224
9795 116
2942 5241
1571 5458
3094 8310
6505 4204
2774 7083
7249 3832
258 2796
2804 669
9395 4897
1371 7919
5538 3420
380 4636
196 5915
3234 1272
9967 8551
4605 1217
994 5616
451 7330
5282 5239
44 8645
4251 8222
5242 2684
8975 4772
6765 8019
7317 1021
3813 8136
8261 4105
7147 7407
9994 8064
812 114
9161 3723
389 7365
6435 4467
4819 661
5567 8355
3806 5275
5369 128
1380 8152
2678 7240
2737 7448
9748 7254
3972 2254
8987 3071
9253 423
1931 8965
3871 2138
179 5915
1769 1475
2583 1036
3167 4189
454 6999
3203 6281
8752 509
1196 9774
648 5962
483 2929
4962 680
6574 5158
1053 1084
7686 4476
7777 1273
1454 7552
804 6437
4449 8860
5762 7208
9286 7138
8360 9112
6645 3199
1468 2680
4172 918
7338 9899
414 5045
4879 8897
1315 4038
8887 8540
1974 9463
1024 2037
1636 4496
5494 6667
8190 6589
7615 7193
6818 1167
9576 5544
2118 4391
9249 6539
475 1580
7929 640
9311 2512
1550 7371
6917 5021
5425 1231
7917 7647
658 2113
2500 3370
9096 69
4122 5735
3769 5003
7408 8271
2657 7216
7544 2228
5286 3107
2438 972
5789 9635
2992 8719
4388 8588
9242 9104
7771 3863
5911 8226
8174 2862
7514 2809
9957 3116
3522 5562
7744 261
2678 4177
492 3977
9427 8242
6569 6942
3203 9936
8660 5052
6294 4689
8745 4686
4368 2218
7454 4071
9594 9130
3810 5229
6438 5683
2145 3929
9877 1269
9062 9059
6821 7438
6640 2721
2549 7755
4079 5464
3699 3845
5108 49
6397 2590
927 1710
6735 6949
3186 4028
4427 969
1912 4290
2183 1506
6135 6527
3216 4185
5626 2901
6810 3470
6573 2808
8654 9120
6875 2982
3558 3195
5971 7527
527 4642
4521 4364
5961 5949
1921 5022
3333 4439
4760 2414
1378 1270
1725 7655
5563 4345
9435 4342
4801 9301
5447 7833
4733 2732
1328 9081
8708 4904
2944 4920
6203 3894
8285 1797
6015 1223
2645 1823
2016 6683
4475 8047
2845 4124
6348 4724
2917 9612
9769 8211
7245 2844
4149 7225
3348 5296
3513 8656
8124 6139
9338 1938
5901 3930
35 1002
7614 5179
1954 4278
6039 1234
8668 3609
4555 7867
9320 2907
3844 799
5565 7628
9138 2811
4262 5314
3221 1249
422 8244
1504 2299
4113 6628
4913 3910
7839 8767
6291 2753
5056 3369
778 1164
4402 6812
218 6976
6894 9673
6378 1872
434 6187
9748 6771
3971 7306
5072 9948
1679 2410
1047 8502
8046 9794
606 6321
5541 147
6959 1271
4363 7173
1369 5735
9525 148
1678 1761
2699 5218
37 2274
3130 1334
6805 723
27 4167
864 3068
7875 2705
9141 8866
6810 8380
3717 2190
1849 2829
985 9080
6408 1310
4330 8979
4840 2311
6094 602
7571 6473
6238 9905
7417 8279
4281 2686
532 1011
1106 4685
1389 4560
4419 2236
4218 6427
227 7794
3651 8001
2779 4042
8737 6933
1110 5800
9484 6033
2780 8501
5277 9814
9825 4478
7487 5303
7710 7157
3496 8025
9975 8255
2793 9717
3763 471
5571 5151
8175 7830
9418 7688
9844 8760
3424 6389
7268 7120
260 7685
5110 1634
662 6046
9612 3579
9917 4467
8774 1694
5185 73
4600 3767
9336 913
3873 5587
7105 417
2186 8696
5826 9037
6715 6277
6972 248
6868 3465
5853 5035
7668 6436
281 7966
5352 1342
2809 1427
933 1452
8199 4768
2123 6381
2707 2241
6221 5093
4682 1701
8625 383
2141 4546
5657 9543
4807 998
8221 5719
9938 3837
5270 6641
6120 3939
5512 2581
4529 4001
7711 7425
9679 5421
624 7328
6838 5940
5288 7517
3662 7961
4129 9178
5778 2535
5411 1246
2793 2795
5423 9025
4759 6870
7504 9709
842 1349
8058 5319
2784 2586
7870 9650
2870 4486
9218 7015
5370 2656
3425 6512
8133 4175
9582 9237
865 2330
987 3672
8471 5562
4411 624
7171 16
965 9180
4297 1470
5612 9345
1346 2112
4635 2352
6797 9245
5241 7697
5246 3628
8903 5583
1134 3305
9966 7899
6146 4058
5468 2639
4659 6836
1153 5117
2144 7117
2746 357
4443 976
8375 5803
2306 368
6519 4032
3351 4317
6679 1249
1130 8638
9812 8163
8612 8127
3095 7354
2359 8541
2942 6266
5724 9884
3090 3581
8317 673
4700 1678
1081 7881
1394 6302
791 4018
3316 3792
1002 8268
6123 4783
4610 1423
8670 4938
4093 6876
7044 889
2962 261
9911 3264
1429 3646
7721 9066
8853 792
2595 1095
515 9509
3937 6808
7955 6770
8171 7499
7599 7454
3935 6817
5605 7474
6185 5098
5851 5712
4896 5421
954 3409
4100 8262
1816 5421
4098 3311
5870 1820
1768 828
2290 6256
3348 9408
5164 6087
3366 3851
808 8805
2217 3149
4088 3090
1348 3372
5984 1145
5101 8521
5160 5511
467 7611
375 2348
6169 4103
285 7081
2272 6924
233 6317
7210 4612
1739 5241
2021 4866
5009 8308
7824 7160
2576 1760
6883 4681
9216 4009
4178 2226
7425 9485
7432 4084
894 2856
9555 4619
880 7157
9287 5361
7832 2767
5651 2749
551 2584
3751 5919
8311 3380
7438 7571
1830 2635
6132 8949
2962 8799
4334 8696
9165 9873
1387 9696
9658 4918
9886 5870
1353 6293
5470 9542
1102 9568
4527 5138
6449 4804
4892 7088
4120 5267
2366 3904
9572 97
495 4225
1189 6069
2784 4967
2560 8624
6156 8119
8821 5988
5411 4189
8089 153
1133 8227
9633 7700
7997 9816
5680 739
2047 4936
6157 7397
713 3744
6939 8030
2348 5632
729 2101
8250 457
939 5073
1257 7561
7923 532
8115 3954
4422 6937
703 4067
1735 6777
1602 3631
4884 207
7985 9625
2090 1439
6314 4395
5736 7888
5303 2908
7993 5658
4729 2936
8239 3297
2057 9201
6548 8027
8227 5546
1480 5818
856 6929
6411 8538
8325 1151
5694 5875
7670 1800
5327 5977
6814 6823
1327 6904
6793 9170
9540 4941
707 9268
3925 6891
3916 6358
4111 6674
232 5598
9318 6071
5138 1957
6772 1910
1176 3590
3393 9618
5476 6805
3079 3070
2158 4273
6086 1223
8369 2435
6115 6471
9945 6621
1104 9724
2108 1336
2381 7040
9299 7390
5111 9143
6355 9499
7965 9068
4984 8612
7893 9357
8315 9938
6691 3248
1398 9366
6961 3678
958 5694
2655 8105
835 4258
3357 6369
9351 3002
2957 5695
9231 1288
6914 4104
2182 3852
71 1975
2198 7909
4614 6642
9608 164
1813 7994
6398 3340
1769 9928
1483 9350
8232 6968
3994 7647
279 8588
5945 5668
3707 6363
73 6883
2457 2848
3157 198
6771 3090
5707 6836
7708 3377
5781 8034
7452 6123
6416 4741
2724 9962
8534 5070
1064 31
4882 138
579 3557
2611 7681
3330 303
3572 2089
5056 8582
2853 7283
4991 6242
3392 5323
2087 3757
5596 6770
1325 1900
9123 8436
2479 211
3979 8849
55 7034
9547 5399
8284 6768
2274 1100
9211 5487
3275 1050
1688 1539
2681 8234
1288 7646
7937 9878
492 3426
6412 6946
6307 6443
3745 6428
4977 7867
2871 8309
1207 4035
2595 6786
5348 9528
8445 4586
5510 167
3154 3295
8051 807
2835 9851
4557 506
3686 8038
5919 3584
5654 3243
1764 3292
2545 4112
5619 2067
7344 5408
6793 7400
1608 9537
5609 778
4089 894
6049 6600
8214 7452
9101 1010
7473 1099
2062 6522
5403 2487
4654 4786
8878 9890
1184 8201
5826 2622
9821 8280
3899 8318
8238 2773
66 1210
5375 1980
4531 9620
7649 7238
8138 6778
4395 9411
1463 4032
6553 1391
6689 5768
7217 6782
5676 2256
8326 2729
2194 6337
1779 9298
5371 4406
9234 389
2147 9220
4996 9207
4318 9510
4858 3109
4195 5241
7505 7869
6706 6474
1259 3895
8886 8783
7159 5624
5570 270
557 9546
1482 6022
9738 5680
6559 7268
8448 3073
2321 3413
9246 5974
9686 3085
6286 251
1918 9490
4666 1425
2527 7532
503 6801
6273 1738
9207 5361
3765 6714
563 8701
8073 8764
682 7182
2226 12
2292 477
3662 3518
9021 8997
1642 1093
2588 187
9468 6995
6489 7811
7023 3602
7257 2686
286 3267
7272 3663
4838 4100
8246 3667
6150 5925
6890 7914
16 7537
1649 9492
42 5694
6646 5341
8035 4703
3176 9650
6686 8014
7837 557
5205 4271
6408 7383
3297 9848
3998 1244
6431 4117
9782 93
9673 5599
4433 6975
9008 8728
8113 3950
821 5797
8479 8235
7025 8746
2041 953
2636 5416
3480 1549
2239 9664
2886 6921
6875 2094
5182 4459
8116 8330
798 536
9234 5371
8449 848
5012 232
1485 4815
6326 2002
5169 9968
7649 213
670 420
1153 9502
911 573
7386 3435
8505 8298
5247 4222
6431 7226
3798 5064
8129 4638
3998 6585
9380 3801
9401 532
9085 9903
4527 1715
3452 1759
9411 8703
5210 9425
6193 8157
1109 8580
3589 2351
1790 3296
218 5737
4814 2062
8873 4148
2870 5874
1111 1697
1419 9551
686 3217
5790 9850
4919 236
9468 4814
2721 9461
4632 1034
2973 5137
9253 7348
9661 596
3740 2286
4046 9140
8885 7335
6861 7672
6377 7049
595 6345
2709 8579
9458 5246
1164 3310
5075 274
3481 9244
7707 9014
3570 8746
7556 4699
4755 3186
350 8652
1638 8365
3221 6676
3913 2640
9314 3351
7336 140
2956 6306
6257 3971
8353 2734
73 7732
2006 5706
5062 9163
1309 9027
5337 1921
3645 3658
1728 1273
7699 8346
6799 926
5589 7172
7358 6652
7411 8083
1172 9715
2238 9154
9055 9942
2209 547
3731 968
2558 8695
7274 5237
7174 4421
549 5858
8250 3043
3904 212
3428 6843
213 6195
7175 8009
8682 7900
1815 9743
2782 4363
9783 7736
2867 6194
5303 5597
7625 1051
3103 6634
4618 9441
6787 7810
4240 5956
1553 5066
5184 3750
7416 5840
2912 5824
7265 4923
4869 8491
8714 2396
5295 2286
6870 9889
9396 796
1844 8530
5986 1708
1688 1839
5156 7091
7805 4091
3805 8904
5642 1222
5240 7536
7010 4700
6889 8101
608 6034
988 6779
8718 152
9970 8923
3315 8258
3433 1110
9551 3660
4247 7110
5303 992
2908 7945
5244 8342
7018 846
4074 4903
5638 6174
3322 3950
3385 8856
9472 2470
4002 4926
5892 2268
4570 5260
7407 879
5555 1264
5191 5526
7709 8692
2187 6594
3152 8773
8912 124
3319 2723
4413 2382
7602 1453
6186 1804
8608 6385
2633 8377
6191 9503
7581 4112
7888 6848
2947 3533
7691 403
3427 9118
5645 4573
7694 9180
7273 3038
6771 8628
1573 9352
3101 2013
2540 2931
9371 4597
1480 2879
3653 2286
8363 16
6419 3039
5711 3943
9499 4108
1554 8222
5907 4499
5599 6031
4559 1056
8834 2691
5215 8828
8681 3917
1402 4281
59 839
3806 5688
6592 3681
459 3327
2598 8276
2469 7064
7780 3126
5348 4961
149 5053
7320 9496
8957 6231
5903 7259
1643 6990
8254 9572
7155 2282
1514 3190
2421 6008
978 8594
6846 2829
8846 6682
8786 5141
6324 4787
3446 4884
7181 6335
829 8583
8819 2865
3456 333
9448 2786
5923 8920
7199 2902
8531 9798
4743 6473
7649 3498
6438 3430
1279 6499
3316 4000
270 9079
4809 6348
687 1690
7686 2584
6458 2495
8424 234
3861 3400
6640 5106
9973 805
8448 4653
8186 4609
9355 1323
1480 7097
3925 4164
3647 567
3748 1557
1001 1605
6361 6752
3849 6150
7071 2932
2355 8588
4492 5945
5213 5014
1186 4754
44 8740
5428 7434
6200 2495
2668 9420
5768 1245
1706 31
8380 5116
8636 6996
1308 597
6270 6793
717 986
2993 6382
101 4853
6863 9686
289 1703
7245 4291
5497 3265
8375 1736
6222 2198
5117 4546
1190 392
6823 6372
8055 8941
8919 4717
5234 7711
3619 2417
1248 7055
5721 918
2912 4487
2505 3465
8599 9376
3196 5678
4360 4166
230 7552
1250 1109
251 7604
2811 8452
6142 393
2768 3996
419 5670
499 6974
7107 7283
1545 4139
8862 5568
3834 3644
3264 2000
8186 1321
4174 7457
9420 5191
5847 4186
1082 2797
9223 9051
2718 4796
9487 2913
2566 95
2948 8318
8993 1184
5842 2966
780 8340
9610 5804
2273 1814
7217 6431
8971 59
1970 2588
6834 9950
7047 2724
5475 746
5368 935
7819 3736
2227 4564
9833 1039
3796 9844
4839 3910
888 4048
2766 5987
751 2759
7969 4106
9837 6512
2490 3928
9194 3775
8288 4616
4845 775
3801 7895
6439 5813
4209 3449
9767 9569
9698 4359
2530 9211
5839 8595
314 3131
3683 431
8565 6732
4173 1574
4711 9120
6742 4028
2098 9680
767 8444
5232 334
5451 938
4463 8375
8120 1734
5482 9578
455 5161
1932 9128
2053 3464
7646 8000
2792 1717
973 852
7919 4148
4734 4214
7710 9379
3793 9307
1757 1176
7728 2046
7937 4120
162 485
3284 4198
5842 6464
8649 8260
4540 8683
6491 5400
7976 3410
7846 4814
4557 9812
6200 6634
6178 81
7250 2214
3591 6452
6201 952
4788 7700
4315 1697
2425 110
9148 1731
8901 26
3162 7150
8467 9736
3453 8210
2521 5826
2176 8741
9595 4621
78 5016
3539 9517
4048 5981
1917 6589
299 2241
6487 9957
5384 7916
7228 6119
2170 7055
6861 9186
4746 9158
841 3556
1617 7002
3217 6560
7699 8573
1139 7536
5163 2449
4287 9069
1099 4072
5543 4000
7987 6316
4385 2568
9992 8441
3769 3608
188 3428
5864 3938
9821 6008
2223 6507
685 8552
8804 5665
3084 2963
9832 9157
7668 3879
4756 495
1524 1378
4161 9870
8010 4991
7460 5392
4462 8020
3305 7366
7590 606
4514 9642
653 9436
6833 7518
8750 1112
9883 5080
5974 6380
5512 9421
7853 7385
3818 9988
6307 1542
514 3287
4110 348
5622 7703
3369 6578
8871 9512
1583 839
8502 331
4807 1795
8142 5141
7034 4554
3516 520
7763 2647
1706 8239
8295 7477
7438 1120
6953 9441
9637 1653
6344 5248
8296 7580
2967 3795
6721 4051
5050 1150
1946 526
4321 8816
5437 7204
9109 6875
7361 1809
2383 6309
5369 7817
2619 8999
1093 9065
2353 9615
1928 2724
8038 9212
8750 8338
6014 2697
4232 9461
9544 1049
6625 424
8681 4788
1638 5697
9180 5485
6028 3168
7622 3718
1012 4557
3515 7467
6822 3330
2032 8678
5258 6037
9265 6612
8095 358
8079 2020
7131 4186
4183 8970
1565 4440
5005 38
79 969
4453 594
7284 6056
6723 740
2442 3907
2016 835
6928 5118
662 7284
9950 7968
2604 9574
6736 8587
2644 2892
9205 8247
5410 5006
2521 7430
3378 4381
4238 9646
7954 9433
9818 2445
6142 1883
9775 7872
3194 6735
6683 5271
4520 7297
6001 8336
7561 9180
3988 7936
1097 981
5286 3073
9617 2341
5810 9669
904 7048
8120 7530
1973 9147
5306 3196
6575 34
1751 7791
4743 3677
329 4214
1004 2586
5738 6178
965 766
4809 1982
3293 1632
6702 6502
8098 7617
5770 2420
7870 10
7174 1811
2552 7339
9432 7680
1681 7194
7045 3490
5338 152
6725 4844
2924 7513
2577 9331
9954 386
4819 3452
8385 8975
1650 7981
6672 7568
6515 2220
2752 7183
568 2357
5698 5112
4040 1178
6493 3804
9414 1094
5220 8361
5063 6898
4469 7906
2067 5497
6858 888
4633 6291
7658 8395
2582 735
3346 7141
352 6403
1762 5248
5750 538
3028 6437
1060 3893
4217 484
7722 3710
1534 2213
2536 909
7078 6290
7194 7135
6652 5292
4694 70
5314 3839
2929 4551
2569 1867
6749 9261
4548 3626
5488 3665
2731 8202
7117 1201
7641 9014
198 5992
9078 1111
3929 8509
525 5455
7424 3676
3061 1897
3664 6196
7268 9141
9177 6306
4860 5848
5444 6100
2186 6698
1806 5166
1953 495
7217 183
5699 5987
8155 138
5967 2564
6120 592
9210 6529
8710 8073
4374 4740
1518 2076
3129 5631
9613 9545
8949 9656
7111 2840
5210 9197
6507 9777
2466 6540
4039 5139
7060 409
574 6274
3066 5485
5667 1031
6000 1432
7907 9624
7320 5952
1238 9586
3290 7777
8536 4104
9634 5482
3570 1097
2829 7444
3243 4377
4116 5477
8683 326
1084 8070
6933 2614
1835 3234
4405 6831
1462 6500
4543 6172
1261 5241
2437 7071
5495 4068
2477 2313
2090 4288
7368 642
8357 1553
40 1757
4420 8652
1772 2750
9550 7254
1185 9149
8770 4465
714 9103
9849 4114
4035 7331
4949 9074
1957 2225
6584 8444
1802 7988
9855 4092
136 233
8540 297
5303 8438
8878 9712
9962 196
5402 8321
685 8954
1979 4388
264 3156
3550 4631
413 5570
547 9059
1841 791
5556 6172
3627 5592
8491 7080
9689 9672
624 3021
1732 3866
1123 1593
6733 6797
9313 4972
6849 362
2247 1231
2634 4762
7048 7341
6915 4232
2363 8286
1881 2442
5681 9274
8581 3116
6497 2601
845 7489
4383 8344
9176 4317
9582 5260
9812 1227
2821 6370
74 9482
2436 8
4010 3672
1295 4256
7090 6053
6837 5800
8118 1966
6875 6402
5807 8045
8394 1582
3459 372
4677 9416
5659 940
4968 3853
8214 9336
6490 4763
1646 6520
4435 5763
647 8657
6318 2363
9234 5292
3114 2133
2083 3705
377 7730
2421 4444
9054 8016
6317 4173
1541 3054
6771 1618
3565 9315
5965 5949
8029 4118
5253 8915
6503 1943
8258 219
5291 8258
3279 9448
4021 5117
593 8489
3593 6046
4445 4576
2307 7764
8438 8691
5782 9251
8942 8355
2048 9659
2818 249
7101 6277
6110 6241
3214 2913
6070 9797
6796 2328
7512 7137
2675 2276
3933 6789
8829 3866
1359 2852
7701 5579
3780 4167
2012 8724
3373 9951
5643 5558
7706 9192
537 2638
2199 8421
291 1441
7445 8146
1322 439
6890 2130
9242 4853
5946 291
2188 6334
9362 4691
4383 7452
3658 5977
3499 4548
1565 4619
4043 1200
503 3555
3052 3905
2027 8661
7065 6996
7679 9390
819 6956
6915 7969
4211 7712
7899 2225
848 1599
1303 1008
4838 26
9033 3776
8345 4102
4046 7673
9140 2842
6460 293
1392 8950
7324 7681
7794 5666
3633 3087
4629 2335
2184 5317
3470 9691
3703 2125
2195 4321
2100 5900
8070 7814
7390 2974
7471 7475
4133 5933
7306 5556
785 2701
1748 8539
8611 5641
3059 1528
1636 4620
8624 5063
7078 571
3724 6201
3107 8704
3774 9543
6492 8753
8015 8881
8283 4879
2890 260
4676 7572
5427 9632
9183 4041
6038 8241
9734 5097
7325 7780
918 6281
9441 4005
9663 2911
8622 5577
3955 2144
895 2462
5198 5088
6674 1331
6877 7770
9701 4749
6743 7293
7410 8608
1119 8517
9331 8467
7120 3527
6788 1285
3684 9408
5335 4761
5375 9598
2213 1060
1881 9180
5494 7180
2834 3763
5443 847
1432 4601
7547 3503
8100 7986
9355 6923
2256 6571
3223 8277
9559 6211
5785 4786
9220 8085
7615 9343
1408 7843
9077 2519
2215 334
721 9014
2021 381
495 1597
4187 2915
8268 6682
6820 9768
946 6474
2986 5239
1406 5273
8003 5298
9604 5574
1765 4152
9547 701
9258 6514
7296 1609
230 8377
130 26
4345 5785
8436 7926
3005 4472
2567 2859
7927 4801
9653 6457
6940 5728
2106 4873
8459 3251
736 5658
1884 7482
2037 9607
7615 2545
5438 1048
2950 3558
4195 3370
3851 5367
3802 7079
7591 6114
7332 7931
8155 7280
3485 4108
2132 6358
5486 8717
7899 5287
788 3389
1141 149
4908 9672
7170 9819
1510 4207
17 7706
7822 1230
2988 8356
489 6766
1399 9445
9771 578
7887 4329
6461 6440
6756 9900
8152 4473
7776 2484
1477 7528
1962 2790
4749 3773
6034 6391
6934 8200
4014 827
3573 2518
5706 3232
6339 9386
6091 2366
5938 5340
8717 7299
6222 8022
3390 5246
173 7776
9179 1534
908 8180
2882 8563
3670 9755
4875 7558
6325 4392
6803 1180
3006 6208
1445 4265
9985 9954
3353 6634
3876 1759
9390 6470
2885 7232
5469 6463
4885 4189
3654 9505
627 9553
5217 1043
9915 5520
6443 6569
3567 271
1011 6454
3291 6391
2378 1936
882 5877
1266 6371
4244 926
7297 8363
7575 909
4923 8216
1772 1482
3351 5963
3202 7806
4037 9902
6810 5979
2623 7910
2674 9760
5193 9515
8915 6432
7220 7550
7682 1003
5483 5908
4886 8468
9712 9581
606 7770
1461 2985
9631 9915
6295 9978
9853 1575
5336 4792
8997 3000
7836 156
814 2086
9403 4052
3554 1719
3476 2109
6408 8345
9371 3196
7717 4290
6893 323
2566 1055
4092 7120
8930 8778
4705 1241
5894 8188
7898 1370
2219 9954
1105 8623
4357 2831
6135 1035
9674 5787
6778 1393
7749 7140
5974 5505
9142 9831
2565 2542
3607 6040
5924 2125
8959 5295
9116 8033
424 7163
3195 95
2480 2423
8962 2906
9968 3651
3860 5847
2355 8900
7190 8637
8157 1702
6137 3177
5747 9808
6717 4921
7937 2567
6727 8623
5076 8173
4360 6757
4539 5898
5259 555
7453 2473
8519 4021
1683 161
2014 9022
5791 808
8624 8952
805 8845
7868 5179
6605 5088
5745 419
5545 8896
1821 197
5244 8680
173 1784
25 9209
9111 6889
7971 9741
8059 4260
4156 8185
7132 1301
9639 3476
7317 8707
8980 6993
6176 3177
6294 4845
6368 5415
3969 3593
3834 4921
7278 7253
4531 9406
6692 3750
3255 7857
9457 2424
2560 7052
2790 8225
1876 1217
5652 9
2971 3582
7945 4755
3388 9002
8172 4013
4724 5132
824 5295
2697 1890
9836 4748
143 5235
64 4137
7754 2140
6828 433
7835 9236
6998 2685
9752 1246
4419 5823
9626 7976
7388 3871
6713 6188
264 9374
8727 5196
9513 1882
9937 9121
1526 7194
4884 7942
3799 6372
7141 5978
3359 7229
8663 8637
5736 8585
7380 4907
8290 9759
5675 5935
7417 1909
4010 1856
8770 4148
4300 4325
9846 6395
1058 7130
3984 9249
5246 2967
5554 7847
4112 7823
7811 7920
4550 3884
7186 2586
1301 2321
3642 8317
4492 8442
7457 7281
6049 6284
1192 1334
8984 9221
8506 7686
5442 6117
8074 9710
8813 3620
2079 3071
9743 664
467 979
5304 9654
202 5238
4697 5746
1857 7179
3771 6223
5278 9020
5970 4660
532 5285
9295 1101
9366 3672
4543 4963
3030 4759
6697 2060
7690 1690
2208 3088
9996 3839
4047 907
6659 5509
3879 3313
6093 3191
6037 7739
5141 9590
8876 330
9345 6488
2563 8254
3046 1967
9739 6609
2 8608
8030 9178
8009 5329
7712 8262
9045 2397
7801 3119
7620 6962
4056 777
9634 7682
7466 3597
9520 8446
4052 7166
6305 6749
447 9327
8185 9329
8169 8246
5340 5489
183 906
4790 4546
5961 760
7270 2302
9841 6550
2574 9991
446 1339
283 7233
3790 2982
2418 6632
5828 2421
7351 8468
2595 5663
4746 6322
3893 258
5449 4986
1285 5755
6970 8190
1984 1109
7518 7243
5235 3331
9570 9030
7247 2697
4555 5173
9071 1484
9672 9062
7543 562
8291 8206
4984 118
8108 5396
5168 3285
9022 37
5974 3208
6421 5550
7819 2326
7167 8546
3555 6078
545 7430
394 5722
1345 3112
745 6697
9929 6807
7348 2977
1063 2106
8762 1750
5204 6360
8971 3971
9057 7372
461 3001
7922 8532
5466 3677
7370 9326
9122 2550
1830 4732
9397 2796
5082 1384
3649 7752
1695 7856
3955 42
6982 3150
9280 580
8671 6095
8695 3535
547 6685
9164 4274
8223 3346
6965 8453
2026 6937
7259 2653
3260 8778
6467 6973
5505 6780
753 6539
7780 7877
6085 5733
9243 5829
7355 3990
5360 4762
1647 50
5218 7241
7888 2144
5797 196
4812 641
2931 5378
8736 8228
8981 1060
423 8857
5246 5331
8661 7333
2479 3461
5614 7937
8256 4784
5895 7744
2441 762
8625 349
2506 4721
1871 269
4691 1404
6060 972
7650 4964
9501 4010
1916 6654
6210 226
8569 1948
7015 1878
1409 5625
6009 6266
7156 1464
3785 4662
273 4514
7217 5838
738 690
679 5110
5501 9044
4930 556
9073 9621
2258 2132
7825 379
6655 9351
609 6299
5082 9945
5043 3965
5441 7162
5707 8294
668 3691
6452 3460
9215 3565
6611 4799
7983 2296
2700 4988
5945 5329
8356 1594
7939 629
8585 3620
3862 5726
1059 4863
3015 4271
4459 6668
6577 4060
9953 578
666 572
4258 5849
3469 9695
8992 298
4477 9014
8909 6835
8124 2716
5181 1712
4942 168
9427 6169
1794 7169
835 9251
9496 8225
7338 3454
1205 8157
228 9667
8210 1896
6521 6657
8738 9191
1682 3652
292 3766
8939 4818
6222 9876
1780 2960
9004 1572
5978 896
1658 6243
4136 5334
4279 6699
6309 2515
6058 7196
3796 1831
2537 5721
3589 6910
1770 2085
7232 6594
9724 8202
7413 6467
2822 2651
9569 5811
8163 9575
5064 8001
4590 5962
609 9100
982 9242
8284 7395
1962 7639
3794 3613
1468 5519
8128 1541
6952 604
4551 2827
6270 1352
4343 4137
7337 1435
6839 5456
605 4341
4301 1717
6062 3037
7048 4281
4652 5653
8196 2351
9824 6785
9766 4683
6048 4210
1415 9394
1877 3592
7585 9138
730 4167
9748 8291
7948 7022
2213 343
9879 3103
8972 3152
7279 4040
9736 6426
5330 2700
5120 2845
7787 6831
40 7961
4610 1984
5096 7153
4285 4428
56 2792
7133 2032
3119 5773
3134 4628
2539 5334
5788 5595
6315 1415
9126 3236
2350 7050
2498 1447
3405 8739
