1006 1006
793 335
31 650
280 803
462 503
234 365
567 964
385 443
191 697
600 677
390 88
791 634
303 818
253 731
76 85
275 158
390 729
803 650
158 758
399 325
370 110
94 6
966 316
456 369
780 277
105 136
90 192
442 460
571 569
525 418
106 27
92 363
568 96
612 613
804 333
885 395
13 299
424 398
798 87
743 923
573 927
1002 249
586 534
174 702
390 174
143 276
309 275
505 150
65 172
446 283
432 307
496 802
79 370
258 967
253 739
641 508
609 632
201 469
110 139
312 7
972 406
341 862
636 390
824 883
338 451
343 441
836 844
881 667
998 609
140 308
329 618
971 712
206 491
322 182
988 408
992 327
299 753
712 649
503 991
590 801
249 334
386 288
837 805
403 374
117 955
578 205
607 559
185 699
787 564
28 976
745 473
966 726
215 449
817 299
852 710
71 839
869 815
815 419
690 512
143 649
311 248
259 675
158 733
434 809
387 76
460 613
491 597
411 548
519 946
943 891
709 429
557 38
810 992
369 719
917 832
550 609
654 937
88 112
788 255
674 681
364 171
663 628
46 577
661 694
663 410
991 771
340 989
816 441
109 11
101 265
228 523
765 532
572 595
705 590
227 457
384 401
475 791
696 603
708 513
155 354
26 495
108 303
426 943
985 88
119 852
964 748
146 357
320 352
467 804
212 534
495 357
488 100
449 740
714 464
327 69
308 46
830 728
118 24
870 352
664 112
694 820
169 953
759 250
529 179
566 164
339 574
437 982
474 238
817 415
645 189
191 656
674 443
406 30
756 629
905 203
461 607
440 399
5 722
220 211
286 771
721 829
816 65
592 105
819 893
550 192
375 334
202 469
117 269
687 884
502 541
990 655
321 612
398 626
402 602
117 357
361 866
469 633
177 834
690 723
820 305
941 630
605 87
689 138
321 121
245 313
120 188
383 711
145 524
398 429
611 142
589 393
434 191
499 651
551 711
942 661
954 178
569 171
502 296
144 192
323 863
462 635
55 887
368 975
10 497
140 200
835 394
987 576
518 669
507 419
702 504
426 728
861 455
501 172
85 579
32 815
780 226
300 34
282 231
551 296
173 800
469 580
761 792
785 508
563 524
116 587
117 275
794 557
844 376
556 843
775 43
779 737
452 560
224 436
105 754
850 670
770 254
305 896
34 461
270 357
883 837
90 450
887 121
795 832
243 215
831 756
603 706
360 882
728 625
648 439
170 631
143 804
212 834
212 825
61 584
360 546
288 612
552 173
332 1003
721 300
297 587
274 976
879 527
922 696
835 98
139 986
769 805
422 941
61 284
888 672
130 719
887 136
256 150
729 330
849 254
780 864
693 403
502 146
592 648
276 643
425 385
463 78
649 814
902 788
96 413
528 768
285 712
959 899
378 466
974 500
336 596
3 890
793 868
751 96
749 996
470 651
681 715
367 871
65 815
548 408
224 992
440 845
217 507
275 331
849 291
346 561
592 134
580 873
497 808
352 916
699 781
50 48
102 642
803 857
471 17
128 952
879 162
452 468
1 982
439 208
706 932
136 904
666 310
163 896
956 898
281 96
671 370
257 85
381 681
926 665
170 54
406 641
313 744
717 774
240 440
672 94
721 98
2 219
489 80
136 608
232 532
697 456
10 9
713 352
837 124
881 433
711 136
490 73
235 393
92 749
826 105
106 321
377 903
307 141
392 793
833 772
896 137
657 694
147 71
544 577
9 625
666 169
451 360
740 219
644 767
156 942
422 631
704 454
881 223
89 919
103 144
771 127
604 748
394 360
987 440
323 811
144 254
284 661
87 255
567 616
615 739
623 292
798 964
708 28
869 868
675 897
309 211
531 622
522 194
766 402
303 662
56 803
920 813
978 246
507 396
116 247
512 654
609 73
541 911
1002 13
370 957
325 136
397 882
860 583
431 375
560 700
177 782
483 978
789 75
18 602
70 15
269 221
41 945
62 972
809 408
519 294
644 730
514 786
426 434
719 412
85 656
550 551
631 157
285 86
318 81
524 944
209 998
828 160
550 335
401 601
650 782
855 666
698 659
68 318
716 448
748 977
867 245
60 251
89 947
445 119
465 627
624 57
317 683
760 674
759 180
123 13
725 141
719 12
168 509
976 356
536 530
802 843
739 266
171 381
130 768
800 895
276 751
908 121
790 922
31 344
827 440
279 537
66 270
730 999
591 643
79 509
467 524
369 57
512 880
581 171
377 162
262 792
106 916
588 691
741 119
234 759
522 3
46 880
884 13
251 48
484 373
393 943
154 184
954 984
879 37
567 823
936 732
759 672
430 230
330 255
427 938
738 328
278 846
80 586
382 123
515 690
924 54
184 229
824 529
1005 48
977 411
71 899
477 887
290 793
866 319
336 89
567 468
9 378
206 299
578 804
312 758
638 249
476 378
606 996
506 792
795 201
751 923
560 779
816 252
155 7
955 420
25 239
555 355
652 860
711 899
10 974
344 2
778 674
386 870
756 745
315 107
211 543
244 430
504 985
62 996
146 729
287 96
45 944
238 919
866 533
423 718
918 382
470 998
766 87
595 98
518 137
653 840
404 77
607 582
64 446
679 988
134 243
299 268
872 323
949 821
403 718
852 754
335 326
464 279
240 77
967 208
140 799
789 599
112 160
109 169
461 478
322 417
124 549
367 988
789 213
463 316
475 272
873 123
93 162
827 703
312 847
722 714
618 42
221 856
878 336
152 94
729 255
992 365
406 526
51 694
307 267
840 179
32 975
415 876
464 570
767 564
256 97
474 105
824 813
144 125
13 64
851 800
228 134
203 844
411 382
703 646
961 661
87 597
601 266
940 833
77 23
67 203
925 662
455 829
132 95
927 868
850 829
340 126
44 965
473 52
173 947
588 444
842 742
405 509
31 392
700 437
177 363
220 931
192 282
287 457
905 153
36 629
635 632
252 663
303 511
422 904
564 491
63 90
287 393
141 430
205 659
906 817
539 256
646 822
557 814
20 392
801 731
368 492
558 801
497 353
935 580
515 330
398 277
185 27
327 612
225 31
918 831
798 288
60 829
484 543
367 786
599 239
998 164
103 254
673 247
273 547
836 811
940 755
58 783
971 225
590 867
817 398
364 958
860 866
178 181
243 607
326 826
756 715
368 936
606 29
721 718
361 971
582 578
146 577
972 193
857 830
903 994
505 556
317 180
503 39
93 58
239 617
225 21
540 490
1 340
940 629
207 826
134 349
735 182
941 822
865 890
332 61
23 152
601 722
940 146
793 114
867 539
882 374
984 75
383 722
965 679
406 601
104 345
310 331
140 1000
162 750
972 448
811 655
984 499
665 325
179 725
992 576
711 911
952 629
806 366
229 682
604 835
180 388
315 752
706 302
131 182
747 2
972 719
972 587
401 872
790 989
582 34
187 617
326 944
829 991
627 227
655 580
107 960
509 145
340 764
80 244
356 1006
328 172
652 907
987 91
842 726
687 655
747 908
344 458
12 272
215 256
710 70
359 263
806 111
738 2
50 396
449 751
430 993
171 906
424 505
903 388
360 560
385 104
849 491
808 885
592 667
777 704
231 167
463 76
819 867
35 302
21 327
268 975
108 76
351 175
910 385
165 750
77 561
965 920
1002 96
347 609
629 915
495 722
32 442
966 670
169 622
912 445
161 55
104 340
211 998
195 420
714 568
740 948
748 554
272 677
289 305
244 99
51 403
586 563
861 503
158 56
370 4
438 90
302 844
678 641
615 492
205 100
27 212
175 654
299 1001
84 485
865 119
316 804
408 483
501 917
677 272
94 658
558 397
190 380
907 391
379 192
457 46
270 451
477 270
232 858
276 578
64 155
771 714
684 100
88 685
353 828
555 424
995 775
604 233
567 63
861 397
839 536
429 989
549 704
888 959
487 587
903 242
488 307
81 405
925 875
732 36
515 585
923 530
820 586
694 636
151 124
973 776
460 178
972 172
996 217
828 198
130 44
434 81
700 446
207 843
643 152
855 610
265 328
933 745
937 827
69 90
398 570
407 566
334 878
283 533
470 940
895 13
806 718
639 602
536 801
430 116
425 154
152 581
603 597
777 988
963 103
948 109
577 799
104 805
293 889
549 902
353 899
421 271
393 671
498 586
624 485
39 177
283 413
148 634
624 698
711 412
40 406
911 901
340 708
244 51
764 487
943 276
919 382
21 346
838 813
311 319
288 864
504 879
713 702
101 996
890 234
138 308
998 762
454 793
846 329
276 747
427 620
662 92
193 453
217 936
844 417
759 497
778 529
889 383
841 58
528 811
163 68
319 727
519 414
139 800
872 537
901 583
30 178
198 897
853 206
858 60
256 34
468 52
941 370
722 204
281 378
844 476
518 407
651 946
127 698
32 248
382 501
609 457
182 984
892 486
601 565
359 353
168 858
916 265
767 851
706 93
292 29
396 51
167 875
586 799
989 220
878 227
663 231
694 212
276 668
420 526
21 886
800 991
786 699
10 486
934 136
663 178
616 821
9 230
259 623
825 966
313 730
991 727
659 282
434 917
386 873
358 471
259 224
478 310
694 534
845 639
407 599
105 8
