100 100
34 28
75 8
69 31
27 34
1 79
79 26
44 38
71 22
35 44
11 44
68 41
27 70
6 41
69 24
52 90
91 57
47 20
48 49
37 28
67 38
79 94
53 84
10 58
38 96
87 34
69 28
72 45
23 95
88 35
17 48
39 87
93 3
97 19
77 71
3 12
78 79
59 84
1 5
30 20
36 100
8 93
70 56
16 85
73 82
34 11
100 66
46 40
100 20
70 13
84 42
43 4
77 36
51 81
62 48
1 16
99 21
30 31
74 95
56 4
24 48
73 41
3 55
56 70
24 32
77 13
3 73
70 8
58 18
4 17
19 81
65 14
29 3
48 16
69 48
85 53
97 36
72 46
73 100
58 41
65 34
38 17
38 35
6 30
35 100
82 41
44 66
35 63
40 62
79 38
69 79
35 56
57 53
8 87
51 30
50 41
27 57
30 53
52 22
63 4
81 12
