26463 4564
2556 5255
22965 22483
22458 23061
12115 2411
2320 12626
11197 24206
19172 7907
173 8033
5993 9652
7765 9343
3089 4851
1890 11846
18317 4503
4114 15347
15050 19887
26220 15060
18695 25854
1464 16024
8630 12647
13226 2478
23090 11753
291 20713
15186 15726
13278 12876
10600 8796
12827 12940
24212 14603
23223 9430
10245 10554
26225 16343
25800 13427
25329 26228
20187 13864
19390 13849
17952 25666
9561 2539
22453 17999
21454 10530
252 23759
2594 7882
7123 8011
11857 15742
9726 15444
2316 22692
24914 13828
22967 22650
26460 7206
21230 10642
12117 5201
17652 21060
9756 16140
17889 12930
18694 16067
22103 24567
12054 10285
6629 7475
23498 12114
16138 6500
21486 11687
11319 21027
15283 16194
24803 11107
18625 24604
13688 23189
2678 11789
23992 9653
2348 16084
6963 15084
16560 10775
10374 5163
18554 19821
12114 18265
14496 1670
1452 2328
1950 9515
2365 26381
21551 24849
6024 16153
8490 24026
22499 18092
11698 21733
24487 16770
10490 24973
1103 21135
6431 20040
10619 15589
996 4039
19830 10570
16132 18
25065 13485
25252 26143
17071 19779
1473 3146
16181 16763
5554 14290
21987 19759
9681 22624
2824 2435
7479 1508
7096 5791
24457 2490
15168 19833
13575 16909
4247 23149
8326 9486
2284 20134
1651 18235
3849 6106
1822 15493
553 26185
398 14413
23017 10
5628 7679
15062 19442
9999 18705
19545 7440
2731 12308
4391 15056
25910 21654
13104 10435
7162 11636
8593 24998
24295 7308
3737 4360
13175 2013
19530 19591
21723 9482
2509 186
24838 8984
14350 16203
7 10183
700 4777
15754 7511
19086 1498
14490 20155
23507 9938
10288 10707
14636 20358
20696 22218
5114 1163
1502 18233
2136 19682
4108 7390
22486 23126
14957 14702
22069 11812
24757 12442
6625 24613
21242 10871
15730 11211
14428 22660
9000 2354
13348 16694
10311 12044
23242 11854
4717 25146
21503 25437
13353 12199
20039 16211
14914 9083
6692 8429
10211 5806
11428 12414
4597 19604
1503 7998
22056 18824
7763 12247
582 15495
19152 20439
20312 2836
26114 9797
22103 2806
17155 2056
11551 12750
24022 21764
4028 10407
23101 22882
21343 723
26371 1353
17289 19812
7083 9110
24413 17076
11042 23755
9962 16441
10236 1405
22401 513
15422 12155
4728 2007
21735 23320
19523 11428
12506 4756
3429 26299
17764 20715
13794 2385
3225 7544
7131 14635
20242 6568
253 9290
21775 4028
20300 6775
10519 24244
18701 14208
23539 22820
22063 2854
13668 25020
8616 14907
13290 11253
13699 18591
14707 16724
4368 20167
4574 16214
25189 4586
12832 17465
19391 8504
1583 10219
4105 10259
21852 17839
16708 11027
2324 4066
26212 3143
25900 17515
24239 16751
16289 22972
11370 26041
23308 19625
5731 24879
16481 11393
17749 19624
25144 9166
23199 13976
12511 1056
1107 9966
12806 8143
19728 1486
7753 21749
12529 6028
10844 14627
13190 261
23633 9478
13787 6667
1548 7344
11288 13063
17185 20378
14915 7196
5668 15410
13684 10861
6423 11673
21507 3553
12498 17417
13227 25174
24645 25553
5237 11962
145 16006
2630 19920
13137 22248
2012 10373
15706 9568
21322 2604
14357 12683
6942 15090
21237 7484
25454 6474
21132 7956
10422 23241
7648 3503
3999 26433
9340 4254
11798 19405
18582 1703
9765 25451
15764 14878
23185 14055
24540 2612
18384 7051
16343 5020
26033 22896
11054 11296
21098 882
2431 19603
18046 17569
2545 21574
20375 1719
2299 21778
25314 4077
4737 8727
18483 12399
19699 22755
13362 10558
11423 7077
5807 2750
7541 1283
14967 4776
19068 11103
23097 6070
20732 12838
17355 5639
3007 25513
21116 935
7530 14865
24669 21722
3371 20425
778 17652
25537 3044
17944 11897
11462 13871
11690 1126
22522 10341
9207 8433
22492 16060
13931 25096
22538 21131
2617 11219
9731 9076
14372 16616
2605 3517
10769 10237
5118 17472
679 5308
5638 14884
1563 12939
22552 5902
17482 23062
22046 10231
19708 22286
25469 9181
6644 15796
17573 6742
20038 6391
17314 10274
22895 14872
7380 13500
17920 14285
23391 18831
10155 24572
6365 3283
1380 15334
13766 9343
7494 9815
24836 14637
13621 23334
26200 16197
10457 15196
25874 8448
7127 24696
19988 5343
10329 25627
21211 3135
17091 9972
4186 23769
16190 13283
8850 4609
205 17066
23731 3745
12306 24003
14074 12878
4811 16395
19334 15966
18632 16826
10016 14406
26223 21698
18411 24851
13605 23102
12904 21334
5623 23363
26169 10732
2202 10279
16444 8934
3390 10365
10299 18141
23821 12943
8809 24206
4929 3289
3470 2746
1046 2863
8777 7895
22840 15587
3917 11050
5075 4017
4749 5802
13244 4665
13337 17545
25101 18332
7888 15201
25744 2488
13790 1720
14924 25858
480 20015
6156 9575
8090 2763
2040 22416
24010 12851
20678 15566
1413 2512
1703 4337
10771 25836
17639 20291
24293 21770
875 15180
23183 8463
8414 19862
25449 10649
4735 23058
101 18117
3122 23094
24115 9117
26041 7900
1010 7942
2639 17613
6609 1154
17485 22304
4590 24891
25263 24113
7067 4592
2327 5103
12059 2187
3956 11018
13537 20765
22975 2319
12770 7532
15897 9223
25615 18530
5132 24127
15977 12450
26301 25688
17736 7104
25087 2195
14313 9057
1544 12952
14791 23356
1719 18137
2651 19429
19634 8857
14601 16285
5976 4926
3375 11875
22994 2826
18589 23149
11681 16321
9929 9023
11491 16489
12495 12553
19516 1402
7484 343
24618 20003
6291 62
18371 20977
6219 10245
15543 25440
2601 15263
10832 20990
17648 15514
20087 20215
25905 16009
18360 20409
17478 6206
13748 11392
16338 21738
19643 22453
18042 6019
13204 22519
2294 15111
25603 6110
9958 21136
4688 22550
400 4548
24548 22832
23599 24197
21602 10307
25548 19649
3635 5018
14080 20203
9709 22732
383 26452
23001 9115
4117 20748
23354 23117
16615 24383
21957 9717
21270 12048
20303 24570
23636 14321
5055 6887
11745 14018
11654 19907
20394 25740
22127 15906
3911 14263
15268 12826
22379 7002
20692 6186
9677 20829
1903 24652
25264 3238
622 19945
11993 7035
12412 20079
6033 4884
12736 11280
10115 9657
7153 20636
1268 6879
5268 14206
13839 10584
21033 14737
12592 18963
9923 20481
24862 26383
25711 17469
18814 8727
25958 5906
13581 3235
13469 22650
5213 14535
17252 852
3237 23416
20426 11255
13043 3968
25149 24984
10615 5549
621 7827
10133 15717
3684 13667
1381 21021
14163 20214
22508 5812
11323 25377
13083 24048
17959 25596
9786 4269
16073 3517
17302 1240
5460 20010
7345 14511
5518 21937
18348 1959
11707 8864
7524 24950
20287 17634
3628 26311
20499 14515
7336 12067
10489 1393
26358 23673
9861 15323
14626 5836
2893 21023
67 16816
15474 24247
11391 21352
21550 2666
17325 25022
19071 2704
17158 22779
17559 25109
23273 20374
6467 14947
13518 11414
22014 20593
20699 1484
12772 14333
3544 2904
9861 19207
4565 14333
26280 12126
21528 17438
8775 7240
21206 17387
1454 2143
15324 11363
12297 4277
23447 14030
9177 8977
456 5521
443 17862
20301 18592
9815 21162
2787 4618
25441 24653
24689 18224
13568 5794
17 15624
12284 5920
19860 18477
9224 23732
1379 513
26219 12231
24785 22627
17158 10513
18702 14627
15629 19439
8018 24946
19814 690
25459 8836
25798 9434
23935 19567
15088 15594
10620 11131
25721 19422
14587 1428
24890 5381
1798 3242
23060 16451
12527 3139
2327 19950
19692 17028
7544 445
17023 1922
9350 20137
24984 25581
19580 21433
11572 23857
12793 10348
21102 6052
3262 19972
16055 21767
19991 12751
18354 24130
22233 13411
17435 4118
6998 24071
18414 14610
483 9244
24858 1907
23160 18380
7763 2591
13146 529
4713 24123
17935 5981
2008 3173
16893 10479
3721 20073
10139 6189
6900 19483
11461 9207
6049 6516
16411 13710
13415 6840
9036 15781
26341 6721
14672 13521
18578 2002
5229 3336
1636 7767
3790 21753
8250 25309
5374 1359
6633 23834
3926 13428
13555 24118
3625 3786
14243 9737
23853 4315
20396 20276
15988 23146
20605 11639
889 26268
15457 8234
956 9176
10117 21747
19810 18983
9184 3786
25766 14339
5446 3864
15391 17414
7656 7344
6896 13892
24697 3773
12635 20999
10068 17132
11870 11104
24195 8630
11474 24988
7955 26187
2167 5718
23169 15733
1375 17530
7931 20609
8860 13870
20276 4754
20571 20658
20093 13678
23238 8513
21571 5869
20236 3635
18447 4412
26258 9553
22014 19356
5461 17843
12516 23644
18871 5679
20306 21406
13848 4606
8689 1341
7749 25300
2221 16656
10809 11509
3804 7292
7324 24519
16149 217
19728 1809
14839 3323
13653 17756
10771 7461
2568 19509
17546 23645
6791 18097
16159 10618
16297 4661
15269 6699
1579 4622
11015 14997
4783 24056
5995 15948
5030 20895
21826 12632
936 6471
17205 25832
12408 21193
15529 18035
8713 23856
23253 10568
4993 15680
963 12611
2313 19749
14686 24405
6203 8514
19810 15060
5502 1413
18922 11071
16679 24855
11917 13004
5290 24948
24133 8933
21457 2419
22281 465
22860 23972
25287 11729
15125 14131
23732 17256
24022 21259
5771 25257
4196 11027
7283 9942
23948 21984
9657 12182
20444 25410
20726 15562
701 22940
590 441
3228 3402
12449 24097
8468 17012
21057 23129
240 22056
3420 8447
5479 8726
19736 4651
10712 9725
24698 19937
25653 16374
23442 8382
12375 11495
4258 25761
25767 5513
17740 14111
25644 10138
1726 11298
21732 10243
18674 1183
13196 19601
12714 21398
16760 20210
8606 7713
18844 13114
4360 7235
10813 18407
11846 12957
9656 2395
10685 3211
19650 3155
24842 16051
3476 15782
10669 4435
17264 8525
876 2353
10338 2200
16006 1470
463 5073
17862 17748
9065 9166
12793 14902
8736 15492
12968 8338
13782 14184
25691 16607
7712 15694
15057 15141
14063 4898
22135 20660
22096 22426
1768 17343
8358 7812
16681 25551
16739 8788
4197 5492
6474 16610
14055 22192
22638 20988
10617 79
9127 4158
11065 23066
22485 14887
7537 16372
23227 10048
20621 2955
6314 9275
20484 16276
19919 1222
18601 7097
25357 1836
18232 9940
3781 22057
20018 25516
4713 25006
16071 12831
15410 4949
18437 8917
4226 981
25431 3182
2008 10737
2253 12374
7895 18825
11786 18926
4753 18891
5680 26112
14611 1971
17070 414
21775 13829
7547 10499
10180 21518
14851 8633
25679 22653
17951 6435
24693 14220
14830 3326
8022 2772
23569 18765
13307 8311
17917 24952
1490 15362
3404 25611
5520 24963
11686 21849
16992 22164
16136 22588
13301 12554
11942 15130
17126 22918
10308 23100
22781 19063
21431 8664
11634 19938
3183 4408
11651 4486
7553 11225
18204 13009
17292 14584
17083 26259
14004 14107
14585 19602
20554 21164
16083 15118
18581 1066
24012 16459
24459 7236
206 8555
2264 4525
7884 7919
13255 25396
8273 21206
2359 18268
15794 9804
14948 15080
1719 13212
19782 20949
8669 6159
130 4746
20862 7172
13854 1223
7921 6494
21254 18133
15565 12275
2629 1504
16710 1108
18678 9113
19112 2135
21635 828
8665 12052
5758 23541
10775 24799
23809 14005
17634 7765
18542 13804
4135 6036
18938 4615
12592 10763
21251 14573
22005 10834
2840 17121
18800 11704
18371 23721
16821 3577
19650 11465
17508 10285
23535 15315
13779 23243
22681 17389
12773 21922
18370 24924
6262 21883
24567 19174
2279 7555
16846 22594
15284 23121
3413 23025
1646 9714
25530 12576
8052 17489
8321 20441
8579 15632
10945 17002
9239 24538
24505 12145
23986 4935
19902 3436
11601 26432
25953 13618
12743 15110
12166 15098
5277 13387
6832 7488
25103 12624
20972 7178
25298 6304
12838 22846
7801 16097
3953 25900
21282 11010
23136 1057
11778 20322
25600 23787
26355 4329
674 22879
7932 13956
22553 14099
26030 11851
8 9698
25781 3419
15412 11004
4654 25947
14054 16285
26314 13187
17565 22438
2808 2363
16766 3474
20215 22218
19602 20334
1323 141
23238 12072
5151 20602
24916 25342
5048 6366
22474 855
23654 16825
21632 8657
8099 2060
8326 10590
8105 26163
4767 12619
2300 6953
13112 21486
7198 22749
12253 15260
23930 7869
17571 10588
24577 8125
80 4325
16927 22531
6963 1383
12474 32
9537 6803
2130 3509
23312 15669
7721 23055
4576 25776
17084 16364
15150 9404
5401 23787
25275 4082
3046 11846
23135 8016
14996 10020
21673 16278
14740 24732
26343 6583
14408 1893
23528 14134
6985 2984
22355 14097
2626 20156
6259 8213
16230 996
19062 12453
13866 8483
23541 14747
205 5646
19987 4697
20410 18269
4898 16643
4750 8406
12 8369
23906 20321
20206 16404
23450 24916
25610 13349
1087 2241
7277 9284
5460 9850
15035 8900
1605 24798
1695 1194
1816 22129
21258 19912
3603 20817
1549 4932
2658 4688
15044 1666
14226 2760
19095 10307
14988 17721
22290 18518
3937 25766
22520 1224
18651 845
23504 8942
6687 558
6777 17979
21512 19190
3135 17530
26038 23860
3027 6068
11442 12141
11486 18892
11439 22832
10288 17072
6177 4136
9316 21226
12447 20556
11062 7310
23237 25567
4048 16593
22402 9081
23383 20437
7146 6212
1088 24958
26045 1618
24433 13170
25763 2457
23410 26169
5386 17606
2568 5001
24491 12357
19644 1976
1340 6865
11263 26175
21127 4274
9189 3859
2673 13276
7215 10369
9073 1878
23973 24854
18659 24392
6449 20629
8288 6941
4437 9994
3849 15831
17818 25582
6938 20677
23278 25869
24283 3059
12807 9500
22459 16647
25584 14356
3110 20861
18282 2942
11993 19869
20730 25139
24741 8303
1961 3541
22051 15360
5322 21498
21956 6986
16475 8662
17958 7576
9313 19508
21133 1320
4594 7964
25043 18324
15782 2431
1375 25437
15042 2658
18653 22596
5944 15919
22682 10424
7879 13688
2732 13366
4038 6205
7417 17306
18144 12547
10889 3194
10152 4887
12347 18267
11444 15461
10638 6321
10241 19862
11682 23475
12963 22557
13985 3326
14380 23103
5455 4127
5867 24717
13603 23820
2479 25316
24277 14476
11128 22400
9321 14120
20518 19369
7295 3172
4277 10098
20672 21499
22156 18163
2314 20001
19026 19552
6218 25325
25079 18138
19552 12428
36 20995
18316 20853
24757 2137
17379 23567
2726 8196
16798 5091
14249 5888
13188 11276
11624 15369
25749 19775
10666 15028
18049 26287
7854 8504
14778 11979
10596 3443
23244 18363
17599 20717
15004 13899
10626 26066
17696 13825
17924 19956
19255 18742
12226 4219
16770 10627
21206 13597
5137 268
6305 14977
22723 2561
22133 12001
24075 22986
7203 5510
1048 15872
22626 18206
23523 22887
6193 5238
23130 18871
4166 10424
20789 8060
22634 9170
11776 19596
15288 6460
17814 21666
24544 11126
4762 25730
20679 14052
11429 18734
15446 18157
8623 20592
22022 8233
14766 2219
7862 4958
6506 6902
12351 18191
14029 1251
5174 6054
17693 9483
15264 4158
168 9643
19294 4188
16174 12452
2552 12608
571 10442
18954 17595
23302 14265
25229 10712
1973 12486
3724 26155
17996 1118
25406 24000
26173 14193
11551 10824
21247 6408
15532 12310
5294 5826
22215 21995
12708 19553
22699 21550
14994 22992
26154 10653
20081 17521
24671 10161
1316 20740
3819 19747
15733 25546
3191 5397
19476 7584
2109 10582
24529 5238
23254 754
16868 22258
3720 12916
8926 21509
15210 11477
16368 5613
10278 22075
972 17408
9020 4440
24476 5119
26407 9413
18637 2849
4009 15270
4630 7889
25130 18560
12253 21610
19759 25175
10217 23758
2211 19610
18388 13633
12294 9304
21182 24569
9266 8409
14160 1869
6536 8340
16195 22287
2141 2549
10347 20755
8683 7679
2033 392
15426 22599
9524 1879
25378 12776
11090 6426
24315 2253
11497 6521
1707 19820
2721 22722
6998 14902
16947 15511
18741 23592
11653 3650
18206 3951
16473 12702
2013 1847
9430 14151
24350 5136
26018 23429
15138 7041
776 10127
15357 7079
21543 11757
9413 592
13180 24192
8379 14973
17297 10641
13604 25422
429 21688
6718 21534
8090 12246
14100 12906
112 4899
1684 24387
21054 8038
7774 1658
13617 14515
23643 16619
12067 4808
26149 8578
14427 4032
4588 12600
4279 4154
9037 20842
19226 4659
16724 16871
24818 12421
19782 22175
26078 25178
10419 8715
24476 5747
11070 13780
12646 17172
3815 22183
14391 4460
22468 20709
12248 5908
1037 16704
22178 23616
14021 8304
14595 22540
955 18886
3174 315
19276 11197
13689 1006
25118 7056
13210 17021
17833 3422
25439 16416
24271 25879
8766 8571
22165 24356
12066 5378
16836 3498
18959 23800
2022 13248
7260 22239
1965 15374
6143 7432
25029 19815
26302 13523
24348 20994
8498 16749
20348 9466
24835 473
10500 13110
16202 9075
5896 21704
22051 8649
16127 18615
15690 26311
1778 995
6397 17785
21974 23598
18069 16768
24363 6341
14197 7195
2431 13574
14475 17905
22518 13898
12397 22488
22726 15999
18354 17660
12962 19902
21192 19626
7625 24444
5622 23651
12130 26165
6728 6931
21894 5934
12236 26183
9361 10743
13029 13167
2411 15581
14590 26001
25249 16269
26380 15635
21348 23931
6377 10120
22166 18407
15855 11861
15912 1549
17062 13617
26102 4170
10042 12618
17080 1248
3066 22571
5050 8972
22602 11389
5115 21870
6685 15605
7601 15986
10148 22764
25311 24322
10661 8611
4467 11626
1624 5789
20705 24355
1672 2531
19678 12623
25408 3200
6650 13777
17266 16915
13279 3749
24454 18630
16588 13702
1581 22420
4169 12197
14562 13457
22095 22031
5381 16512
15412 3190
18083 9180
13790 12037
11438 5126
5714 21825
18201 25042
17311 23338
10802 22177
3725 3791
7183 1301
3379 36
22940 15855
3230 13791
19545 8193
23181 19036
14204 19755
26072 11474
23214 15686
174 10848
15091 19355
3181 12623
9309 24121
16546 10825
11009 14024
10742 13909
12076 2529
17547 10410
3188 23593
22497 10532
23950 10852
23063 15144
21515 7204
7012 24464
17122 7988
21845 5767
5713 9909
4404 6744
23968 19945
15139 10062
4191 13919
17806 8391
20441 20386
24120 19930
13265 9340
16887 9024
18853 20595
2740 1747
14378 5576
21437 16000
25513 2857
18051 17612
11699 9753
3691 4858
20623 22348
2892 10920
16766 2992
6620 25107
3774 15738
9645 17811
14211 9191
23646 682
1219 11845
1547 4620
1607 17094
4045 13199
19218 21632
22846 20865
11697 25635
7890 8903
24202 10290
9441 5594
13360 19263
25905 12362
11381 9299
21202 18061
990 24072
12945 9901
24003 18339
16904 13929
22957 20063
4408 5150
5738 21615
22879 25364
5776 5103
17865 4518
908 14962
18726 18847
20343 18744
1980 17168
2140 11033
14351 1743
9077 18499
1018 25567
14555 2067
4321 26321
1444 18585
9796 16874
83 12112
73 6140
20076 25310
9273 2195
18527 25956
4679 12968
7647 19819
1346 23037
17277 23335
6044 11189
2148 25382
23187 17608
21511 1675
9814 24921
25326 14469
12220 16527
14123 16904
11442 18448
10854 14980
12 15471
23777 4269
8442 353
11859 4098
16716 15692
17923 26457
178 4657
3252 12987
20543 13297
16900 4667
2442 24144
26383 14071
11989 19111
1460 13875
23059 5795
9632 25554
11308 10231
11724 346
16560 626
688 12492
9974 18987
18671 18888
25149 8950
19541 26355
1827 23876
5175 21743
25257 16971
8504 25933
15728 5348
341 6197
22117 19770
17903 25697
26083 10962
8133 11733
7374 10927
18696 21281
10562 20096
21498 1633
24057 3132
24740 13891
17612 23418
387 14306
14553 6586
24247 5965
5816 26391
21955 10997
2820 10741
22149 25357
16023 808
2781 12476
15314 18958
22069 3407
13719 20732
5165 8610
12328 9249
18918 19789
21463 1382
18780 14980
23961 10748
400 8619
17610 3608
2614 4342
16847 11542
6015 10586
12512 15602
8414 23802
114 3566
4417 26243
5905 21337
12424 6104
15397 19486
480 10979
20724 13322
17222 3877
3914 9556
12889 11387
9833 3569
12762 20737
5201 3464
9323 19039
4866 25580
8687 2842
16269 24110
25941 4848
17799 7415
758 2212
5733 22313
17621 175
6953 8138
4529 22139
9056 3648
12786 2749
9950 21123
20872 25765
25661 12378
4556 4831
19824 12778
5948 16724
19928 20563
9235 23886
11708 21181
26343 10871
22483 7868
52 5289
1603 20819
12316 2341
10635 23971
21921 17778
7346 20003
8656 3650
10396 18176
13440 6921
14972 215
10525 25905
13147 11394
20725 7028
12865 26054
22121 11918
17799 8704
341 9220
14725 4432
9332 8893
10186 5278
615 23423
14667 9823
3356 25902
22804 10110
2146 988
20544 14945
3767 24719
19568 4836
6968 22158
14958 18374
2672 8502
16026 3311
575 15250
9934 16582
12891 20980
1707 25872
21619 18208
5498 4078
19804 16632
3246 3404
6757 3221
1622 12587
8565 13223
22126 5701
3102 10795
23140 15959
9509 2411
22627 11007
25216 15387
12414 23535
18049 13323
4704 2347
14731 1069
13837 14936
18849 4367
24506 3591
968 26063
21980 9210
2427 13100
22046 11370
7746 24645
5283 3637
12612 8589
13647 4869
17916 13058
4932 20412
7453 14300
7690 22120
19998 20002
16042 20409
399 20578
19873 16444
2914 6844
14290 8767
6668 17822
10489 24689
5575 6899
17010 8413
16519 13020
22306 10255
24418 16022
20254 23756
1400 11697
25958 16118
12031 9402
14548 5800
4182 3182
383 16899
2627 12385
9856 12066
9469 2086
12637 17928
16002 14078
23455 25890
5765 15546
23558 24554
10881 12991
23502 13170
500 24394
7447 24060
20534 2612
1896 6164
11497 20844
8536 14835
20712 483
25990 26134
3432 10948
13567 20952
11897 15301
2395 3861
6486 24998
8306 494
15254 5409
11698 14417
12427 6341
4929 21173
5880 3576
20404 26381
11541 15373
1946 1527
11201 6557
17994 15736
9746 4178
19992 22006
7399 18399
13202 2810
19860 7972
3349 7279
9227 15627
10426 25256
18139 6031
6816 17669
21024 11227
15688 947
6837 22567
21970 9007
20778 13646
474 9186
23464 9099
1515 2508
3887 26287
15192 4423
13648 19111
6909 19294
16549 17607
13595 1020
5600 1577
16364 21317
5579 19081
17422 24033
1809 5843
13442 1192
5261 161
1811 8513
4864 4168
6563 19825
19377 25652
24325 8466
16693 10646
5433 11644
14160 23694
26372 17438
26122 20524
14807 24933
18164 15221
10499 1540
6421 13590
11209 24825
20509 7757
5076 6387
12139 23563
7692 9360
17947 15637
24477 23911
16656 12835
9371 4134
2711 9708
25813 6713
10965 15833
13398 10691
13049 21389
9286 4026
16474 22923
24663 16081
10157 6354
15243 4073
10639 7297
4987 18243
19519 17491
21099 24331
961 2084
8241 21207
10061 21549
22553 24207
24965 1750
1718 21688
6235 17413
22165 22670
3268 21532
17297 16696
672 19099
19512 12347
17029 7985
17802 25728
488 21642
12949 20520
4966 14629
19445 9813
5513 20397
16750 11459
20815 15797
11207 19539
21704 15370
12402 2860
15811 12263
3590 25869
7948 8503
1299 14916
9249 3362
26451 6978
2784 23819
5434 10044
17138 9963
3586 21963
26267 17069
9563 22397
12120 20143
2104 10096
4518 11506
11958 12762
17061 23743
12966 23992
16404 18226
15137 5344
17011 20624
18384 17717
168 19421
7227 1429
10774 25929
1391 5092
2187 5291
21014 17296
14776 13623
18611 1486
23422 2676
9312 11496
24356 13920
24969 15612
18878 20589
23331 3461
377 23472
12700 17807
24569 16953
13860 7208
5852 13796
1725 9812
7374 11921
14732 12241
22225 9637
10677 13429
1273 6533
785 14672
25816 25921
9998 5184
8460 15831
24410 3984
2245 19726
19629 4543
24284 18483
1044 23908
5617 3318
25881 2372
7776 13743
4784 20758
7168 11034
10229 6364
21755 2633
23300 20218
9717 14820
10394 24373
5816 1577
9165 8714
19529 24957
3121 23453
21003 1573
6043 19003
18217 15487
17381 11954
3296 7355
16982 8007
26243 10982
1492 18706
24900 6858
6252 15321
15595 2528
8515 13938
12253 6807
6334 1130
2612 13224
11621 23303
11495 7128
19306 10283
2159 16811
17548 4748
8650 14162
5076 82
13448 23455
16351 15608
2670 7981
21245 6704
13576 6379
7872 6140
21518 24246
12114 4598
25961 12437
16609 18383
16726 8431
16052 4960
10549 22418
22619 23998
6037 16600
10612 16579
20146 18746
23983 977
8124 26331
25270 17772
16203 20032
10727 23098
8742 18567
18977 21339
16536 7260
10231 10853
1322 7426
3666 15273
16874 12917
19427 11453
4811 6321
18928 9554
7818 10985
15905 23492
9801 16867
18657 25306
9502 2341
6072 2535
24976 4615
2874 21343
15160 5173
7548 20658
5500 21477
21270 5691
8147 723
9297 480
15490 15027
19082 3232
13327 1450
21178 10074
1180 21607
6631 26441
16207 22109
3221 1272
14438 22715
23705 12264
7362 15814
7717 3210
3141 20942
25560 11581
24271 18948
20432 11538
148 2706
1477 7686
13456 9822
8580 10409
933 4553
10941 5248
17477 11467
678 13897
25587 8682
23216 1635
22799 23798
19792 18905
17133 21865
14342 11263
13420 3340
21083 22201
15449 19397
7743 760
22332 21559
23037 23626
18593 24853
19377 14498
14187 9519
21523 20932
3252 22700
2742 12012
15672 14258
19549 11306
3821 7316
14069 18280
13998 22012
4230 3579
13051 16719
5364 24562
2898 22733
14865 14049
11393 11271
22519 18532
4772 12084
14054 26373
18106 419
13683 17161
16566 11322
15108 15613
14486 17256
26064 21034
25459 25241
26193 21673
15425 18178
25663 25794
17060 23493
2031 13762
1537 3922
21948 21080
22300 594
12492 22210
23572 4020
364 20997
1265 9241
21458 4708
3729 11146
25710 25088
22145 13897
3990 12987
10649 5233
4900 4806
2806 21688
21894 24343
18493 18736
17784 13092
18338 12446
15385 2802
6026 13139
20513 18386
9525 14851
8087 7600
25187 5161
16838 8604
17591 7035
1065 11138
7163 14305
469 17937
22174 2705
25199 18641
1976 22578
9563 2985
22011 19680
13535 19784
9869 4977
17665 14834
8177 17738
24180 21896
17303 3864
10670 17800
727 16368
21156 2169
5389 10079
7556 13189
1637 1771
2349 6437
906 16110
7575 10844
13899 19916
16243 19132
19474 10098
6791 18575
13631 13048
23999 314
1850 12388
14767 26035
19211 25674
14146 16037
4476 26220
2423 13561
21627 16019
15050 9619
13011 23053
12996 5483
6359 20086
11911 12234
9580 7332
5376 3845
12452 17842
16424 22218
24248 51
5472 14664
2714 7968
19939 3903
5593 23621
623 5176
6755 2415
25910 19798
20071 4022
4223 4576
20775 21931
17100 7570
17938 11033
24478 19617
1125 10118
6789 5037
14361 12785
26010 20150
19498 4920
9428 6565
9942 24393
4055 17308
18391 19991
6595 12261
9191 18523
12606 5863
16525 4751
2535 10747
24087 5624
24012 1658
8104 21149
1233 1779
19875 14476
11633 109
24305 11036
16754 24810
25961 3642
24473 18985
7274 22205
4104 22389
18141 2739
10521 23058
16000 18111
14433 10158
16495 13215
19480 22699
1127 14077
4412 3931
11844 11748
7578 12673
6760 9188
10664 26261
3006 10633
4025 6560
15731 4862
7906 22826
7496 17595
9481 1035
7354 9518
6705 8169
21931 11424
13500 1093
10895 8374
26357 17727
17887 12621
2733 26424
12916 7049
8515 15099
5113 1354
6953 9439
18818 13310
8087 14392
8417 23423
4353 11465
5237 6530
10180 23560
3252 15505
12774 16535
17093 24024
9316 10394
22625 5955
20767 16054
23435 17609
13176 1648
995 1884
3635 24282
14473 17670
11047 6786
18850 11169
17116 4005
8033 6400
7743 14066
12645 13388
3753 22028
13498 7934
6481 24388
10258 26453
17988 17785
4703 4874
23954 8496
22856 22713
4514 10228
1942 1062
304 15743
20138 395
11 17147
637 26240
5634 7635
25872 12033
25667 17522
550 21662
2623 24994
14034 19061
6099 21469
26357 24879
2393 8173
16523 7404
13032 183
25268 6033
3971 10739
22227 25170
20869 23132
20691 21634
14660 14010
10248 17521
6607 16283
1467 17132
4464 12069
20836 818
14427 18992
19400 1750
14261 10823
7313 25564
5211 18648
17380 19075
16232 23412
22885 1843
288 16759
19058 17856
6113 12449
1714 10480
26201 26101
3863 8029
6021 6215
2896 23403
22717 6990
18590 15243
11465 4279
16427 6245
16632 9503
26338 23711
21434 22393
5434 13099
13679 17678
11944 19037
6087 12432
11321 15611
18732 18301
16006 5959
13036 25385
24299 11252
4077 15047
9072 3980
9523 7788
18742 19434
21005 17148
14468 24748
11970 20486
13648 23697
14633 13332
7633 25897
2453 9857
20789 1128
15324 3386
26083 9462
11085 1784
9444 1264
22385 15497
19438 16513
24567 6987
16727 14471
11160 19076
16820 10269
12884 8519
9848 22296
13132 21193
24262 22566
16164 14888
11424 432
15512 6331
13635 19535
7692 21000
20299 10956
21918 8190
20439 6649
9481 12787
7542 10624
6531 20937
6512 1590
21517 25373
15291 14621
6198 9387
23745 22312
21115 22998
22932 8468
10742 4949
3077 9204
6474 4861
1691 21297
1995 13715
24998 10449
9659 13324
20042 18060
15990 7425
231 9826
7948 2122
1607 15970
6491 10957
22664 3177
14876 6879
2245 13368
807 11450
23861 23691
18057 2540
15683 16133
11348 8407
6520 19093
7001 10915
14928 20023
23247 17232
22756 14105
23415 11941
3901 8540
20226 19085
20006 3886
6445 3872
9770 5319
201 6429
25546 5414
3531 16405
22310 2275
3738 10239
23772 5304
12552 24243
20643 26134
24332 18064
8462 11589
19678 6012
20280 16697
6443 18851
23552 282
22287 9318
15537 4796
24 25311
8657 19449
24112 14125
4287 17327
18486 17332
19570 7381
19396 8248
18702 6519
11834 15368
16083 8761
11048 25799
439 13023
19828 8436
23019 12772
3102 7260
20495 22076
10913 24033
14105 23230
15051 13691
21676 16604
3852 25019
3308 22906
6861 10854
8755 9668
6429 15690
4483 23919
18580 1690
12411 1092
11416 24361
10679 12462
10729 12054
58 17617
20486 12313
5652 13783
15074 24934
23409 13191
24760 3292
135 3836
9197 3304
8900 19147
18872 6679
24105 20393
19017 11118
12438 24234
11893 19187
1290 3187
10509 21212
715 20626
23156 18640
17190 6615
17768 21001
17890 8424
4996 5377
14267 17113
25714 15075
8442 9823
3190 9336
23200 7311
15264 15502
26272 176
11360 21203
25054 11093
3799 23938
10331 3620
8813 22647
9710 12312
23222 25680
7226 6148
10778 5163
7203 24366
24049 1631
12619 26124
3791 11776
13957 24391
21333 21202
828 3771
18665 728
15967 11308
25279 3074
8505 3728
7549 23956
1825 1931
10213 18567
15706 7597
16650 17116
13885 16415
23966 3588
23152 18238
11208 3291
21892 9416
24519 20504
600 9282
23870 23213
4606 22547
8852 3957
19429 11039
8607 8327
9409 15251
9697 18278
25719 24930
14230 24936
9301 20227
22895 16366
5218 8027
13100 5235
5702 3301
681 3470
20805 12838
7509 5022
14758 21385
18429 17956
24368 20047
3274 13104
4670 23470
25805 11154
21525 19314
21640 11982
23709 10548
17821 3318
21929 25182
11511 23420
2520 69
16205 12276
18961 26367
10474 11266
17153 2401
22936 6576
7806 1717
18981 1435
2657 18733
25391 2102
4259 5218
8596 10015
18810 22378
11469 11939
14833 12411
17529 1196
15163 23806
14529 17927
10772 6120
19700 404
26212 15571
12323 1499
25779 21202
24733 9600
8939 14146
15026 14123
3745 3541
12895 10212
24876 1134
1868 529
20440 24093
8670 17670
13599 56
5671 6036
17433 855
3114 1459
15433 13314
9390 19271
1665 3733
20172 2321
3358 24042
9693 23101
24843 12742
341 25600
5059 24347
22412 22503
11471 15404
580 25653
7862 20205
5605 7667
12884 24547
22644 8516
16705 24095
10915 10347
1765 16099
6720 15576
24043 25489
9546 19640
1483 19010
15221 10318
2074 3644
4086 10227
19050 6014
20956 25793
18367 14960
11784 18200
8170 3998
16614 1696
9890 24404
11124 24457
12445 2670
13496 20766
23950 11419
6368 7253
6509 8424
13516 22959
2 5646
92 25053
2973 9045
5081 18076
5366 3687
6870 2810
13842 13037
15355 25157
11004 9988
5989 20439
25680 3385
5179 16921
7505 7867
15792 20728
25041 7599
2651 22765
14778 7883
7604 24762
22174 2308
1261 8092
18896 15876
26122 5423
25997 10267
23589 13367
21755 12532
18042 20165
23187 15947
22973 303
9198 4152
13829 6803
16659 11538
12348 18170
736 11095
13757 16052
25430 15260
6113 20101
18017 8588
9038 18014
14626 17175
22161 4854
11585 4641
17441 664
9700 21288
1991 7235
14876 20813
796 4995
2304 10584
22209 21863
13732 12468
17858 49
1045 22552
1368 9587
15825 25083
21364 20267
4900 2845
23000 292
2555 23034
25886 9654
25350 21917
25712 7223
2155 11809
25600 23669
3553 4120
6070 14482
14416 5149
1416 12409
19753 6614
25926 1324
4134 4925
22518 13614
16977 9052
24100 16974
25604 1947
11894 24064
6262 13785
3946 18051
6982 6118
540 16530
24088 15279
22116 8881
7523 4141
14401 10389
720 15185
20531 22485
12939 16336
3642 7288
13267 23786
25050 14198
9378 12583
11017 7846
11721 85
2851 18723
2701 24526
22396 6427
9456 22710
503 22511
9551 16977
21469 1198
25548 8589
19245 7905
2801 19396
828 430
2038 21329
3944 23315
5402 20632
2003 17021
19629 21751
11616 25143
772 4736
3758 23570
519 10706
7892 4510
22371 17221
7679 1513
8554 18858
13970 8193
24537 13541
21422 10921
582 11256
15070 2733
7409 6576
7457 9542
25893 3869
18033 8028
11410 24930
1106 1090
6671 18661
17805 14177
23065 10992
20580 9150
25023 18395
2752 3531
16322 3248
24710 26157
18470 25004
16836 6587
19662 18787
24567 2988
10043 9688
11824 3866
4643 15602
12325 26105
10799 21371
853 5604
4356 19072
10968 18519
26419 9698
1763 25567
26425 23364
14444 2757
5539 12886
19689 18368
11684 12050
14567 19680
20359 406
12864 2561
9140 6509
17707 21576
4429 13808
4712 21070
23501 24332
23537 4921
18867 6776
7173 13961
10103 15107
21252 26144
26200 507
17778 15220
6722 23150
21724 6626
9255 12911
18185 21465
10618 9631
3536 10823
7106 11921
19158 15964
9433 13034
23485 16287
5178 2677
453 11124
13609 10415
18800 23724
1744 5295
4819 5893
10685 7326
11202 21845
21883 4849
14370 3423
18262 13877
5560 11638
15930 18278
13923 668
21635 9851
6588 1872
25604 12266
24682 2128
21032 25093
23249 1637
12187 24985
24296 8594
5240 4085
5076 17977
12704 16172
21387 5435
4736 1550
15363 6387
11778 12479
832 8532
7111 20379
23018 17696
18215 8962
12287 22793
17863 7162
11401 25855
5955 18296
1975 9715
4304 8457
13896 3804
22542 4526
4039 6725
23546 17406
4313 15131
3757 21385
6751 16954
11235 7361
26460 531
19411 10937
4206 22114
16700 24324
22204 13363
16717 17094
1764 23531
5283 4024
18316 11875
1823 12591
10121 25547
9009 17643
1256 8608
11496 8457
11260 23376
24566 17242
5698 12375
21442 16459
10296 5922
25754 10732
4873 9000
4638 10000
25535 25591
18771 19365
21956 12250
15592 2022
23255 14647
8501 4706
2310 25403
6525 19966
1752 14638
7833 22857
17333 10622
23842 16887
15112 26151
1575 1801
19602 22496
22578 11515
25178 4650
22939 1960
3759 3243
9302 21055
4459 22573
21125 25275
8981 1752
6836 24330
4899 11474
12539 7571
8314 9022
12826 20087
7233 1371
23783 24278
4135 10174
17863 17504
18941 11
8047 4513
19695 2428
2577 1143
2228 19828
17243 19373
11431 1628
23498 12890
23456 13073
19215 5583
2544 17324
16905 2610
22610 21912
1690 11033
15914 14329
23887 10901
4096 22647
25136 1283
14392 21228
25832 20463
2676 17745
11262 10868
25079 4684
9314 7042
5646 20433
25340 1278
9465 1024
7665 18941
12355 12751
15252 21448
11725 8383
4779 4066
21588 15893
17134 19587
13462 22871
24269 19453
14421 991
23081 15203
14531 11974
22494 4560
13590 13751
10790 2363
24553 5742
15382 2166
11121 10605
13590 5120
8703 10802
22559 10059
10616 2476
25047 25498
12908 19172
8003 2168
12908 26262
2218 21109
18359 19639
12470 18043
219 9324
6732 2270
26258 9846
23013 19799
24315 13534
25674 26270
13946 17592
10868 2467
23286 2961
2131 13721
15859 22363
620 12673
4160 3949
20287 24575
15676 14434
7624 10924
18898 20298
16753 7184
22195 8177
17649 4581
17277 11354
3635 22674
13958 5408
295 3019
14512 13924
4100 24845
14571 4439
21697 13907
11568 25940
24366 5893
10930 9733
7902 20587
625 7360
7526 9045
8025 13833
22047 10004
18060 2696
12985 5023
18600 8339
24536 24505
13851 5812
10186 19380
15274 3400
3410 3200
11231 19380
24202 12322
6866 9417
17355 25166
17073 5180
13300 2411
26393 10542
6653 2628
5996 25776
13871 5152
19334 9237
8174 3869
2614 14786
24910 26000
16908 8347
8359 17241
17014 13761
17257 10221
19660 22733
5332 13309
14375 18914
2507 3697
6922 9991
25930 19298
24247 8802
8071 21685
20253 25578
10377 16966
3373 9181
10543 1457
23192 1060
5569 6576
17065 12616
24070 3284
7381 20978
19810 22793
2116 16091
19461 3806
22232 11195
10550 6685
8330 16697
9058 632
10302 9738
5122 9419
1392 22412
23239 3328
10165 15218
25452 3665
9651 22990
9424 10259
12187 23077
13320 20009
7525 5917
1753 1522
7051 16614
9967 11855
25825 23280
19197 21115
20118 2735
13499 10482
2428 11230
22126 17866
18866 24133
4626 13510
761 19697
24528 19796
19848 17140
3134 6288
22379 14934
18926 586
5265 3554
959 5160
17491 7633
345 13977
16277 14914
18592 17859
6768 10934
6487 6076
104 17069
2561 1816
3296 1182
18508 14073
12520 16290
8648 4682
13227 8567
4800 22787
16333 20035
26278 8330
11119 1113
9260 23899
7186 19934
3308 2999
11511 23445
14364 24408
22179 12221
25658 16844
10441 17493
15333 3561
18812 16964
24581 3448
13416 5092
12423 7991
10507 8435
17384 3198
5027 16455
17267 8949
15549 2547
25591 24109
13749 21596
15447 550
1677 5826
18973 26451
25412 4544
12496 14656
7063 11088
9406 23549
14328 11366
1090 4574
15830 14580
15670 8026
26312 17489
20648 14168
6622 8084
13911 6733
8057 22499
11817 23349
18219 11732
15682 25298
26366 15739
20766 574
16008 4494
17510 25681
18507 7934
1099 25712
1297 19806
17638 14346
20800 12617
13392 22010
12963 5209
3579 14995
5521 9356
9508 24886
842 5267
12983 13818
9637 13102
26369 22839
25691 19743
819 20038
25270 1548
25741 24210
17260 5131
11810 11682
860 23831
1366 16909
15865 25806
1700 17163
593 18154
4886 10013
1631 22396
26341 6418
5595 18466
8377 18811
13815 6773
22751 13335
22835 17090
19765 23777
8636 3121
5578 16427
22490 1514
3425 17044
25414 20373
2787 12586
12577 23230
19044 18387
18758 20770
24431 24548
22945 7198
1396 1889
4786 4714
2474 16970
13628 24967
25743 10785
14810 3739
15762 6846
7027 274
9086 9858
16818 16655
3713 3977
5900 3093
18542 16721
7670 4172
15940 15111
18015 10868
9063 11680
15273 4817
4409 8933
11615 488
7508 21408
21069 2695
20858 16741
6677 4218
3076 3541
21047 15216
25973 22443
20354 5050
15819 18204
13290 4533
13827 19821
1411 10477
16874 25982
23899 20909
9717 11768
11321 19725
12629 19727
4128 10858
5210 14552
20996 19307
8435 9874
15281 16807
19839 1867
6379 24796
2443 15913
3155 7482
3468 6401
16208 493
22195 9688
10102 16081
13858 6832
6597 2918
7287 10126
23480 14365
8781 8561
12439 10297
8031 3899
7748 15588
13405 22693
20069 18544
14738 7439
4172 2847
5362 2119
10661 6739
49 22590
5520 5445
3998 26308
11510 528
8865 9085
24396 10810
12373 903
22951 14137
5040 19366
17836 12456
10222 4333
13230 3184
25241 25045
24661 12276
11979 7279
14394 17959
17131 22088
8917 11575
25710 24706
5776 2109
18664 23569
9397 13115
1183 13219
5968 14882
13275 8704
14525 7416
24898 8698
2912 6798
12625 3109
6872 125
5479 15248
5650 26241
11731 25909
9646 26395
23318 12474
13886 11746
19247 23517
7102 2393
2051 8083
5006 6513
24628 8693
12606 1820
8184 4792
6213 3314
15026 2981
605 26052
11241 17499
14174 20557
23990 6981
6679 19179
6075 11831
1934 9898
12706 7276
14901 14469
3275 11697
3658 15785
6606 23661
18461 9403
17114 3668
6432 22047
23518 17644
5269 19022
17604 3186
4655 10232
13873 4206
25800 25516
7404 637
15099 20842
6687 3583
26208 11984
24932 21419
6480 15793
4535 6002
14676 6924
12844 5870
25715 7801
19533 25837
19981 3073
21489 10419
24701 5393
9998 18049
7081 16427
24725 10854
6327 15736
9873 22627
15318 22234
5192 7174
24414 24318
23423 13592
18154 7237
9774 9115
19126 7519
13529 18023
15314 917
673 17532
14524 3650
9600 10805
14038 5971
1580 8559
9165 705
8496 24224
4535 18137
19669 15796
11641 19962
18495 10132
17980 3679
18374 3835
20530 22248
16460 17449
17960 26103
11104 10080
19876 15042
10623 22279
13629 2281
12072 16887
16309 17396
186 453
16942 24399
9706 16191
21758 22598
4945 16436
19754 4993
1048 15092
18181 4199
10655 15702
5571 18704
3364 7973
7285 4161
24377 18900
17697 11850
24578 4023
13040 19040
14159 22224
7144 22652
4089 13481
21851 6174
13061 11335
4088 8040
1126 17936
26160 20443
19515 21722
17496 23465
4385 17043
4540 17820
7189 23297
22431 24016
5195 11893
11495 21462
21968 19447
4469 9574
5144 8809
5993 5228
14344 3552
21377 23558
13704 4912
17155 23437
19497 24184
3106 9147
448 21749
22030 4869
16225 14261
8916 6106
1553 3981
12500 4738
10652 15674
7225 9112
13363 4210
12500 15849
22078 8329
6098 19918
21265 10521
16736 15496
828 21103
123 23386
18710 20655
10235 1507
19120 8661
1516 18328
17711 4034
18576 8268
896 598
14041 8065
22926 2653
24281 515
7010 10471
8745 8969
21918 14054
9248 2679
21348 22340
17197 19619
5886 8520
5654 11252
20419 4578
13205 4568
6093 1271
3358 18465
24631 3602
17429 10736
19946 10810
22169 14346
2932 11977
343 11618
10502 13757
19203 14000
2936 4628
6844 26281
19285 18240
4993 17549
494 14410
6712 23092
23803 21099
9637 891
3189 17645
7168 17630
13889 2203
25699 11966
12618 5795
14344 23392
16702 16270
14729 4660
18199 16108
25882 17420
2479 24804
9499 6030
3885 13821
4596 7646
21573 16248
18232 22292
6431 10283
15015 14062
8652 5636
18114 3497
23377 11578
2316 7664
22584 22150
13380 9092
11028 7428
14739 10451
37 18722
22032 17881
9688 17422
10535 17029
16543 19894
3975 14245
8252 8411
25864 17258
7220 9167
9189 7646
12663 1637
18968 25371
24908 15758
5391 26203
16762 22449
24697 11410
15227 17709
16227 15609
17090 2392
2066 12598
4968 4786
9206 14416
17562 4682
2826 23577
17060 4206
15995 5014
8676 15010
7024 417
6152 21196
24377 9598
3989 5633
441 4294
12432 20027
8037 11725
10530 6634
16000 12942
5787 3513
9689 771
3248 16252
19270 6051
11970 6755
15628 16188
24630 1678
14293 25016
5015 17442
10163 4482
7713 24618
22934 26297
2645 3386
15631 18185
4931 22632
1452 4045
13874 12200
6594 16266
17459 8768
16156 2465
4989 12959
21254 19518
25327 26457
24952 23133
5913 18039
19532 7935
16811 15493
1779 22052
23608 16712
18825 16295
2338 11987
16237 19199
7942 21264
23724 1468
9574 7097
12444 19978
20928 2845
2530 25663
15658 15550
10857 8583
10008 12542
24349 4903
10981 6812
20268 5953
22793 9940
20582 5771
15687 11412
3891 23770
15681 2738
1378 52
14096 26025
24342 15517
17364 5884
172 2312
17340 12580
11068 2615
26034 22355
17880 19355
8462 16576
11672 22472
22004 7012
15875 19870
10880 6207
5066 16274
23902 9997
8337 21914
12857 4467
15915 10000
26397 23346
25442 25597
16670 12233
7017 24863
13634 8216
4426 11254
13195 24204
4564 16966
4768 25921
13942 2819
14553 3876
26096 1397
26050 10735
11378 25673
16041 2756
17910 14660
25053 14301
5712 22837
1914 11407
25797 23695
1814 18230
15960 12896
22172 25699
21808 9207
21103 10029
8315 9481
16620 8970
3242 13538
11553 17159
12341 25231
15647 25353
15404 26349
14486 12489
13463 11982
21575 18246
9210 11528
25997 25482
11554 15174
9727 6650
26034 15049
1227 4182
18917 3909
18230 15545
13493 23875
16597 24154
23593 12867
9973 1809
8325 18017
5867 2686
23924 7899
10086 22803
7302 13080
18832 24137
18826 20945
21605 15357
11532 23758
12983 17393
12698 6149
14632 6922
19186 15738
6411 20456
15091 14904
1073 26202
11716 13407
16568 11151
25366 16022
12096 26051
21880 5798
22538 8773
10680 6810
16040 9082
11951 7239
19416 744
4812 10075
4592 7628
7102 23613
21923 11358
22831 5877
25898 23387
9574 4993
11334 20517
22375 3382
4824 12938
14033 1085
10961 15396
13420 25359
9641 3591
1377 1888
9188 15394
14326 23215
17632 7759
16484 20169
26083 6436
14642 16361
9757 11121
19509 16894
23455 7397
1400 12079
25909 7531
23701 5323
19899 17494
19565 25691
18294 761
24745 15078
18172 9286
19321 16434
16330 22182
13161 12797
12720 5247
18380 20426
702 14797
24920 14292
8762 10797
9522 988
8899 24803
6622 6100
12546 17862
3807 3363
18944 6769
9663 17996
25000 26006
19296 3810
26360 1172
11071 9683
12002 10830
611 19444
12571 16005
16776 8834
14907 4106
8179 23695
7697 12023
23409 9393
7676 300
7881 21786
20076 18150
7596 19933
17997 12709
16840 3342
1937 5207
4991 21881
1442 24741
13008 12681
10068 12653
22684 14852
14823 10119
14152 15284
21934 15257
15992 20888
2955 24703
26429 8074
25187 6885
9269 25774
2062 25474
19070 9366
957 6238
14738 13952
4434 5833
2038 21739
3872 14840
24964 20993
7223 21758
8214 7186
3535 23068
12674 5903
4464 21927
13368 25159
6893 3049
7533 3675
25142 9744
537 13092
20386 9164
20569 11909
10578 19971
14382 7272
26117 25343
10125 11852
21803 6449
11845 14651
8798 4963
10959 8142
21175 7783
6774 3479
25615 12035
11911 6868
8050 16589
16340 12014
9469 23332
16556 12721
16405 23663
20688 25308
10250 24571
4831 5217
3167 5122
17389 15139
9104 8309
10531 20389
10047 23574
2992 660
13127 5560
19706 19505
4097 18355
18850 20078
11871 6953
3658 18542
25870 7836
1509 23702
20131 4750
11883 21565
296 16835
13523 986
11792 18445
2058 15695
1153 1854
5053 17465
14444 25245
828 6981
19236 9797
14401 12222
11455 15418
6812 16170
2044 4096
23909 3783
3595 24730
18119 9628
10782 6887
19531 14297
18106 2110
25130 11710
14154 23721
11691 25982
2722 12827
26124 1802
3609 2936
8670 860
4166 22861
18282 12660
1101 4408
5739 1060
13186 11895
22528 1209
14230 13099
14943 2189
8141 17628
13114 7031
11389 22876
1914 2710
22032 22850
11295 15401
21457 12856
1712 11243
8763 12278
16451 2036
4567 8423
17002 11364
21315 3467
24356 4215
12807 4027
8209 26250
19773 5958
10784 7606
11287 17123
20016 9737
25349 14270
16758 7068
2388 25346
1191 19204
4013 2015
22767 10652
1803 21983
22776 12049
3087 15175
8750 16136
25437 3616
3500 15201
25063 14895
18225 15544
20105 16724
9400 10247
10298 12300
11 23710
12646 26151
10850 6626
4960 1830
20816 18429
5572 2357
14080 16960
10071 16458
5225 7088
9994 1191
11137 12317
235 21388
17957 9993
7993 21944
18838 3097
20691 9129
1410 2107
24420 3310
16618 2684
6399 19104
24550 21441
22172 1703
23942 2108
16419 17787
6239 14542
6720 16715
4343 21725
7409 8157
8829 3196
20283 7470
9445 6583
24285 6913
5346 21499
15132 1027
20073 25007
18741 15034
15781 8612
2945 25132
10560 12691
14861 124
6017 17768
16886 18197
9946 13960
19185 409
15823 6808
23880 17566
11487 25504
20257 7682
7271 13040
5503 6292
6315 8385
16379 19040
18364 20007
8851 11069
4492 13752
16845 16740
25572 7816
15955 14282
9188 3026
24372 4415
17063 13930
12474 22912
16117 15592
18021 15997
24451 4070
9913 2384
23423 12524
13319 521
3103 7153
2082 7244
10683 21284
21288 19654
20188 12053
26210 18954
26160 9828
13481 17552
4836 25054
15720 26020
10060 11744
12262 1943
1774 6984
4144 14029
414 25402
5867 15442
5161 6011
12705 4764
22878 3769
2812 13361
7267 8171
17931 13372
17918 1504
23744 2343
17975 23995
18291 7348
7356 143
18840 5455
20805 7384
882 21863
5551 912
13365 24552
4535 18008
8800 19631
26345 9357
169 17497
13927 3616
13813 12899
9298 14511
26146 26266
9583 24214
17351 5679
22272 11579
1640 21663
1636 10518
21771 23571
415 4168
14336 4574
18428 13216
18927 16835
24409 23005
17645 9194
925 21308
4850 18104
25726 21069
17410 16058
23478 2350
16462 3716
24404 18874
3578 5409
15803 24719
21019 24466
10726 13467
6787 5216
13102 16571
5857 20329
20837 25844
15725 21767
17265 18
18300 23805
26161 2343
7737 3231
9564 2858
23176 7533
16273 29
21450 17226
6523 19637
26081 16728
20256 9289
8376 18944
1440 20419
25001 21465
3094 6240
24043 13619
9204 1276
16996 10339
21411 14647
21499 22716
19406 17377
14859 8569
15563 24077
23422 13537
9560 25640
17995 366
11911 13604
2483 13670
7804 15685
25652 9762
19906 25656
4373 16880
12190 5328
4385 25522
4354 7333
14402 25442
5041 7891
24709 1178
13956 24458
18250 16870
18190 7142
20273 19298
16462 10904
10082 9213
26382 23723
10706 12195
20250 21237
20372 26330
5722 16855
19795 13752
18390 25517
18380 16427
10036 16830
21231 17546
4238 17896
15741 21580
8793 6377
17138 8679
22169 11004
15498 12059
2962 7754
10692 17400
11113 8125
12195 8681
8895 5607
1821 3356
8009 12833
8427 11131
14913 5484
25160 21996
15763 11841
7952 17137
24408 21049
6510 12742
25352 16833
10177 20454
5777 15780
18622 9400
16380 18799
16841 14993
17172 5150
6807 10899
7307 12268
14187 24447
9153 23694
12236 9478
19560 1583
2856 1478
13878 24106
10481 19818
23877 8882
12566 25339
12375 19206
6370 21254
16887 21906
24793 4653
24670 17414
8709 23244
4085 5207
3690 25094
13058 13643
25533 18835
11293 5997
1250 1409
19677 22520
1589 3090
14526 2980
24116 22081
26426 16609
9963 6916
19674 23417
14382 18693
22272 1050
21289 25642
16673 4311
25927 157
17903 19606
22443 7613
23646 10302
19205 15476
10875 19606
4860 13547
7549 19097
10390 23958
24491 8673
2072 9366
5004 7404
5353 21064
8110 7501
14367 14219
11415 25706
954 9381
10459 1691
14557 11347
314 15845
11046 18786
21608 4160
9704 8354
2877 14840
2516 10431
4832 14424
11671 15460
11789 2126
20239 13633
10137 18938
24371 6627
5341 21620
19985 8649
5544 9785
18925 4468
4897 20789
8601 21738
18207 23256
3744 17988
6877 19463
15122 8846
8066 21988
5588 9568
4937 8438
6193 13434
6626 21458
741 24176
25478 6166
5779 4440
17367 6920
7327 5964
7797 2732
21192 13937
11524 3139
24964 22160
22798 19832
1914 16634
9858 15852
18610 1014
12055 17264
10808 425
9450 10136
17760 19045
9440 5921
15541 21666
20899 12488
11486 2883
14992 25396
20913 14458
24576 2049
7691 23215
23673 20297
15468 9375
17743 4174
23901 11673
7336 25647
10994 13877
5201 17236
2716 8892
24064 21350
21139 17021
10718 6394
23531 19575
18237 8883
2779 19943
14589 6437
22661 996
13800 17388
11301 11819
25411 18162
16503 25662
19364 18752
20727 9348
14503 17216
2281 15236
11103 1891
25512 24895
14614 12208
20313 14992
20420 21391
8672 12735
19093 14731
1765 22410
14300 14147
22816 15693
26305 4380
8919 3158
10577 649
8229 19484
4785 18611
22520 17357
21085 19157
22273 12641
6414 11874
15290 9000
1201 26245
20158 18883
3588 20053
12030 23340
18837 13349
8567 19070
5891 4105
14818 13291
2843 22974
23552 10221
19363 15759
5646 26231
11068 68
6669 18298
14175 13450
17473 2606
23715 15697
20679 4590
14885 5015
22765 22642
10169 11153
25090 8290
1063 7328
3202 12820
11233 19276
24165 11732
6539 18671
8297 4055
24641 3588
8258 1583
1278 13260
1834 11375
20584 1585
16207 687
25773 22432
17888 26418
22430 6595
13343 24710
24045 7880
8075 17188
19961 15457
12960 23102
25171 17576
18837 25484
24060 6202
25431 17335
9964 21193
16922 16996
15480 13504
6451 24421
6510 22521
23811 19318
14671 10891
20047 17860
17505 19828
5005 13114
4018 13515
6766 6002
9403 11362
18013 12390
21867 1498
8608 20167
19590 20510
3570 9172
15663 12084
4220 2752
344 21353
26115 5171
18589 24600
13077 19607
12103 9193
3928 3367
25236 20515
18300 11931
19729 17815
23937 16955
8658 17400
9455 22785
7223 24384
9727 11458
3159 10211
148 7828
23106 23479
2822 19077
10593 26131
17017 5493
19497 9063
2893 10506
7054 16618
4115 23874
7843 14829
22644 13999
23480 14500
2026 3867
6756 18767
17100 21068
19176 22977
19587 21379
1062 5395
11544 805
25677 5969
16757 13495
24953 7744
9760 3391
26385 6055
7150 1252
3848 2183
14212 819
24125 10976
7780 11627
11245 3892
5143 10617
12302 5444
18712 6254
4361 25857
22004 18370
14313 21138
8772 2841
23594 25260
11764 23741
13536 25876
18001 22228
23262 9703
18636 12122
25026 12954
4566 7423
17148 26333
16323 4846
22882 25777
3740 8284
13667 24904
24511 22567
20835 4418
5687 5878
13329 16394
10964 16975
26022 19859
11776 17793
23275 17077
14469 17306
1474 10421
13636 10952
21879 2244
24924 21164
25362 7246
21383 12365
2054 3268
13166 2143
3722 507
2191 7932
6076 13014
5880 19226
24219 4873
13433 1998
12279 18678
12450 24567
6395 14945
19584 6160
495 8235
2184 7520
12681 12278
12811 5563
15718 4282
15024 12990
8087 2226
19206 24266
656 13967
4072 4570
2359 10935
1591 8174
18227 23865
4725 3637
6817 16516
22983 18523
7086 22419
11391 5276
1524 5560
1391 12615
4735 9200
17130 16355
25674 14665
8766 20572
19224 15014
18561 6219
3281 16728
6216 16003
21042 14300
24953 644
5397 23664
7451 9864
2077 1278
10669 4244
806 14441
6442 7980
10555 15513
26435 390
18355 21133
25043 11191
9142 14937
4522 11163
11556 8088
17242 9478
16123 18717
5538 2097
4607 4934
7965 11662
16246 24300
9923 18274
16341 24129
8774 23586
11344 15264
11820 18491
5762 23124
7624 15161
7865 15187
12515 12079
8533 10133
14744 26275
19958 22040
7603 11431
1602 20094
3163 20276
1181 1607
18255 17115
5759 380
7556 2688
18764 21193
188 5738
1134 22320
14199 20181
20989 23427
1211 16453
9964 24291
20867 5565
25575 2770
3741 16317
4219 25475
4536 8149
4749 4092
23433 9058
23722 15168
5312 5783
7818 26115
1694 25811
18546 11787
15599 19182
6521 7203
23617 4385
24359 20600
21053 3296
20243 17571
19070 16402
8597 16956
16554 2558
16922 5986
18146 6712
19868 7751
16663 20895
12892 20710
19616 23745
6744 11189
511 18148
13900 4284
11109 8549
8261 21436
1434 8100
551 16909
23089 9900
24724 9028
675 16041
7719 2579
25800 24185
14261 23287
18147 4
183 11643
25852 21751
25500 2344
24994 20674
24149 22159
6600 23274
9743 7452
13867 10644
15005 6708
23992 1307
26389 9538
17828 9040
23520 6681
10487 2207
17409 3952
23190 10598
20418 25164
23678 16014
16413 17313
3536 25696
6084 7035
12558 15823
19655 23570
215 10664
15221 5285
18680 22353
9887 15165
1449 23634
23644 3979
16861 10126
9564 13608
10071 11984
6038 16229
5411 4956
18815 22397
15961 22558
15618 18283
11928 12802
1948 18362
7883 21768
7194 18168
9237 2898
21421 7389
5066 13854
7379 23812
25350 18219
7383 8241
9555 21000
18575 13561
12868 9604
22570 15031
17032 5699
16729 17447
4671 23532
8301 4610
21143 13159
19817 7510
126 2719
9101 5337
1200 24362
2540 3491
16441 15588
19564 4477
24458 22109
6162 9591
12086 6801
14839 4293
4745 9831
11438 10292
24901 2564
9844 24256
14664 4032
9259 9602
19767 1129
4111 4297
23494 1802
12323 24420
22841 13251
20707 19394
23158 8906
11988 9303
6930 23548
1522 2168
4595 12897
14244 7503
8772 19399
7344 9718
20295 15105
11283 8813
19773 7481
23161 7370
20343 4299
1927 1399
11602 17489
24202 26096
23998 20259
4806 19124
21677 6425
6801 26063
2490 20235
11871 9248
3132 13817
7795 22162
7967 2383
18812 17916
11645 799
6796 6736
25597 9069
