100 95
44 100
99 100
90 97
7 90
39 97
62 99
91 98
43 85
71 86
36 73
89 100
67 100
83 96
61 93
13 15
38 82
83 89
42 91
82 90
1 46
38 50
40 47
97 99
75 87
13 23
8 91
98 100
79 96
11 50
66 68
66 77
92 96
53 61
42 95
65 90
68 86
16 30
47 63
12 17
38 100
3 87
23 35
65 74
24 82
79 82
9 57
61 67
15 54
8 15
28 91
25 74
27 46
42 99
37 66
52 57
14 18
86 89
21 33
87 88
97 98
10 69
65 78
30 90
77 79
81 95
97 100
47 81
42 85
62 63
88 91
46 85
70 94
83 88
76 82
26 72
23 73
79 93
95 98
71 98
64 92
16 61
29 55
93 100
31 61
68 80
32 90
98 99
78 84
59 89
38 51
21 44
69 93
66 85
68 82
52 95
