32 93
25 23
18 26
32 3
8 18
11 14
17 30
13 8
32 30
24 26
26 23
20 31
3 24
11 16
26 7
7 3
26 16
1 26
25 27
4 25
24 3
1 28
25 29
20 8
5 7
21 25
4 18
24 14
26 11
30 27
10 24
26 20
18 16
22 16
20 28
3 21
1 5
27 24
30 20
10 17
20 21
32 13
24 9
15 6
19 22
13 18
26 27
29 26
23 19
27 10
25 1
17 27
1 18
29 1
21 15
15 29
4 8
10 5
19 17
11 31
6 10
12 5
4 1
12 23
19 1
10 25
9 27
18 20
4 12
17 6
28 24
30 21
9 20
8 30
15 8
29 7
18 13
15 26
21 30
8 5
17 26
30 23
6 7
31 6
32 26
21 5
1 29
25 30
16 27
6 25
23 32
9 15
15 3
32 19
