4753 308
2111 2424
780 1810
2844 4108
2830 2623
3033 1005
942 4297
86 858
242 4242
521 2574
2495 4386
1092 2282
3843 3871
177 1088
1560 675
604 2491
3572 2190
3790 692
2744 1815
3785 2684
988 2970
2782 2698
2718 2561
439 1772
2723 4711
4371 2548
2187 2674
2003 1779
2313 1685
592 1056
1806 2564
4623 5
2990 1960
51 1622
2119 4043
171 1822
488 3326
3436 576
1799 3562
392 1808
724 3947
2089 1432
636 4230
4445 3255
3225 4040
4479 4300
4076 3129
3217 4185
1734 4349
3017 987
1375 4425
3322 3694
2953 212
531 524
1132 3355
407 3835
4620 2019
2299 1102
892 2973
3468 4692
561 1970
3897 4298
2423 517
114 3739
1911 2548
3661 4076
284 4672
4360 654
324 2511
3787 3910
2301 4078
569 2845
1318 4528
1412 142
2191 2723
708 434
4096 82
1523 4030
905 3172
4078 293
4341 2500
364 974
4306 440
816 3782
542 1026
2347 4525
1317 3493
2264 3462
2698 3583
4424 4735
3224 4443
3213 3274
3330 650
3016 1506
3804 3715
274 11
2764 4049
570 3298
3148 359
3385 2410
4673 457
4219 3804
4534 936
3961 2633
1349 839
1529 3497
115 1716
770 3764
2583 2679
3088 1759
4385 440
1619 4082
1421 4484
2296 4348
1060 1253
733 867
3611 2330
905 1068
1827 2148
364 2132
482 4497
2013 2302
1725 4388
4336 4329
70 2710
914 1027
4243 2157
980 1228
3945 1676
2540 2070
524 1106
2907 4106
1146 4387
2837 307
675 1769
4124 1009
3244 2415
660 841
3358 2913
539 3849
1113 2525
349 2040
3412 4470
355 1791
1097 2437
2400 4548
1035 903
3351 3538
1526 2452
1527 1850
1714 2988
254 2153
3300 2162
2982 568
3607 2188
2502 3634
1173 329
2063 1057
1439 3426
2792 2523
797 172
932 3258
765 3090
4415 541
1971 3993
3630 1272
139 4488
1632 353
1725 163
850 3188
2865 1411
2151 2504
1098 4467
2 1495
2585 1560
1627 377
4717 3211
1055 3598
4707 4357
1891 1893
439 1236
1082 1193
4209 1465
3182 1262
1606 1625
4087 3699
3336 2906
725 3682
150 1254
820 2131
3227 1525
4160 2376
1327 3908
1529 4388
4434 1834
2820 3455
1241 2919
4363 1801
3936 4446
1597 1238
483 500
1173 3409
2651 3166
2031 2518
3290 2097
3423 4594
2882 1076
2296 3221
4451 197
2448 972
1929 175
4550 4367
308 3096
796 3453
307 354
344 412
3555 3005
2045 3737
3102 4484
2601 3308
983 4559
1381 2363
1609 3700
1552 1845
308 2053
3834 4402
2025 1018
2091 4072
4031 1532
2624 2747
2813 4340
3573 1760
1371 1005
3942 2884
2140 3978
99 2274
4619 139
4502 1778
3789 3544
3593 3507
4135 2896
3445 649
1269 2274
3968 3807
2181 4652
2127 2695
4348 3134
3351 568
4419 4362
4158 2777
4140 2835
3326 3670
2398 462
984 3188
1278 1954
2941 417
1884 610
2995 4082
1124 3720
2674 1003
2412 3227
3181 4065
635 1062
1973 2636
607 78
3393 3175
320 3548
305 4197
1312 1025
1831 2691
2509 778
3485 1847
3130 4023
2797 3414
2873 1594
4240 1218
1414 2353
1989 3249
78 2051
3018 2362
1549 4258
4303 3601
4715 2899
415 2751
4067 886
3656 1840
1371 4089
3055 1718
945 566
2874 4298
126 657
869 3847
4300 82
4484 1816
79 3309
3766 1307
2428 3924
3512 115
3905 3811
2134 45
3522 546
2677 3856
4718 563
2573 757
1977 3889
202 2862
1542 434
803 4381
4025 3130
