53 80
78346810 16097154 4071521 19812226 20901814 64677633 70777543 30385310 96688897 60868785 97351753 99906631 1262586 42299718 9632216 24683715 32972676 1767137 76424214 10168673 43759651 27066270 33826069 56305127 25045110 22710529 13617310 60628453 1935203 13870650 61780842 59475316 47305134 16207915 51350053 60711810 9066823 84485368 75187661 88503950 84524388 38733967 88830086 41937442 93669648 12448507 67257070 14834468 49665203 38036440 7 34306587 44221621 
8 8
524288 110892
1024 713
8192 4343
33554432 3134531
262144 156070
32768 9698
65536 24824
65536 5413
1048576 307731
4194304 4098779
4194304 3911593
8192 104
4 1
2048 1871
1048576 249537
16 7
1 1
1024 878
1 1
16777216 100956
262144 217602
16 12
8192 2575
16384 1153
256 226
512 298
16 3
4096 3621
1048576 142839
4 1
33554432 21432664
16777216 10105109
8192 3292
2097152 640449
1024 464
16777216 4019674
67108864 31209409
1024 626
67108864 62440040
67108864 36877658
2048 1478
4 2
65536 655
65536 14157
65536 18968
33554432 24048117
2048 249
512 51
32768 15829
65536 43529
16 14
16 4
4194304 1881848
8 6
65536 46968
256 2
2097152 949303
16777216 1225776
1024 658
2048 693
16777216 5072720
1 1
64 48
16777216 3158472
8 7
32 31
8 8
16 6
2 1
1048576 807278
1048576 763997
32768 18423
2097152 164909
2048 104
1024 703
32768 11236
64 38
512 269
32 32
