50 69
5245749 64806240 17768028 27115536 20310048 14767518 16349375 31643688 55813060 32052483 27025762 64071772 51408025 50209426 41486950 43095473 30562027 96715553 4611908 39255710 59544963 59485623 65257374 66903731 55162813 87669518 61354415 17771129 82527088 38803709 49141327 62035279 8358242 32183844 34195964 3528381 38143304 8078890 10265532 26283377 57169668 66724325 87220437 11779609 52262879 96091118 73511680 96753161 41093556 38408377 
64 45
262144 222966
256 215
16384 14177
2 1
2048 1714
8 3
2048 1599
256 209
16777216 9624022
128 5
4096 850
8388608 7437896
8388608 237879
16384 10303
65536 53533
16777216 10888864
1024 556
256 72
256 174
16 15
4096 2906
128 115
32 2
128 58
8388608 7263703
64 12
16777216 5289607
33554432 11808715
64 39
32 26
1 1
32768 5617
1024 921
32 29
16 12
2 1
4194304 282116
131072 31523
32 26
32 12
64 54
256 235
2048 650
262144 171430
2 1
64 30
33554432 24272552
8388608 2253699
8192 6803
1 1
67108864 4481224
65536 33147
1024 641
8192 3752
32 9
1048576 473024
131072 123232
128 77
8 3
64 24
32768 29735
1024 916
2097152 372386
16384 8779
16777216 12483467
32 22
32768 7308
4096 2758
