20 38
28268129 83200777 41289966 40610992 53114242 83200777 24696341 58180369 65962667 53787574 72549224 40234904 62898728 73593511 1971674 32534219 41425388 11419025 96656587 32260074 
4096 1075
262144 237368
2097152 1602059
256 80
1024 481
512 406
16384 836
8388608 1432147
64 58
32768 26520
512 342
8192 6460
1048576 878996
16384 11775
512 298
524288 68461
4096 2949
512 371
2097152 1068550
256 108
2097152 312950
1 1
67108864 53604462
65536 41337
67108864 16124723
1 1
128 10
32 9
1048576 1028848
4 1
65536 43076
4 1
2097152 25827
32768 4533
33554432 22981611
16 5
2048 1816
32768 29610
