76 10
54175981 50327636 14761027 61383317 8206667 14761027 7969529 78729266 81911690 15852915 34930934 20526806 59646733 15020871 77657180 1374712 47724381 27010018 73811837 38971839 76503847 7947666 74532007 94535875 48698559 78034642 52536952 51328656 97893019 75257076 10013656 19080195 23284765 81517132 16246655 29627183 31364060 88011842 91768849 70622892 28215455 21076163 54214588 4987037 85580872 11536514 98153863 43119724 54773349 61875948 48308572 37815744 87921690 39948015 79971040 69880678 81101671 98132898 18823280 33246960 22658063 78238178 39007610 48184713 98687521 62086641 95749370 62085244 16200806 18723642 15062330 66526119 28355019 69516569 22191401 83943184 
4194304 986808
65536 49435
8192 2207
32768 3003
4 1
8192 8064
2 2
16777216 7322481
262144 142733
64 37
