467 7994
2658 2658 2
2658 2658 6
2658 2658 6
2658 2658 1
2658 2658 5
2658 2658 6
2658 2658 1
2658 2658 2
2658 2658 2
2658 2658 4
2658 2658 2
2658 2658 1
2658 2658 4
2658 2658 6
2658 2658 8
2658 2658 4
2658 2658 3
2658 2658 2
2658 2658 5
2658 2658 8
2658 2658 4
2658 2658 7
2658 2658 2
2658 2658 2
2658 2658 4
2658 2658 6
2658 2658 5
2658 2658 3
2658 2658 2
2658 2658 9
2658 2658 6
2658 2658 2
2658 2658 10
2658 2658 3
2658 2658 10
2658 2658 2
2658 2658 10
2658 2658 9
2658 2658 1
2658 2658 6
2658 2658 9
2658 2658 7
2658 2658 7
2658 2658 3
2658 2658 3
2658 2658 5
2658 2658 3
2658 2658 9
2658 2658 1
2658 2658 10
2658 2658 9
2658 2658 9
2658 2658 9
2658 2658 10
2658 2658 4
2658 2658 10
2658 2658 10
2658 2658 10
2658 2658 5
2658 2658 9
2658 2658 6
2658 2658 1
2658 2658 5
2658 2658 10
2658 2658 8
2658 2658 10
2658 2658 3
2658 2658 4
2658 2658 4
2658 2658 5
2658 2658 3
2658 2658 3
2658 2658 10
2658 2658 3
2658 2658 6
2658 2658 8
2658 2658 8
2658 2658 6
2658 2658 4
2658 2658 9
2658 2658 4
2658 2658 7
2658 2658 10
2658 2658 8
2658 2658 2
2658 2658 8
2658 2658 3
2658 2658 5
2658 2658 1
2658 2658 10
2658 2658 5
2658 2658 6
2658 2658 8
2658 2658 9
2658 2658 8
2658 2658 2
2658 2658 7
2658 2658 7
2658 2658 7
2658 2658 7
2658 2658 10
2658 2658 1
2658 2658 6
2658 2658 1
2658 2658 3
2658 2658 10
2658 2658 6
2658 2658 5
2658 2658 4
2658 2658 3
2658 2658 7
2658 2658 8
2658 2658 4
2658 2658 2
2658 2658 10
2658 2658 2
2658 2658 8
2658 2658 2
2658 2658 10
2658 2658 2
2658 2658 9
2658 2658 7
2658 2658 4
2658 2658 7
2658 2658 2
2658 2658 2
2658 2658 3
2658 2658 2
2658 2658 10
2658 2658 10
2658 2658 5
2658 2658 4
2658 2658 8
2658 2658 9
2658 2658 2
2658 2658 1
2658 2658 4
2658 2658 9
2658 2658 4
2658 2658 4
2658 2658 1
2658 2658 6
2658 2658 2
2658 2658 8
2658 2658 7
2658 2658 4
2658 2658 6
2658 2658 8
2658 2658 7
2658 2658 10
2658 2658 2
2658 2658 9
2658 2658 5
2658 2658 2
2658 2658 10
2658 2658 6
2658 2658 4
2658 2658 2
2658 2658 2
2658 2658 2
2658 2658 7
2658 2658 3
2658 2658 10
2658 2658 6
2658 2658 6
2658 2658 1
2658 2658 2
2658 2658 2
2658 2658 1
2658 2658 5
2658 2658 6
2658 2658 4
2658 2658 8
2658 2658 8
2658 2658 7
2658 2658 2
2658 2658 10
2658 2658 10
2658 2658 4
2658 2658 6
2658 2658 1
2658 2658 8
2658 2658 8
2658 2658 4
2658 2658 3
2658 2658 9
2658 2658 4
2658 2658 10
2658 2658 10
2658 2658 8
2658 2658 10
2658 2658 5
2658 2658 3
2658 2658 2
2658 2658 4
2658 2658 2
2658 2658 4
2658 2658 10
2658 2658 9
2658 2658 2
2658 2658 4
2658 2658 5
2658 2658 8
2658 2658 4
2658 2658 2
2658 2658 5
2658 2658 4
2658 2658 4
2658 2658 4
2658 2658 1
2658 2658 2
2658 2658 1
2658 2658 2
2658 2658 6
2658 2658 1
2658 2658 3
2658 2658 5
2658 2658 4
2658 2658 4
2658 2658 1
2658 2658 7
2658 2658 1
2658 2658 2
2658 2658 5
2658 2658 4
2658 2658 7
2658 2658 4
2658 2658 5
2658 2658 7
2658 2658 9
2658 2658 4
2658 2658 6
2658 2658 9
2658 2658 7
2658 2658 6
2658 2658 1
2658 2658 7
2658 2658 1
2658 2658 3
2658 2658 9
2658 2658 3
2658 2658 1
2658 2658 6
2658 2658 2
2658 2658 8
2658 2658 10
2658 2658 9
2658 2658 6
2658 2658 1
2658 2658 1
2658 2658 5
2658 2658 10
2658 2658 3
2658 2658 9
2658 2658 8
2658 2658 4
2658 2658 7
2658 2658 10
2658 2658 2
2658 2658 9
2658 2658 5
2658 2658 9
2658 2658 4
2658 2658 2
2658 2658 1
2658 2658 7
2658 2658 7
2658 2658 4
2658 2658 7
2658 2658 10
2658 2658 6
2658 2658 2
2658 2658 5
2658 2658 5
2658 2658 7
2658 2658 2
2658 2658 9
2658 2658 7
2658 2658 8
2658 2658 3
2658 2658 5
2658 2658 7
2658 2658 5
2658 2658 6
2658 2658 1
2658 2658 1
2658 2658 9
2658 2658 10
2658 2658 2
2658 2658 2
2658 2658 6
2658 2658 4
2658 2658 9
2658 2658 9
2658 2658 5
2658 2658 7
2658 2658 2
2658 2658 9
2658 2658 1
2658 2658 3
2658 2658 1
2658 2658 9
2658 2658 6
2658 2658 4
2658 2658 1
2658 2658 9
2658 2658 5
2658 2658 7
2658 2658 3
2658 2658 2
2658 2658 4
2658 2658 5
2658 2658 10
2658 2658 6
2658 2658 5
2658 2658 5
2658 2658 2
2658 2658 2
2658 2658 4
2658 2658 8
2658 2658 8
2658 2658 7
2658 2658 9
2658 2658 8
2658 2658 4
2658 2658 7
2658 2658 5
2658 2658 7
2658 2658 9
2658 2658 1
2658 2658 5
2658 2658 1
2658 2658 2
2658 2658 7
2658 2658 4
2658 2658 8
2658 2658 10
2658 2658 1
2658 2658 4
2658 2658 6
2658 2658 9
2658 2658 1
2658 2658 2
2658 2658 6
2658 2658 4
2658 2658 1
2658 2658 1
2658 2658 4
2658 2658 2
2658 2658 6
2658 2658 10
2658 2658 6
2658 2658 1
2658 2658 3
2658 2658 10
2658 2658 10
2658 2658 1
2658 2658 10
2658 2658 3
2658 2658 5
2658 2658 7
2658 2658 3
2658 2658 5
2658 2658 10
2658 2658 9
2658 2658 9
2658 2658 7
2658 2658 6
2658 2658 6
2658 2658 2
2658 2658 10
2658 2658 1
2658 2658 1
2658 2658 10
2658 2658 6
2658 2658 4
2658 2658 1
2658 2658 5
2658 2658 7
2658 2658 4
2658 2658 10
2658 2658 8
2658 2658 7
2658 2658 7
2658 2658 3
2658 2658 10
2658 2658 3
2658 2658 8
2658 2658 7
2658 2658 6
2658 2658 8
2658 2658 7
2658 2658 7
2658 2658 8
2658 2658 3
2658 2658 3
2658 2658 10
2658 2658 2
2658 2658 6
2658 2658 1
2658 2658 9
2658 2658 10
2658 2658 8
2658 2658 6
2658 2658 9
2658 2658 9
2658 2658 2
2658 2658 9
2658 2658 3
2658 2658 7
2658 2658 3
2658 2658 6
2658 2658 4
2658 2658 5
2658 2658 9
2658 2658 6
2658 2658 2
2658 2658 3
2658 2658 9
2658 2658 2
2658 2658 3
2658 2658 9
2658 2658 7
2658 2658 9
2658 2658 4
2658 2658 6
2658 2658 5
2658 2658 2
2658 2658 10
2658 2658 9
2658 2658 1
2658 2658 10
2658 2658 3
2658 2658 4
2658 2658 10
2658 2658 3
2658 2658 8
2658 2658 9
2658 2658 6
2658 2658 2
2658 2658 10
2658 2658 9
2658 2658 1
2658 2658 6
2658 2658 6
2658 2658 10
2658 2658 2
2658 2658 6
2658 2658 10
2658 2658 1
2658 2658 10
2658 2658 7
2658 2658 9
2658 2658 3
2658 2658 10
2658 2658 2
2658 2658 5
2658 2658 3
2658 2658 6
2658 2658 3
2658 2658 1
2658 2658 5
2658 2658 2
2658 2658 1
2658 2658 3
2658 2658 2
2658 2658 9
