666 1027
58944 65879 2
22808 24327 6
81308 97044 1
96419 99215 7
73638 74453 10
32347 67792 9
33810 58800 2
76822 77875 2
32911 54779 10
74058 74487 9
903 16188 3
77189 88621 8
49928 77445 7
49491 53420 7
90660 94235 9
4227 94493 6
1694 73855 2
44013 44415 10
29043 94478 7
48791 58941 10
59034 94913 5
47742 64909 3
73890 75724 8
86423 93776 2
46717 66307 4
55781 91868 8
11220 66679 9
18665 82199 6
85439 96097 3
55783 67631 6
20645 32203 4
95653 97664 5
90708 91914 8
35605 45195 2
3404 43866 1
75287 75831 10
71387 87620 7
87329 94843 7
77510 78045 7
44630 84019 9
64029 76511 4
21245 80628 9
37772 53162 6
87063 92985 4
67004 99134 9
42324 70543 10
44465 76662 1
44784 92825 8
27222 75439 1
33914 66703 5
43210 43991 10
41854 54178 10
669 58307 5
20233 58430 10
67395 76355 3
12180 80972 7
47659 95237 10
57911 62648 1
94003 98068 4
53988 86152 3
10585 38473 3
6430 15252 10
32100 71382 1
98701 99116 8
70 20799 7
86324 93546 5
25997 30168 9
76869 90354 7
92299 98025 3
28827 36125 3
75574 83083 7
4787 94517 1
29558 77152 10
68246 73643 2
4803 22043 10
9082 67827 7
68776 93222 10
91025 98194 3
70842 97879 3
20029 52426 8
27624 31553 3
84013 95482 6
20210 97146 3
65907 98826 5
61843 86688 8
3303 36525 9
96758 97848 8
50492 93462 5
23197 47432 1
72325 96368 9
99084 99414 10
10194 21401 2
59485 87679 4
41086 64654 2
79343 90079 8
69888 88426 8
44914 90193 3
12896 92787 7
80735 97079 9
99813 99898 6
23571 57064 1
40670 59148 2
2920 74184 6
59284 81182 6
47693 66238 2
85744 87816 5
73934 94672 4
30125 35109 2
15566 87540 4
69307 73483 5
10814 24243 4
8032 98519 10
3097 51920 3
71254 73974 10
95314 99853 4
18801 68877 3
59431 81947 2
7256 12080 7
39506 59769 2
24156 41863 6
29471 74276 4
50153 79083 8
32361 78300 4
19848 70957 4
18616 78820 2
85197 87722 9
20418 94449 1
58158 85779 2
71001 74055 9
40125 90181 9
2668 29036 2
98087 99779 7
19563 22573 5
71371 87039 1
49756 76136 8
98407 98965 5
59734 87637 4
42736 80440 10
1870 64283 6
32178 56408 9
42579 93621 7
76252 92598 8
98212 99423 1
67728 86802 2
77277 82018 3
59527 66237 3
96986 97639 5
24072 66822 1
5731 88414 5
7654 48583 6
65381 76064 5
42224 96893 9
18852 99769 8
69203 78425 2
77247 82140 10
35357 57590 7
20206 86891 5
50225 75351 10
37842 49736 6
16521 74929 1
19600 55668 4
27071 85435 3
30802 68215 9
64654 73380 2
55855 73288 5
4156 51720 4
9357 78398 2
69363 71587 10
9344 21780 6
7452 76239 7
12257 82116 10
36469 81792 2
34692 46079 1
70055 83374 1
7258 34520 10
68220 97320 3
1250 17279 10
56907 74038 2
89787 99741 5
47071 93465 5
97675 99120 4
52222 84326 5
31555 41878 7
86343 92528 10
87633 91279 8
76596 89516 6
90009 94796 4
51237 81141 7
58761 74432 4
72007 72597 1
84561 85025 6
86837 88938 10
15954 63450 9
86694 91678 7
12433 82255 8
38920 79999 2
66971 72006 8
28928 36285 9
86397 92258 1
27533 58181 1
950 15281 7
16756 93006 5
21156 51027 2
72055 97934 4
8835 79407 8
59034 86913 5
81566 82112 7
75348 89829 2
56708 59555 5
81315 83973 9
38094 43433 1
74273 89047 4
88577 96203 4
59435 90142 5
61412 85783 4
14643 17078 4
71353 83180 2
16622 52652 4
12234 47861 5
2385 74527 8
85184 98233 4
46549 77662 3
63038 76897 8
81335 97837 4
12075 21634 7
54406 60946 5
96467 99335 3
80867 98267 8
23311 94598 9
67970 96098 2
25629 97163 2
49644 71831 2
60570 68794 2
74067 75770 3
25969 94764 3
65950 70326 4
83434 89678 1
99219 99799 9
78333 83775 2
70221 92429 9
8943 19745 10
63599 81449 4
81095 81153 3
28607 81096 1
31955 80205 9
30820 99850 8
22300 33406 3
77815 81805 1
35454 70659 4
3929 88751 4
38975 96996 7
23871 49979 1
49164 69620 8
87787 96384 2
46662 88150 7
26121 89116 7
30425 51604 7
72349 74902 6
31731 93236 4
87072 99889 4
57455 84808 9
34861 95635 9
79883 88635 9
32290 63248 8
35308 39864 2
83349 97667 9
99615 99623 8
71498 73139 9
50160 83032 4
86645 95933 7
44158 84680 6
33775 45487 1
45665 64659 10
71109 92920 2
93590 99551 3
64983 83095 7
67423 71091 9
15822 58796 1
78686 87344 2
18483 28441 10
89574 90632 8
94176 94236 6
74345 75499 8
23392 69923 5
21981 97014 10
59642 64276 3
9529 11220 7
59305 98160 9
59083 77335 4
50233 56989 4
95415 98858 9
93831 95831 2
13546 84456 7
28532 64541 6
68421 80269 1
51669 72210 6
52906 85731 3
72306 74355 1
13750 40993 4
77383 87196 10
22309 62048 5
53904 79284 4
32599 76859 2
64892 72764 6
29669 97718 2
45286 50880 4
34236 50685 4
34088 96024 3
93801 96778 1
32885 90503 7
53660 66368 9
81170 84452 3
23803 86384 6
61376 73737 10
54888 73353 7
69757 88788 9
68288 92203 3
78124 88252 2
22782 84507 10
69860 83044 8
6897 54430 8
47047 70289 5
39183 95140 1
30873 51182 6
10850 52323 2
67174 70663 7
86082 98218 9
89110 93115 9
45773 90180 1
93511 96636 4
76969 99600 8
1982 8086 5
50358 78510 4
91011 93413 10
56226 69404 2
22454 51320 10
12689 73487 6
41515 86975 6
2071 23633 7
69602 87865 8
42235 77906 10
26502 56367 6
77059 97831 8
14132 64716 3
22321 39390 5
67828 80416 7
65232 71752 8
4489 51374 2
83766 98250 8
53477 63536 3
1165 40987 2
55608 89306 2
34001 39369 2
10411 64662 1
11575 19917 7
22581 76670 10
23700 81285 7
2271 43246 6
76622 93808 4
77668 94787 8
56818 83515 8
77473 83242 5
5718 54943 2
33684 57504 7
67282 98999 7
88137 91390 7
88469 97599 9
48171 85233 2
18493 23159 9
75238 84562 9
46680 68723 9
42865 63213 1
8361 75420 10
38038 96147 8
81075 85097 4
63817 98032 10
8091 49165 3
19408 31603 4
3302 36727 10
32959 68275 9
50855 91393 7
87629 97896 4
53583 97431 4
92993 97355 10
73433 73508 8
22293 47466 8
56136 66155 8
73821 76111 7
99878 99925 2
16502 86726 6
81186 97307 7
82570 86996 8
16304 65757 2
2400 50149 9
98005 99984 7
7440 46279 7
35464 86902 6
11524 87524 5
14006 74557 8
72282 81020 2
80543 86145 9
91362 92284 1
28784 57608 4
47904 85555 9
94781 96602 2
82139 94747 6
39647 42112 9
65266 81420 2
3850 23229 7
45853 76907 7
41983 97874 8
89711 92989 8
40496 96019 2
83498 89210 8
3731 52902 6
63470 71152 3
39573 87645 3
76453 78562 2
34834 65503 4
48207 78069 9
1781 56638 2
70124 90919 3
22401 64051 2
21915 28186 4
82727 97560 3
4021 27019 4
27191 63185 2
10015 92696 7
3799 52478 4
4758 58070 4
64681 87369 5
50789 83275 8
37078 63961 4
72697 78632 7
54875 83472 10
70408 78613 1
41222 55182 3
44619 82080 4
1391 25033 3
36855 69141 7
73183 83373 10
48212 49434 8
22559 52033 2
94201 98893 10
19516 27229 3
1817 17527 8
23180 85096 6
2582 54632 2
27096 73481 8
53017 61071 3
28405 73036 8
79927 86165 7
29464 33589 6
35775 37333 10
58085 63824 5
7661 7810 7
1260 59133 9
51066 57053 6
58485 63320 1
43175 84436 4
95992 96562 7
2479 36757 2
51658 86083 6
90812 99968 2
65535 80707 10
40513 44219 1
8532 38321 5
83173 92756 3
44733 59617 8
63443 71900 2
94987 99621 5
92584 99790 1
94600 97170 2
14152 92278 2
79945 97192 6
12003 69794 6
96190 96787 10
54199 73527 7
95610 99846 6
69905 99684 10
79826 98591 1
5623 38000 3
63251 94296 2
87939 93437 5
62487 70293 9
33154 81200 8
54375 85376 10
75763 89839 2
49975 81076 7
24192 33115 3
77529 86917 4
4562 92119 9
20049 79669 10
26877 95562 6
59005 80345 10
73833 97152 7
54526 63682 8
42886 88938 4
78020 86851 9
59657 60859 7
21297 32654 6
93713 97517 3
23814 99646 7
94226 97478 5
22288 86067 8
16041 44173 9
85233 95241 10
28979 85019 6
51591 54027 8
1837 27037 10
67589 80670 10
96764 98172 10
38407 69675 6
14004 69856 10
29199 90816 1
48382 63790 7
47008 90705 4
85521 95706 4
96348 99509 2
58902 99675 8
86105 90095 1
34046 53627 3
64945 97326 8
91699 96915 8
77620 77753 6
13440 34572 5
63142 65524 9
42796 67407 1
71471 82974 1
56903 72147 5
69150 72279 9
13513 34049 2
37377 63554 2
43490 92109 6
93287 96940 3
87234 97471 8
18114 18953 1
66309 84469 7
85803 88834 9
65484 93348 7
60401 76002 1
97327 97764 7
75320 82457 7
72623 93218 8
59740 73331 4
86574 87301 4
12085 21391 7
59708 99228 5
73426 91982 9
46077 92500 7
85076 85750 4
39244 67269 10
7016 43187 10
4829 21129 2
6045 46657 1
74889 83962 3
42624 98819 1
16320 87873 4
34067 39340 7
22856 72027 2
46178 97993 9
74978 93481 7
20121 66783 10
28050 28319 3
91543 94816 2
83653 93231 6
16122 53216 7
75950 77679 4
33648 41288 3
43157 81541 6
85853 97309 9
72904 73812 1
35157 64632 7
15306 24182 3
42947 76167 8
61243 85779 8
21405 88349 1
39106 88776 7
65860 88997 2
63865 82322 8
40105 79103 3
78900 91864 3
19048 23911 3
32004 97671 4
71231 89655 9
47010 58785 6
25827 75139 5
98918 99190 5
13036 21990 7
45837 52075 3
11913 81539 1
80402 94883 7
96343 99947 2
92113 92870 6
25061 46770 10
15345 87067 3
27512 59323 9
21366 65440 5
24427 92887 6
28372 71407 5
73721 96361 4
2355 97992 10
64045 98274 7
26687 37232 6
63854 66010 6
13895 67549 4
82283 95240 6
11512 13127 9
85883 89851 10
1452 67200 3
72843 94142 6
30673 90545 5
31360 79582 5
34748 77272 10
97703 98894 8
51494 56703 10
85051 96265 5
25770 71649 9
88353 89684 1
41114 74934 10
56242 69019 2
72870 78841 8
47780 52349 9
83171 98483 9
97886 98745 1
40261 44742 2
47869 80848 6
66858 71262 1
99945 99994 10
88995 96962 10
92709 94824 4
57668 59181 1
98847 99026 1
66096 71364 2
26573 77662 3
45022 97231 1
22760 60961 7
78401 86112 10
9932 68476 6
23788 49215 5
77115 86587 1
44673 48775 3
80262 84415 6
47584 54546 4
6534 13029 9
23500 47727 8
42954 96742 2
34059 95391 2
5945 83986 1
66376 69829 10
68050 88047 1
50554 68715 1
32146 37269 2
45491 99227 5
524 35579 9
36634 45634 2
1466 53830 3
32740 99138 6
78773 92797 6
75653 83823 6
6025 91191 4
94916 99315 2
59469 66568 2
31153 58278 4
70173 70547 7
78724 92064 2
