1000 10000
24635 56602 4
46761 83587 6
40765 58178 10
32486 71786 4
39601 45306 3
85360 90776 2
43595 88194 4
4682 18833 3
34745 50912 10
33745 68393 8
40628 94871 6
47183 51370 4
95808 98370 9
80173 84274 3
83375 95332 7
84796 99376 10
48712 66030 6
26413 84803 2
31712 96541 1
57469 78118 10
40060 42211 4
27382 31590 7
78544 82460 3
4081 84667 1
52118 66929 10
32612 82250 10
61692 100000 1
50187 78472 9
39729 87989 5
35521 78846 3
22783 44962 5
50418 79098 4
55213 72527 1
71888 75576 10
40755 51627 8
88806 99504 3
24142 27737 5
98122 99792 2
14447 15750 1
79470 84797 2
8638 91881 8
9694 79299 10
19272 26687 1
88617 91754 6
91745 93175 10
22717 86965 3
43847 90959 5
87354 96360 4
83465 90596 3
17161 33950 5
52603 72599 1
23629 71574 5
73901 99159 6
83520 89980 1
87888 95590 2
55296 66945 7
3996 78581 10
71677 78450 9
43664 96240 1
56733 85399 8
87408 99184 9
90213 96245 5
74960 97027 6
30394 71071 3
94449 94632 10
88438 91545 9
87080 90496 9
7984 9167 8
78385 87964 4
72762 88568 4
26106 72911 7
34814 63497 8
41332 61529 6
52753 73027 9
23152 43050 9
39772 49029 7
45046 69133 7
55448 71103 9
7418 45010 9
53952 98972 6
65674 96174 10
78552 98829 8
71007 92257 6
616 12414 9
29747 64733 4
92680 96244 4
73573 91993 3
33065 75605 4
97087 99667 6
1329 94508 2
1231 89578 7
86340 91766 7
60768 91350 2
29803 70021 10
52205 88260 10
38678 55342 1
74854 86572 7
37270 77545 7
65184 70127 10
94392 95798 4
22276 91629 10
93968 95067 10
35194 59633 4
69007 84184 7
39438 65785 2
56965 74168 3
54547 59590 2
29569 71117 8
59874 97340 2
71854 86517 5
48981 77413 10
64196 83183 8
90994 94234 3
42900 74786 10
64450 84591 5
51583 78448 2
64240 94484 6
91336 93904 6
23001 86893 4
33060 67374 4
84639 88134 2
82349 95399 6
39125 40186 6
65289 66048 4
56809 68311 7
14276 63372 9
86642 93093 7
85254 89630 9
36960 63190 3
69081 79244 2
52021 90431 7
55982 63374 9
13317 41437 4
10212 31896 5
12245 53651 9
49876 95238 1
91408 94562 1
93233 95610 5
56855 90387 4
57175 90219 5
95062 97671 8
7561 52285 5
7348 43431 1
44947 96289 7
19459 83491 6
54291 83758 7
45329 86960 9
53339 62453 1
30933 52550 9
91118 94337 7
13623 78584 3
61640 97976 3
71827 99615 3
54569 56286 7
29129 65761 4
23233 64604 8
169 22560 9
45208 81035 1
23714 68083 7
52986 95689 2
25899 44911 5
12615 81132 6
7512 65119 6
87462 92889 10
41164 77301 10
60624 90282 3
2939 87663 1
52717 81111 7
73188 73958 10
70635 90395 2
13041 36075 8
15230 89725 9
19130 99730 9
16407 69791 1
49249 91284 2
98669 99827 5
89209 91913 7
39203 80656 1
25891 59776 3
97888 99548 8
17105 87783 6
26961 76311 6
49943 96681 5
89987 96265 6
78755 94634 6
17449 85921 10
66204 79621 10
13448 77173 6
6681 86478 1
41260 71112 1
51107 76320 8
10646 40043 6
70469 89400 9
86049 98933 8
90823 95724 1
30733 63750 7
63648 74185 10
49966 69410 4
17830 78171 9
40159 83180 9
57523 71592 10
27114 86247 1
14646 86171 1
74364 98708 6
88844 96030 2
13349 31722 4
66829 72434 1
89754 92120 2
69463 89288 9
96868 97655 5
68167 77449 9
30633 35485 3
87252 89604 3
39464 94798 7
35065 72274 3
13348 58090 2
13338 68841 9
39035 75278 9
51776 69151 1
17847 40894 4
46128 85118 7
24237 59372 8
66987 97342 9
60912 68911 6
91288 94340 6
22748 50308 4
42218 80100 2
40351 72695 3
6839 22186 5
10633 90587 4
193 85757 4
74876 94995 9
53454 61210 1
43591 43735 4
40470 67547 8
62692 70749 6
74455 79971 10
73216 89567 5
51351 69796 6
64090 69309 10
98765 99597 5
31616 41943 1
1900 68683 8
41942 44177 2
18065 18660 5
71021 95686 2
29282 86393 10
95279 99689 9
70214 83667 4
55775 88310 10
95750 99733 8
14677 36805 8
73063 81393 5
51583 92228 4
57309 59794 7
45402 91799 10
12810 20575 3
3756 87908 9
45856 62257 10
50834 90292 7
6493 81198 5
95323 96259 10
50653 98564 1
4155 71201 7
27273 48317 6
68606 69958 8
93209 99974 7
84624 89386 1
72535 96295 9
88100 89812 10
29569 85958 5
67510 71317 8
85489 94899 3
4568 44842 6
16203 80054 7
67292 89188 1
71141 87009 1
38311 62947 3
93649 93835 2
39565 81622 6
77792 95130 7
44133 49766 7
8058 91558 5
20860 46752 9
32420 37645 8
56135 64751 2
45842 84095 1
22031 26581 9
58000 86486 5
77486 90262 3
89795 93930 8
82949 95661 9
1830 14962 9
68060 85389 5
67413 95882 4
98358 99416 9
78595 84476 10
8596 56522 7
25623 55310 7
30698 66039 2
72882 75321 4
46104 68242 3
2362 90210 2
7752 68544 7
73740 93412 7
44722 65348 4
93367 93591 5
84340 84618 7
21367 98184 9
65951 99530 8
25726 45512 7
51303 51756 8
5844 63958 8
96684 99799 7
60996 91178 3
25132 57662 9
8586 75787 6
39425 41925 7
31291 76095 10
18644 81787 9
91635 95148 8
70613 89590 5
35578 83803 5
81683 82307 9
7080 78656 5
40441 98134 7
63185 73956 5
70933 99803 10
55963 81281 9
96465 96647 8
30074 47033 10
8229 73370 2
45425 62320 10
14369 43824 2
35067 82980 1
51478 78568 4
89568 97878 2
89379 90724 5
87072 89611 9
47941 94040 6
23413 65379 2
79715 86730 7
72046 72817 1
27990 87102 4
988 1519 3
35096 74578 7
88062 88216 9
57708 94836 5
57195 74519 5
84061 98473 7
47134 62088 8
72397 74426 10
19539 58246 8
65648 78204 8
40241 88175 6
61034 89918 9
50547 81290 6
6887 42763 5
90970 93945 8
33320 89884 1
49572 50246 8
1682 3590 5
87927 92938 7
49701 55501 4
44793 90844 5
45064 87736 9
80164 91658 3
1596 21378 7
19156 72800 4
29727 42348 1
97642 98802 6
77388 78681 5
33242 56578 2
41312 60675 3
73228 99140 10
47516 97482 3
58880 97036 1
9572 81560 10
6980 91396 10
28706 69307 6
34512 76822 8
61260 75222 7
45083 65799 10
24482 62697 2
54067 94711 1
68287 96407 7
80339 96340 9
92972 98469 7
82864 92706 6
43064 93732 9
47475 70463 10
12861 99315 10
87417 90388 5
34912 93548 9
73154 81327 1
97403 99289 9
66232 90522 9
56195 91516 4
8078 67649 1
21492 68774 2
32683 57374 9
51867 83354 10
62617 93543 7
48897 73086 6
35075 44573 3
96854 98396 1
9690 56278 3
44216 52274 7
61295 90753 8
49165 66458 5
73788 83912 10
2950 35703 7
25729 66733 5
31479 77800 4
45753 68589 3
87554 93118 8
91264 94003 5
33351 44772 7
57931 72437 3
59189 65276 2
30585 97229 4
62074 70996 1
82082 88772 4
90992 95684 10
11849 77147 1
21247 45996 8
40911 64302 7
69178 75087 4
99077 99540 3
70552 95912 6
89454 92343 8
24501 92488 1
56985 57397 5
55413 60937 8
62982 95820 1
19667 61552 2
18014 76575 7
88855 98970 9
90267 95501 1
88193 94388 5
65291 76162 8
10143 36350 5
62848 65397 7
99804 99862 9
66024 70703 6
8052 33607 5
28368 39421 7
45454 56281 9
55210 98665 1
93374 97437 7
40466 90544 5
46687 69464 3
26315 70295 4
77987 94240 7
53443 69382 8
48802 50692 9
70940 76445 7
72959 99324 6
11959 16279 3
66570 69547 6
77795 86477 9
25725 79547 6
32528 84596 9
74523 81548 9
48555 55380 3
80270 92015 6
62280 71566 1
50417 62497 1
79709 94571 7
42728 63690 1
41379 67932 6
19803 62949 9
51535 68202 3
87844 94662 5
13839 68165 3
13920 74887 3
66691 86533 5
16750 34960 7
26979 79801 8
69284 87827 4
30349 36446 6
43615 82207 1
88978 95560 2
84856 85372 7
54972 83914 6
99838 99952 3
52939 57477 4
35315 87483 2
74962 83846 7
61460 76096 8
39365 46778 7
91488 94174 5
40644 84428 1
84802 98386 1
47586 66133 1
39106 75033 10
98954 99601 4
2936 99951 10
1409 89165 7
97227 98144 9
228 2100 3
89357 97054 8
1723 18259 3
9159 56600 8
33068 75254 6
92288 96845 5
46189 46391 10
76484 85015 5
72393 94844 5
53215 56527 6
32569 38470 5
38584 67030 2
13158 87694 4
26812 80437 5
73918 97276 9
37460 80340 9
32449 53503 10
72225 80764 10
84444 88691 6
55080 75386 4
10190 30558 9
768 47481 9
10963 98395 7
22310 97544 4
90496 90593 5
45273 62781 4
16577 79016 2
59811 63129 1
71779 79658 6
84950 96954 4
89773 93096 9
74845 76977 4
5750 69666 10
87223 88216 3
18495 96059 3
16396 90962 4
8268 74553 9
99752 99772 5
44822 98955 6
29768 87016 10
5089 7392 9
95429 97795 1
62724 82938 6
3734 71851 6
34254 42346 3
9280 38109 7
56472 75813 2
1389 65384 9
19171 76743 7
71665 81334 1
5159 20583 1
20175 61406 7
37576 49861 8
63801 64951 9
84499 89401 8
66068 92263 10
75835 99101 1
42806 47680 6
14762 86673 5
41378 53663 9
52287 83068 5
38170 59555 9
9001 42007 1
13945 44899 3
47855 94163 6
74504 89355 8
67985 98218 1
98772 98829 9
93084 99696 8
34777 99702 7
62886 82952 4
54359 74367 1
84762 90874 10
35626 71315 3
11137 86569 1
78735 83197 5
89139 90304 5
8395 49047 1
56836 69135 6
27175 59120 6
26068 75234 1
7568 39653 7
51774 69983 3
15948 64786 3
42967 62456 3
85478 97676 2
53412 94335 3
7741 56456 7
31087 41634 7
77140 93441 3
6949 46589 5
76060 76338 9
20586 45056 8
52319 82492 9
30128 32204 2
9634 75482 8
86592 94102 2
54471 59898 1
53912 55146 5
2739 71568 7
70958 96023 6
70131 89604 8
86746 99607 8
56751 95732 9
87458 99261 10
80660 88986 3
82135 97546 3
97184 99821 10
13173 77574 9
53938 92533 5
31455 33434 5
13182 53672 7
26538 96150 7
52798 98557 9
49386 56478 5
16710 51581 7
10930 19443 10
49311 71671 5
13323 64093 5
72011 93860 6
13524 27863 6
90419 98150 3
78846 90536 8
40879 81113 6
1662 50559 9
91720 96731 5
42213 66871 4
17168 26855 9
50394 56007 7
31914 91045 2
3118 19438 8
39733 99223 7
71398 83700 4
44688 77490 9
27893 37884 4
8546 64386 3
48192 98640 7
46334 47951 2
85563 97405 1
54930 83447 1
31679 81943 5
42078 65709 8
80281 90339 10
20475 74041 9
99799 99959 7
98855 99739 3
46519 93727 9
22941 85649 10
32139 83932 8
26363 74603 10
7891 22775 5
90971 96576 3
80256 91171 9
77056 85590 10
24133 27484 6
98789 99562 9
14502 15802 3
16094 41497 7
47209 98006 7
83765 90639 4
49483 55650 5
41493 89321 1
79750 83627 7
38903 99524 6
44691 73815 5
28549 75693 1
56475 57918 7
49994 99011 8
29999 48259 7
4723 40817 4
38743 83656 10
75479 88774 9
84419 98573 5
40666 95918 10
56581 77869 8
95655 96041 4
63287 89064 2
41071 99995 10
18950 62350 6
23804 26441 4
21328 32006 1
52732 90056 9
9487 62110 5
3631 86150 10
97828 99129 8
94758 96804 4
72392 92447 6
23698 43755 1
70806 76425 3
43142 68013 10
9227 16016 6
70524 82202 5
79716 85996 7
61377 65726 3
23730 38699 3
63110 84960 1
66625 72329 3
31446 44242 7
39511 65066 1
16547 33331 5
26695 47365 5
40931 92111 7
15716 18347 10
75567 80096 5
9548 25829 9
20898 89514 9
47405 99411 8
55080 59006 2
53869 77083 3
45898 88169 2
13523 52681 7
27120 67189 4
81399 99113 10
69799 92905 2
19112 78176 7
68738 95935 3
39890 81675 8
95861 96836 9
18875 70137 1
61433 82650 9
1353 48983 8
78518 97490 5
81671 98912 7
86453 88228 10
85592 95082 7
8066 78602 3
3820 84543 2
39203 67297 10
88639 96114 8
8623 27291 2
55715 97989 6
51296 84006 9
90994 93022 8
29711 86415 3
68267 78635 3
95024 97232 7
38245 73587 7
2445 44495 4
6987 23345 9
56142 89024 9
89721 91403 6
2385 87339 10
2685 30288 8
4283 72078 10
36966 50461 7
79377 83938 1
62992 89567 1
87010 95115 6
43962 71050 1
31712 43852 6
73402 87981 1
50228 73886 6
26392 58665 4
65534 96964 9
87108 93582 9
6221 8610 6
57884 60792 2
35203 76400 7
84487 99938 7
10259 61680 7
40546 76258 2
81343 97882 8
53792 66799 7
35324 83261 3
6600 54285 1
48117 53576 9
4937 66692 9
71124 80337 1
81933 85438 3
95383 98951 2
92322 98292 9
91718 93486 9
19452 34941 8
88644 97142 1
72041 87955 1
45305 47005 8
30788 45254 9
94007 97169 3
94194 99282 4
13641 28506 6
47587 93508 9
5552 26181 9
23831 25178 2
99339 99769 2
94698 98517 4
87190 98650 3
70539 76912 10
26352 86065 8
84046 90468 9
23982 87992 10
33051 35480 6
75763 80595 6
72036 88596 10
86440 91370 9
99275 99743 9
62136 85592 5
94835 96118 8
8027 15332 5
95661 99483 1
25818 65075 2
94657 95483 1
27155 90057 9
3957 94792 3
18342 90020 5
17762 76994 4
54300 65821 10
94896 99354 8
48004 58201 7
9546 38384 10
4990 96544 1
55726 86344 3
4630 57754 10
30851 48413 4
2671 27213 5
65353 93701 1
54455 65415 9
52088 66321 4
86294 93291 3
27911 31412 4
38522 92964 9
43739 53206 6
11068 32045 7
73116 77069 9
84207 99672 2
66103 99369 3
83173 91418 3
20999 72045 10
65807 82393 7
16136 87906 9
36056 55882 8
51508 62970 9
18886 30973 5
25875 38197 6
29411 43145 9
7388 34014 3
10594 87895 3
65037 85667 2
41761 90571 1
54920 90647 3
50553 89876 4
25779 52588 5
35803 96427 8
42423 92963 7
77189 81066 3
68181 91100 10
83013 90340 6
90855 98532 6
71419 76579 2
54748 96184 9
75143 91991 6
50611 54902 4
5729 95829 7
46582 81833 1
22280 93442 9
3442 59167 5
87627 89256 4
22022 86456 9
86914 95942 1
41498 66786 3
30556 30647 4
42079 95596 8
42509 96122 2
84005 86870 8
98626 99615 8
12053 84450 8
93782 98627 9
38019 73646 4
10001 65592 10
53072 55359 5
85473 96542 3
70519 82063 5
27579 82455 10
26291 31464 1
32476 79396 10
333 22200 10
46821 61661 4
12027 58854 7
86067 95150 6
32976 87668 10
50686 89779 4
12 56685 6
94672 96753 5
28600 37038 7
74211 81714 9
39796 67939 7
33002 39229 5
73434 93137 2
46366 69209 1
99815 99957 1
32858 40960 10
32285 72318 3
79417 83273 4
19068 25630 5
90207 97326 2
94542 98069 8
54320 65154 10
44666 44758 7
87490 99686 7
93264 94123 5
40861 73760 1
67284 82952 1
9030 96459 3
20607 90394 5
85848 94255 5
50061 83823 4
62444 83816 10
70661 87658 8
96953 99112 9
18343 99992 6
17094 61730 1
57835 70117 10
784 47684 7
78167 85063 3
61111 99812 1
5769 66997 2
68188 76891 4
71825 80825 5
32121 99684 1
74073 91672 2
15124 90502 9
20464 86052 6
47007 72518 4
5686 80719 6
34040 83002 4
65009 72742 10
70126 88439 8
6003 32879 6
45120 69499 4
14141 18742 8
34725 82400 4
43375 53127 1
76491 90660 4
1726 33446 7
44676 75826 10
26305 37704 9
40553 78440 4
119 2588 10
63689 94062 7
10395 41371 2
17968 63583 8
64538 75178 6
88516 94360 3
51695 69755 9
31349 77131 6
56011 75515 6
99699 99999 6
31975 72634 8
78142 85532 10
46270 48514 2
64476 75537 4
44467 60442 5
30810 91991 6
68197 97714 3
73707 75226 3
25904 81689 6
77266 77384 2
890 16241 3
59579 77780 7
4408 78523 7
65841 95129 3
53000 72240 3
58520 77925 4
91134 98427 5
6003 83195 1
52336 73003 2
71270 81220 2
93287 98530 7
63865 81927 2
2957 37684 10
45234 91714 9
84851 96004 6
51337 68966 10
98105 99072 2
55299 81134 1
24675 27065 3
5629 43572 7
573 81658 8
18290 63958 4
42548 64390 1
94070 98728 4
72710 91044 7
94818 94894 10
89773 90853 6
55261 96093 2
90940 97514 4
47657 96723 1
39355 53747 9
19017 82448 10
87273 98669 9
92144 94244 1
78294 88404 2
75843 90262 10
24966 78856 1
50502 68988 9
94339 99968 5
51932 53044 5
5495 30405 2
25731 33351 9
81610 88305 6
13394 86368 5
