1000 10000
886 1614 4
859 1837 5
833 1033 7
2101 2614 4
1482 2794 4
1728 2307 2
850 2899 3
302 2218 8
1366 1373 6
1024 1251 4
1243 1475 2
129 2790 4
875 2590 6
829 2416 3
2569 2747 7
570 635 6
944 2255 1
970 2640 4
150 1927 4
1028 2122 5
1662 1877 1
353 1226 1
377 1557 6
2445 2492 9
2811 2919 4
1877 2585 10
1445 2735 10
2903 2904 5
1457 2373 3
1978 2780 9
1598 2802 5
1732 1734 7
1978 2928 7
2062 2350 1
1278 1427 2
508 2079 3
2436 2753 2
1249 1504 4
23 1738 4
254 2511 7
2417 2605 6
1330 1886 2
2195 2246 6
1979 2158 4
746 1465 6
2587 2880 2
1725 2337 8
1350 1564 5
2521 2526 10
571 1195 10
297 1494 2
882 2290 8
921 1155 9
859 1356 10
770 1331 7
525 2329 1
821 1344 7
2308 2709 3
210 2048 1
1314 1958 5
310 698 2
1063 1391 5
536 2309 9
844 880 10
1742 2191 7
948 2510 3
1837 2284 5
2458 2587 2
2804 2864 2
1800 2097 2
2537 2974 4
62 2736 6
1430 1922 7
2271 2498 2
2292 2543 9
1261 1646 7
1486 2965 6
2189 2499 9
2624 2784 9
453 2972 10
451 702 4
324 2237 2
1764 2221 6
2331 2749 2
585 1319 3
1781 2852 10
338 1549 5
1722 2874 7
2061 2519 9
1407 1585 1
2923 2985 1
1370 2759 5
2859 2944 9
1697 2281 10
2257 2581 6
953 1825 1
1898 2558 2
882 1847 2
2416 2766 5
1084 1092 6
98 1414 2
1279 2848 6
1920 1966 4
2054 2773 4
2117 2779 8
2346 2664 4
1729 1893 7
1059 2045 5
1313 2088 10
2194 2546 1
745 2555 7
447 2369 6
1549 2598 3
119 2880 6
2171 2356 7
873 1026 1
1608 2100 7
2451 2802 6
2642 2784 5
1112 1969 10
612 1127 4
436 1722 2
1338 1608 6
2683 2882 10
1448 1813 10
2564 2916 2
2697 2950 2
1548 2221 6
2303 2360 7
163 1620 8
615 1741 3
83 399 7
2767 2942 9
1859 2044 3
2755 2906 6
2452 2928 4
613 2684 6
578 2829 4
393 2851 3
1910 2795 10
2766 2878 6
319 2361 1
2931 2955 2
1558 2085 9
1904 2048 6
348 498 1
1317 1963 1
109 425 8
2618 2919 9
2867 2971 2
1261 2962 3
2089 2631 8
203 324 10
2143 2975 6
585 2791 2
2915 2936 1
647 1372 5
1358 2204 7
2450 2690 6
1999 2180 3
2124 2673 7
1537 2586 6
645 2059 5
427 848 1
1347 2622 6
123 2039 1
2637 2642 2
1640 2498 5
2915 2952 6
1758 2308 3
1279 1585 9
2379 2991 9
200 2565 8
2465 2518 7
1998 2575 5
451 1831 8
1057 2102 5
343 1791 6
2092 2588 4
1224 1418 1
2582 2699 3
792 2836 7
1588 1596 10
1633 2740 2
2374 2925 2
664 2370 4
2973 2997 2
2245 2818 2
2510 2632 3
852 2465 7
1046 1620 7
2316 2503 3
2758 2801 1
2388 2442 2
669 2561 6
2033 2863 10
385 2935 3
1731 2846 1
2915 2924 7
1233 1931 6
1138 2820 1
1257 2491 3
657 2511 10
2848 2905 5
179 2261 4
2025 2090 8
785 1932 4
2019 2865 3
553 747 6
931 1535 1
831 1791 3
2470 2737 1
2825 2951 10
2289 2487 5
612 1574 2
881 2087 2
2535 2539 8
879 2862 2
1202 1339 1
6 718 9
2372 2875 8
1238 1656 2
1849 2858 1
867 2745 6
1482 2701 6
2471 2508 4
2104 2805 9
1546 2359 8
36 1424 8
522 2089 4
618 893 2
2883 2888 3
243 2293 10
1549 2146 9
472 2510 6
2334 2735 9
2544 2997 10
1512 1909 9
1209 1889 9
885 1655 4
320 2497 3
2177 2265 3
233 1409 6
2369 2666 3
1343 1485 9
1942 2929 1
788 2650 8
1010 2733 7
2683 2692 6
1916 2789 6
2184 2802 9
794 2946 6
2532 2878 3
1377 2699 5
582 1854 2
2555 2639 10
1515 1932 7
593 2703 4
1429 2868 8
199 341 3
2914 2949 1
1872 2402 10
2225 2225 4
1707 1828 3
609 713 3
826 2748 10
1673 1874 9
1888 2227 6
2072 2645 10
1181 2771 8
397 1702 2
1081 1368 7
2968 2987 10
1028 1856 10
901 2264 8
259 2803 3
1441 2739 4
2330 2344 9
511 1624 9
1637 2008 1
1371 1926 3
146 390 8
2567 2619 6
402 972 5
2009 2576 4
1975 2334 6
2970 2980 6
958 1234 3
951 2645 5
1400 1782 6
585 1410 8
1358 1473 10
2325 2906 6
638 757 6
382 1404 1
1721 1791 8
988 1432 7
1147 1670 5
1637 2477 10
1751 2208 6
1219 2563 1
1533 2449 2
1378 2632 5
1553 2212 4
1660 1960 10
1182 2893 1
1456 2401 5
1038 2524 8
1390 2453 4
1361 2503 2
174 1599 8
2367 2768 4
585 2897 9
1536 2799 10
932 2340 2
1849 2370 5
412 1516 5
2147 2418 9
28 2509 3
2402 2754 5
2299 2693 8
2900 2959 8
352 2155 6
2921 2944 10
625 2184 4
946 1185 2
2077 2938 1
156 590 9
261 549 8
2390 2860 1
2647 2702 2
2723 2735 8
2476 2777 10
2765 2979 6
1555 2652 5
2313 2388 6
355 1695 6
2715 2886 1
2470 2947 3
1240 1568 9
2394 2697 9
1819 2010 1
2516 2931 1
2337 2713 2
288 1113 1
2078 2129 10
2828 2910 9
2291 2994 3
3000 3000 5
1280 1601 4
2936 2971 10
1715 2596 7
2728 2938 8
216 562 8
2742 2802 8
2781 2943 1
2826 2972 8
1235 2845 2
638 1629 8
101 507 6
2174 2463 5
1076 1760 9
1676 1737 10
149 2287 1
2764 2841 3
2613 2651 4
8 472 10
833 1578 8
1858 2287 9
2949 2992 4
1876 2250 1
2905 2960 3
1068 1402 7
1255 2705 1
171 1462 7
2962 2989 2
365 2976 1
474 1760 2
373 2076 5
14 2922 3
1060 1289 6
530 2474 2
1495 2390 6
2689 2808 5
277 1217 9
1886 2988 9
190 2532 8
106 2781 10
152 2904 10
2322 2411 2
1806 1905 1
2817 2988 9
1168 2031 5
259 2513 5
1958 2573 10
2151 2495 2
2250 2881 6
1262 2729 10
2468 2971 5
1543 2813 4
1877 2135 7
1345 1364 2
2671 2683 8
125 592 7
2595 2880 6
2664 2904 1
2603 2700 4
1437 2136 3
2688 2872 9
55 1248 1
2481 2939 5
2429 2458 2
1371 1956 7
1576 2534 4
1356 1519 5
1719 2647 2
2829 2999 10
1633 2287 7
1081 1451 9
2316 2930 9
1712 1743 5
1652 2010 7
2166 2222 10
2872 2939 7
508 954 7
1588 1691 7
1147 2057 4
1004 1734 6
2629 2971 4
1297 2151 5
2614 2951 10
2736 2809 6
2669 2679 3
2015 2974 8
737 2425 9
258 1166 3
767 2689 4
2610 2965 7
1430 2029 8
1790 1996 4
2407 2660 4
2649 2903 7
2686 2871 3
2717 2900 7
1011 2291 3
1601 1747 10
1534 2029 5
1181 2659 6
2115 2165 6
521 1808 3
1094 2131 3
1076 2837 6
2691 2880 3
542 1694 4
2515 2723 2
2305 2751 9
2983 3000 5
1360 2947 4
414 939 10
98 2574 9
2609 2808 8
1082 1357 2
10 2681 7
716 1592 6
1321 2965 4
2892 2989 5
652 1658 5
139 1483 8
33 376 1
1777 2564 9
352 1238 2
1564 2041 3
1181 1228 5
1752 2975 2
2881 2994 9
34 1920 9
2103 2996 3
1645 2522 2
2070 2500 4
982 2984 6
1212 2788 5
524 2717 5
1066 2801 6
544 1366 3
2842 2924 10
1736 2634 8
2234 2648 2
1231 1491 8
196 688 7
1292 1683 4
2091 2384 3
1046 2588 8
1765 2732 4
2993 2994 9
459 1667 3
2646 2923 2
1157 1285 5
17 629 7
1985 2069 6
1718 2982 1
2521 2676 6
2842 2935 6
105 1435 10
2666 2975 1
1771 2315 2
490 1450 10
993 2399 6
1891 2565 3
1605 2542 2
2673 2708 2
674 800 5
2313 2585 10
2585 2781 10
895 2770 10
2447 2504 9
1107 2626 1
2007 2171 6
2529 2706 5
302 2499 3
116 279 1
2767 2902 1
2694 2881 10
1020 1596 10
1551 2661 6
11 1043 5
1927 2608 2
720 2163 2
1028 2871 4
1581 1754 8
1426 1814 9
489 1543 8
556 1314 10
1078 1756 4
569 2291 6
1446 1582 4
2381 2451 10
1845 2523 8
812 1178 10
2942 2996 1
1522 2476 2
105 1972 7
1784 2539 3
2443 2607 5
148 2324 2
1783 2109 10
2206 2599 9
720 2627 9
1288 2120 10
746 2412 5
2231 2933 10
1156 1726 10
1679 2838 6
2068 2815 9
2927 2948 6
2130 2659 3
738 1212 7
2121 2397 1
610 1259 5
358 1122 8
2321 2812 9
184 2997 4
637 2319 9
1981 2865 8
569 2645 9
1345 2532 10
960 1676 7
2778 2892 5
2767 2924 2
1742 2359 6
2609 2622 9
1515 2836 1
2560 2931 8
2303 2983 10
1619 2879 1
2365 2414 9
1831 2689 3
533 1097 9
2439 2879 6
1488 1505 6
2687 2924 1
2703 2741 2
1021 1716 7
1891 1898 9
1416 1610 5
221 391 5
1406 1512 3
1588 2192 4
2633 2858 4
275 1555 8
833 2537 3
733 1450 9
1766 1949 4
31 774 9
2672 2677 9
1159 2888 1
1589 2340 5
1832 2290 1
1557 1659 4
2311 2939 8
590 2359 6
1552 1835 9
961 1439 3
722 1887 5
2197 2884 7
1814 2279 4
801 2591 2
691 850 3
1848 2663 4
1503 1809 6
149 628 8
337 656 7
2987 2995 5
854 2281 8
2139 2686 10
103 2400 8
698 2755 5
1430 1449 6
331 2201 9
2201 2747 6
2202 2971 2
353 2888 5
1730 2973 2
1702 1832 4
1001 2472 8
2196 2655 6
2846 2914 1
534 1247 4
166 1442 7
1413 2122 1
429 1296 8
454 1870 6
661 1556 6
1548 2811 5
1061 2399 10
1412 1687 8
2751 2853 8
827 2797 2
562 2432 7
2098 2375 1
56 1756 3
1854 2539 1
1670 2745 8
1985 2396 7
1867 2423 9
1704 2724 10
2692 2918 6
1756 2207 5
2855 2984 6
203 827 10
1826 2099 4
383 876 2
2950 2978 10
176 2388 6
1277 1458 7
2155 2166 3
2632 2730 6
2495 2779 2
733 908 5
1591 1766 1
2294 2561 6
1726 2914 9
1167 2744 2
2879 2962 7
443 2370 7
2696 2985 8
63 2816 5
713 1888 3
410 628 2
2240 2855 4
174 1113 8
37 2170 1
1082 1789 2
732 2456 7
667 2795 2
2853 2999 7
269 1232 9
962 2194 2
2841 2913 1
764 1628 9
196 1913 3
82 1901 10
405 469 6
1097 2496 4
1853 2303 5
320 2943 5
2860 2968 3
2903 2964 8
2617 2679 4
1985 2146 10
1439 1917 7
707 896 5
2874 2925 3
2717 2791 9
1069 1454 8
264 881 5
1641 2975 3
2908 2931 6
2455 2543 10
1148 2892 9
836 1759 10
2437 2584 1
1089 2078 6
2902 2989 9
2788 2997 5
624 2444 7
2178 2945 10
1620 2271 7
2754 2780 4
1137 1246 3
462 1778 8
1979 2795 1
1345 2298 6
20 646 4
652 1464 10
75 2700 5
812 2819 1
2015 2228 3
287 2324 4
2804 2865 8
1303 2968 1
2749 2826 6
1194 2418 1
1463 2776 5
1586 1752 10
1024 2190 4
880 2454 8
270 818 8
2066 2589 3
1545 1775 7
863 1386 6
68 359 4
1132 1831 4
1214 1833 4
510 594 4
2150 2339 5
2369 2433 4
2868 2926 3
1639 1848 8
2748 2969 10
1435 2300 9
1620 2149 2
2129 2451 9
1124 1362 8
1616 1811 9
2668 2680 5
979 1933 6
2321 2955 5
2310 2958 2
2623 2784 5
18 2862 5
1192 2329 9
2243 2724 8
1125 1922 8
1460 1462 3
773 797 10
648 1846 9
1748 2546 8
1478 2708 9
239 2432 8
2680 2834 6
1745 2616 10
2111 2700 2
2167 2567 3
306 2541 4
635 2727 5
2363 2955 7
2094 2163 8
1257 2013 10
616 2403 6
1611 2578 10
2350 2434 9
34 210 1
2182 2231 8
1072 1349 4
675 1437 3
884 1147 4
1521 2806 9
518 944 8
441 1236 2
2238 2787 7
2284 2395 2
2505 2866 9
1103 1353 2
2816 2823 8
1450 2805 7
790 1571 7
1501 2049 1
1439 2278 6
2902 2994 2
2869 2954 9
1916 1988 2
1636 1736 1
2776 2844 4
478 2896 9
731 2804 10
2146 2474 9
1198 1433 5
2346 2408 2
2544 2780 3
2119 2372 10
895 914 10
1747 2765 8
803 2664 9
1445 2862 5
1916 2300 4
2501 2989 10
1880 1975 9
899 2735 5
2871 2949 6
1958 2305 8
2767 2809 8
2248 2394 7
73 2562 2
164 2132 5
1700 2381 6
2214 2450 7
426 917 4
25 581 9
1211 1663 9
126 1528 3
2334 2893 1
2095 2220 8
1063 1749 3
154 407 7
1912 2831 6
2260 2873 9
1787 2680 3
269 1454 9
634 732 7
126 775 6
1697 1751 2
1047 2846 9
711 1223 5
1512 2991 10
1427 1653 9
355 1681 1
269 2333 3
1765 2483 1
898 2951 9
255 2133 10
2530 2786 3
1651 2246 9
2566 2620 6
2560 2954 1
2382 2862 5
2435 2984 7
2474 2655 6
285 2194 9
424 853 10
2285 2731 5
2692 2811 2
322 507 5
418 682 5
2599 2758 4
2708 2857 6
1489 2498 2
302 2370 2
2228 2775 8
642 1186 3
1764 1872 9
1840 1901 5
865 994 2
503 578 5
977 2543 4
2230 2279 9
2713 2906 4
1584 2840 6
2777 2790 8
2758 2870 9
2728 2794 4
988 2695 8
1818 2357 4
850 1071 5
1761 2132 9
1395 2364 5
859 1727 7
933 1444 4
1351 1648 6
1752 2917 5
587 2862 5
2560 2930 8
1161 1595 1
614 2301 8
186 292 6
2070 2686 7
1812 2333 10
1828 2743 7
2913 2943 10
2832 2888 2
675 1400 3
1420 1437 10
1825 2698 5
24 2975 10
1570 2954 2
711 1179 3
109 1743 1
889 2436 9
1659 2944 2
1588 1857 3
1627 2838 2
681 2718 6
2144 2530 8
64 1568 10
2576 2802 3
1215 2535 8
1685 2736 10
2387 2493 10
2981 2990 7
2505 2823 10
1412 2608 3
1946 2035 9
2618 2907 5
104 743 10
488 1523 6
1969 2208 8
2109 2862 6
674 2794 4
619 1771 2
2002 2594 2
2561 2684 6
2818 2876 4
420 840 5
1496 1569 3
1577 2133 10
2502 2521 8
2871 2957 2
2142 2684 1
2606 2820 3
1898 2312 9
2842 2940 2
2245 2516 7
1405 2953 4
1568 1715 5
2313 2465 10
2315 2810 1
806 1562 5
602 1190 5
144 1788 1
1639 1678 8
1294 1426 1
395 986 9
983 2716 7
1053 1407 4
1624 2188 6
2941 2946 7
796 894 5
2496 2995 7
2956 2969 6
1028 2890 4
1006 2214 9
1765 2352 3
1143 2127 8
2200 2312 8
2126 2977 1
100 1394 8
2660 2952 1
1951 2782 1
1863 2387 7
873 2813 5
298 2030 8
2944 2976 6
1517 2547 1
2313 2746 10
1801 2810 10
2923 2928 10
1835 2258 7
2115 2321 6
2136 2469 9
684 1651 4
2087 2447 1
2010 2671 4
1001 2607 10
824 2603 6
2438 2658 9
2478 2590 1
787 1706 1
1986 2159 3
2395 2426 8
1970 2465 1
2966 2989 3
1486 1898 6
2029 2643 8
1775 2456 3
1077 1261 4
812 956 4
1821 2179 10
481 2892 6
2164 2570 3
392 770 8
2415 2580 9
1224 1830 10
96 2216 6
1959 2678 7
1825 1956 4
1341 2717 8
2890 2906 3
1667 1868 1
1022 2791 3
2765 2980 1
1643 2301 8
