636 5343
592 66557 10
77691 86492 4
9279 88853 2
79475 87482 2
3148 37852 4
98748 98850 1
41006 72473 10
9593 78784 10
77294 85756 4
94546 99969 4
46399 52934 9
64192 76419 6
43960 90080 7
10811 44561 8
23693 39473 2
56246 91428 10
9899 42772 2
15844 69526 4
77206 94531 6
74221 91613 9
11704 13904 5
91151 98442 1
26623 56558 4
22730 71949 10
91218 98613 9
5874 84942 10
8832 12250 7
50750 68719 8
33582 41944 10
3801 33074 9
69513 76447 2
67857 84135 6
93554 99179 8
26002 45529 7
73832 76542 5
92924 99572 4
32425 82430 1
35783 71488 1
43949 65429 5
9838 18812 8
40390 99434 2
12834 46527 3
73198 75376 5
39773 47779 7
89061 90838 2
72880 82707 5
92490 98067 1
15199 97858 3
8839 63798 2
57851 86146 10
17014 63195 1
74012 86128 7
69375 74955 3
55712 79319 2
32931 57211 4
80811 91178 10
74496 74523 1
53181 75049 2
15994 23490 9
37160 76807 6
67970 91164 3
1342 11307 1
84843 99152 7
6675 56656 4
62386 70289 7
81239 97269 9
42037 77885 10
57773 60005 5
14612 27030 5
93359 98347 9
51955 57001 5
21475 95280 9
26150 39702 9
94920 96895 4
56695 86139 1
59303 63110 6
7004 76555 9
58760 66320 1
33927 39192 1
86917 95384 4
98424 99755 9
20940 43399 5
84830 89999 1
65121 78869 5
22917 56076 2
75355 94832 3
29375 42028 7
81421 95430 5
6265 40238 1
77838 82084 3
66399 74454 5
79054 96741 3
67291 75242 7
43864 81760 7
47390 54154 2
38157 40789 3
39605 87823 2
27371 66781 2
88901 96799 10
82660 94528 7
85856 86979 10
49734 68804 5
38781 64824 8
29152 80459 7
35439 42199 1
11750 93653 1
62837 67088 10
95916 97262 3
1894 2866 5
33839 56398 3
21644 37325 4
22019 56240 5
42817 63059 6
5230 85299 4
64840 85745 2
19856 65538 1
7367 18419 9
73713 88855 5
64235 68875 3
71135 94034 2
26947 97730 7
91463 95665 4
74972 76350 6
4729 20598 1
89506 90589 5
48728 57278 9
84891 89446 2
89964 92210 3
48971 93628 6
5856 27579 10
78213 88215 10
2082 42101 7
98622 99152 3
60904 63361 2
85644 95211 3
21501 90103 9
81839 93324 10
82222 84644 5
15799 28559 8
46392 86302 10
51167 65319 4
82972 93678 1
60529 95613 10
24019 27429 7
62978 83613 7
50775 58885 10
3054 12837 2
97781 98237 10
3009 3715 4
2739 88294 4
11169 52693 4
91829 95975 7
41103 67040 3
7631 88790 6
14300 79274 9
79099 96256 10
72117 99794 7
60193 71682 4
31913 46047 3
78826 96472 4
31540 41210 5
19394 28397 9
98608 98960 9
47782 94378 2
78372 79039 9
53649 78440 7
71758 86924 10
29711 63523 4
26052 94283 2
99386 99865 2
67421 78928 3
55851 83469 2
30432 47109 3
93058 99201 1
36651 37893 6
41393 48453 9
36999 80213 3
57939 82012 9
98884 99329 1
37504 47666 3
98588 99215 5
37198 91415 7
71396 73863 9
16134 59664 3
68569 69718 2
89737 97905 6
46085 97111 8
77503 98158 1
47256 85926 3
30722 84530 6
90746 92569 6
24668 66731 9
28617 72105 5
17838 34696 4
12524 52495 4
40724 40846 4
76460 92915 4
90637 94784 2
85936 94341 7
4302 18929 5
36508 38065 10
13550 46830 5
67171 79389 5
89127 91110 6
4978 43285 10
9595 91141 10
9308 82854 9
84713 96261 6
39713 93492 7
34380 84174 4
79189 79522 6
21715 35743 3
18790 87913 1
79869 99023 5
95860 97204 4
30435 59369 5
85710 91784 3
93107 99838 2
96520 99361 3
53308 92893 1
75090 83110 10
79898 90087 6
76420 78694 9
2399 51577 6
5787 11407 1
9002 54483 8
250 23943 1
36804 87063 2
12682 80318 9
74384 79727 3
54802 94396 4
39405 76916 5
66174 73348 5
22566 99873 3
65962 86234 4
48938 63650 6
45035 75054 2
65908 90943 9
1201 70347 9
21642 57661 5
14098 33752 6
98012 98127 1
245 66721 5
61958 97848 7
52142 58184 1
94497 95644 10
57965 63169 4
58972 73991 9
72271 98396 5
948 77481 8
67573 85097 10
54273 64529 8
63189 78465 9
60466 63770 6
59050 59718 10
79940 86496 3
93728 94454 5
13683 68671 1
9057 29716 8
88509 96721 9
11146 21010 8
55453 74984 7
64467 80399 9
45186 63474 10
38530 41643 2
93242 97194 3
26963 60290 5
26388 34361 1
8381 96653 1
31153 94457 5
58644 80660 8
21314 99705 9
92152 94002 10
10937 46087 10
37915 91280 10
71755 82673 2
93031 94044 10
48238 97149 1
48852 87167 1
56117 87291 10
99824 99842 3
1005 28626 4
64296 95672 5
65867 72901 10
2735 28268 3
7899 45272 9
63605 89294 8
12325 74191 4
22318 98816 1
40876 53330 10
24480 95533 2
92671 94106 5
41286 61887 4
42068 84156 7
56164 65479 10
95006 99841 1
96046 96093 4
64548 80981 9
22744 64980 6
61784 64212 3
86648 89259 3
8535 90347 2
38781 94137 3
76060 81612 9
16996 80385 1
33008 65168 2
78220 87084 2
16600 38459 10
38938 96514 3
74165 84380 4
39770 41414 3
15759 56117 6
43125 57286 8
77043 92171 1
6251 91000 5
41349 75976 1
65820 74707 7
3824 80480 7
41343 54294 8
53204 84998 2
15044 67623 5
17987 38525 8
28601 31089 1
37654 72835 6
82532 91883 6
26442 42883 8
68215 99644 6
55981 75325 3
35795 84940 6
32867 81815 5
19136 65633 7
14746 27822 6
75336 93646 9
20539 72509 7
96443 98352 5
62344 91226 4
43393 93700 3
74075 85554 2
7194 19357 9
87349 96870 2
87223 93729 6
68991 81598 8
10913 74907 10
39388 70812 3
8172 38398 4
71807 75310 1
55596 95050 8
39993 52387 8
6993 27985 3
44454 52547 1
23350 30904 8
72729 83188 9
38369 67643 9
45642 78181 7
27192 47506 5
72098 77188 10
9823 79615 4
47472 92349 10
5343 30409 9
88623 90144 6
27069 57116 2
66014 67106 4
83022 96410 3
13589 92060 9
63268 65798 2
65025 94515 4
7251 8805 3
90132 97050 5
85164 90973 2
2957 10295 4
2650 44175 10
73094 86551 1
99127 99746 8
93479 95668 6
61294 94210 2
4080 61120 6
55228 67280 9
99141 99885 5
32735 47533 4
10691 88635 6
69895 89781 6
9002 90480 7
49667 50475 2
11994 25228 7
30278 89771 4
21933 56632 1
783 88480 10
47045 88202 1
39963 42540 1
12619 75571 10
71233 85021 4
53594 83329 5
13415 73611 2
314 63271 5
51572 78716 7
20397 70046 5
80797 95113 8
37493 77224 4
65511 68864 7
49633 79884 4
15786 85968 9
80976 93152 8
70530 91491 8
77987 88701 3
33203 69204 8
33121 81918 10
49801 95113 3
65362 97772 3
24155 45655 10
78124 83926 2
89209 99035 8
68369 96805 2
55843 81150 3
3255 52616 4
22409 95062 7
63247 79664 9
36118 75937 5
4580 48358 7
7043 92850 5
22816 87568 8
37698 71456 9
38673 90502 2
40316 93346 6
68219 77971 5
33268 89637 7
7059 75539 9
31230 94991 6
72629 97332 3
19363 55495 5
34306 56272 4
60095 75885 7
26576 47253 7
6975 98484 5
18898 49750 1
51672 75248 6
65574 93950 5
54329 80163 3
38801 55767 6
570 93442 2
76413 88093 1
44091 84623 1
60398 82209 10
7803 79184 9
2991 38918 6
11291 53545 5
61457 62967 1
5587 76136 2
2411 84537 3
62219 99098 3
46037 58798 9
93300 99452 4
92777 98850 8
62722 69500 2
87107 90703 2
13931 17418 6
53701 74802 7
65933 81061 7
64478 90147 7
23089 62557 8
65297 70950 7
58099 81821 7
37756 62012 5
2257 9408 8
67245 67983 6
23683 49146 3
42179 68905 3
40038 96224 1
48969 55783 5
49190 69108 7
31807 40663 3
52993 80506 7
9380 14644 10
93425 94302 5
39097 66964 2
3224 32393 3
99778 99800 7
68259 86077 6
53346 72571 8
87830 97659 2
33944 48655 6
386 53337 2
18006 70150 1
98742 98761 1
99893 99992 3
72378 92595 2
37297 94120 4
57948 76402 9
57000 87249 7
17282 31467 8
98670 98798 8
92441 93633 5
76523 79637 1
98777 99561 2
10693 99888 6
56882 70248 10
68090 96896 5
59203 83970 10
7549 49201 2
43889 46474 2
23652 85836 2
32247 61456 2
61806 67997 6
40003 74813 5
65750 69079 8
96059 96655 5
602 93419 6
17997 52406 10
14808 32488 1
54359 80338 3
84186 91007 3
5518 40499 9
46173 69000 8
3328 5454 10
15863 39768 1
44046 58154 7
8170 22218 3
21039 79672 8
81194 95294 6
32604 53632 2
37332 58488 2
91114 95055 4
92049 96718 8
83123 93718 2
61463 72324 8
92179 97846 6
11101 27320 5
71366 80833 1
78737 86923 1
51227 75561 5
38132 39110 4
33290 50140 4
99320 99660 7
88276 98765 10
27150 96511 1
146 45493 10
34601 87022 7
80920 98148 3
7877 48985 2
19720 58283 6
20230 32367 1
54021 55928 6
16370 75212 9
39639 51657 9
22190 71327 10
33636 37207 2
43429 63512 6
45802 64266 10
50479 60534 4
63782 88211 8
55168 89021 10
35217 65460 2
26373 87173 5
51921 55629 10
98674 99066 2
15919 22273 8
22800 93629 2
6258 35827 1
82370 85118 2
60456 96475 8
24214 38813 8
17195 51227 3
20903 94318 8
14496 86442 7
61169 85232 1
36490 57040 6
62600 78390 9
44845 58522 8
97434 99575 4
1054 98005 4
52965 99096 7
12457 79150 2
90327 95442 10
87674 90046 8
59181 77248 3
33006 44881 9
32108 71486 3
71884 84837 6
82740 83140 3
57154 59022 6
11020 96763 9
89970 90147 3
42488 89054 3
70373 70392 10
77578 86026 10
78850 86703 5
58867 76810 2
28741 75217 3
57072 73602 8
31323 45925 6
17086 57625 2
19933 57229 6
25517 27374 9
42649 89957 5
82460 90172 7
10842 73076 6
4127 77627 3
75402 84062 9
6896 70362 9
10941 59939 6
64794 74224 7
71377 93271 8
74582 88687 8
97542 99845 2
70710 93044 4
78539 83334 7
29709 98674 10
19902 36084 7
19451 35695 1
18356 37141 7
78861 87006 1
50417 81097 6
54868 99925 9
50150 86948 5
62587 99478 6
30571 31674 7
40811 53587 9
84453 92911 2
82856 96493 7
53500 93417 6
60699 68640 6
90223 90915 4
95131 99105 8
70795 94719 9
46716 67008 7
79008 97367 3
68272 78492 4
83564 86529 9
28145 44739 2
69689 87949 1
4655 59045 9
95609 99105 5
22274 98222 5
92799 98023 10
81170 99362 1
28408 65418 8
93105 97088 8
