579 9897
76551 76551 3
76551 76551 4
76551 76551 1
76551 76551 9
76551 76551 4
76551 76551 10
76551 76551 3
76551 76551 4
76551 76551 6
76551 76551 5
76551 76551 8
76551 76551 7
76551 76551 8
76551 76551 9
76551 76551 6
76551 76551 10
76551 76551 6
76551 76551 8
76551 76551 1
76551 76551 1
76551 76551 6
76551 76551 1
76551 76551 10
76551 76551 10
76551 76551 7
76551 76551 1
76551 76551 5
76551 76551 8
76551 76551 9
76551 76551 5
76551 76551 8
76551 76551 9
76551 76551 5
76551 76551 1
76551 76551 6
76551 76551 5
76551 76551 4
76551 76551 1
76551 76551 4
76551 76551 7
76551 76551 8
76551 76551 3
76551 76551 1
76551 76551 3
76551 76551 9
76551 76551 4
76551 76551 2
76551 76551 1
76551 76551 8
76551 76551 5
76551 76551 4
76551 76551 3
76551 76551 7
76551 76551 10
76551 76551 10
76551 76551 7
76551 76551 8
76551 76551 4
76551 76551 6
76551 76551 1
76551 76551 9
76551 76551 5
76551 76551 1
76551 76551 8
76551 76551 3
76551 76551 1
76551 76551 9
76551 76551 3
76551 76551 1
76551 76551 5
76551 76551 10
76551 76551 3
76551 76551 9
76551 76551 10
76551 76551 2
76551 76551 4
76551 76551 4
76551 76551 6
76551 76551 5
76551 76551 2
76551 76551 3
76551 76551 6
76551 76551 1
76551 76551 5
76551 76551 6
76551 76551 7
76551 76551 2
76551 76551 8
76551 76551 8
76551 76551 3
76551 76551 7
76551 76551 10
76551 76551 7
76551 76551 8
76551 76551 7
76551 76551 7
76551 76551 3
76551 76551 9
76551 76551 3
76551 76551 6
76551 76551 5
76551 76551 4
76551 76551 6
76551 76551 10
76551 76551 8
76551 76551 10
76551 76551 3
76551 76551 10
76551 76551 6
76551 76551 6
76551 76551 4
76551 76551 3
76551 76551 4
76551 76551 5
76551 76551 8
76551 76551 5
76551 76551 5
76551 76551 9
76551 76551 9
76551 76551 8
76551 76551 6
76551 76551 10
76551 76551 9
76551 76551 2
76551 76551 4
76551 76551 2
76551 76551 6
76551 76551 10
76551 76551 2
76551 76551 6
76551 76551 5
76551 76551 6
76551 76551 8
76551 76551 10
76551 76551 7
76551 76551 3
76551 76551 3
76551 76551 2
76551 76551 9
76551 76551 6
76551 76551 1
76551 76551 4
76551 76551 3
76551 76551 1
76551 76551 5
76551 76551 4
76551 76551 8
76551 76551 5
76551 76551 9
76551 76551 1
76551 76551 6
76551 76551 6
76551 76551 9
76551 76551 9
76551 76551 2
76551 76551 1
76551 76551 2
76551 76551 1
76551 76551 3
76551 76551 1
76551 76551 6
76551 76551 10
76551 76551 4
76551 76551 8
76551 76551 9
76551 76551 6
76551 76551 9
76551 76551 10
76551 76551 9
76551 76551 4
76551 76551 2
76551 76551 5
76551 76551 3
76551 76551 6
76551 76551 9
76551 76551 5
76551 76551 9
76551 76551 4
76551 76551 6
76551 76551 6
76551 76551 2
76551 76551 5
76551 76551 10
76551 76551 8
76551 76551 7
76551 76551 9
76551 76551 2
76551 76551 6
76551 76551 3
76551 76551 2
76551 76551 10
76551 76551 3
76551 76551 7
76551 76551 4
76551 76551 7
76551 76551 8
76551 76551 5
76551 76551 8
76551 76551 9
76551 76551 8
76551 76551 6
76551 76551 9
76551 76551 5
76551 76551 3
76551 76551 4
76551 76551 5
76551 76551 9
76551 76551 10
76551 76551 6
76551 76551 7
76551 76551 3
76551 76551 10
76551 76551 2
76551 76551 7
76551 76551 8
76551 76551 5
76551 76551 10
76551 76551 3
76551 76551 5
76551 76551 1
76551 76551 5
76551 76551 10
76551 76551 6
76551 76551 8
76551 76551 7
76551 76551 3
76551 76551 1
76551 76551 1
76551 76551 8
76551 76551 4
76551 76551 5
76551 76551 6
76551 76551 6
76551 76551 10
76551 76551 1
76551 76551 8
76551 76551 6
76551 76551 5
76551 76551 5
76551 76551 7
76551 76551 2
76551 76551 10
76551 76551 10
76551 76551 8
76551 76551 4
76551 76551 1
76551 76551 1
76551 76551 1
76551 76551 6
76551 76551 7
76551 76551 4
76551 76551 7
76551 76551 2
76551 76551 1
76551 76551 1
76551 76551 7
76551 76551 7
76551 76551 10
76551 76551 1
76551 76551 2
76551 76551 7
76551 76551 5
76551 76551 8
76551 76551 3
76551 76551 7
76551 76551 5
76551 76551 2
76551 76551 9
76551 76551 1
76551 76551 10
76551 76551 2
76551 76551 1
76551 76551 1
76551 76551 10
76551 76551 1
76551 76551 9
76551 76551 2
76551 76551 1
76551 76551 1
76551 76551 3
76551 76551 9
76551 76551 6
76551 76551 5
76551 76551 9
76551 76551 5
76551 76551 5
76551 76551 10
76551 76551 9
76551 76551 4
76551 76551 1
76551 76551 1
76551 76551 9
76551 76551 2
76551 76551 7
76551 76551 7
76551 76551 10
76551 76551 6
76551 76551 10
76551 76551 4
76551 76551 4
76551 76551 4
76551 76551 1
76551 76551 4
76551 76551 1
76551 76551 4
76551 76551 1
76551 76551 8
76551 76551 6
76551 76551 5
76551 76551 10
76551 76551 3
76551 76551 6
76551 76551 2
76551 76551 4
76551 76551 6
76551 76551 7
76551 76551 9
76551 76551 7
76551 76551 4
76551 76551 3
76551 76551 6
76551 76551 4
76551 76551 5
76551 76551 4
76551 76551 2
76551 76551 5
76551 76551 4
76551 76551 1
76551 76551 8
76551 76551 10
76551 76551 7
76551 76551 1
76551 76551 9
76551 76551 8
76551 76551 10
76551 76551 1
76551 76551 7
76551 76551 5
76551 76551 5
76551 76551 4
76551 76551 8
76551 76551 5
76551 76551 2
76551 76551 7
76551 76551 2
76551 76551 9
76551 76551 9
76551 76551 8
76551 76551 1
76551 76551 4
76551 76551 5
76551 76551 7
76551 76551 1
76551 76551 9
76551 76551 10
76551 76551 1
76551 76551 4
76551 76551 7
76551 76551 5
76551 76551 3
76551 76551 2
76551 76551 7
76551 76551 10
76551 76551 4
76551 76551 2
76551 76551 2
76551 76551 2
76551 76551 9
76551 76551 10
76551 76551 6
76551 76551 2
76551 76551 5
76551 76551 10
76551 76551 1
76551 76551 10
76551 76551 1
76551 76551 9
76551 76551 6
76551 76551 5
76551 76551 3
76551 76551 7
76551 76551 1
76551 76551 4
76551 76551 7
76551 76551 6
76551 76551 8
76551 76551 3
76551 76551 3
76551 76551 4
76551 76551 5
76551 76551 1
76551 76551 2
76551 76551 6
76551 76551 5
76551 76551 3
76551 76551 1
76551 76551 9
76551 76551 8
76551 76551 4
76551 76551 1
76551 76551 2
76551 76551 7
76551 76551 6
76551 76551 9
76551 76551 1
76551 76551 9
76551 76551 5
76551 76551 7
76551 76551 2
76551 76551 1
76551 76551 6
76551 76551 7
76551 76551 3
76551 76551 5
76551 76551 3
76551 76551 7
76551 76551 5
76551 76551 3
76551 76551 8
76551 76551 8
76551 76551 7
76551 76551 10
76551 76551 7
76551 76551 3
76551 76551 5
76551 76551 3
76551 76551 7
76551 76551 7
76551 76551 3
76551 76551 4
76551 76551 9
76551 76551 6
76551 76551 7
76551 76551 8
76551 76551 7
76551 76551 9
76551 76551 6
76551 76551 4
76551 76551 3
76551 76551 6
76551 76551 9
76551 76551 4
76551 76551 4
76551 76551 6
76551 76551 6
76551 76551 9
76551 76551 5
76551 76551 7
76551 76551 9
76551 76551 7
76551 76551 6
76551 76551 1
76551 76551 5
76551 76551 3
76551 76551 3
76551 76551 8
76551 76551 9
76551 76551 7
76551 76551 7
76551 76551 3
76551 76551 7
76551 76551 9
76551 76551 10
76551 76551 3
76551 76551 9
76551 76551 7
76551 76551 7
76551 76551 7
76551 76551 7
76551 76551 3
76551 76551 9
76551 76551 8
76551 76551 5
76551 76551 1
76551 76551 4
76551 76551 1
76551 76551 10
76551 76551 1
76551 76551 5
76551 76551 3
76551 76551 1
76551 76551 8
76551 76551 9
76551 76551 1
76551 76551 2
76551 76551 8
76551 76551 4
76551 76551 4
76551 76551 5
76551 76551 2
76551 76551 5
76551 76551 9
76551 76551 6
76551 76551 2
76551 76551 2
76551 76551 5
76551 76551 2
76551 76551 4
76551 76551 4
76551 76551 5
76551 76551 10
76551 76551 4
76551 76551 6
76551 76551 7
76551 76551 3
76551 76551 3
76551 76551 1
76551 76551 4
76551 76551 10
76551 76551 2
76551 76551 1
76551 76551 10
76551 76551 2
76551 76551 10
76551 76551 10
76551 76551 1
76551 76551 1
76551 76551 8
76551 76551 3
76551 76551 8
76551 76551 4
76551 76551 8
76551 76551 6
76551 76551 2
76551 76551 8
76551 76551 8
76551 76551 2
76551 76551 6
76551 76551 3
76551 76551 1
76551 76551 2
76551 76551 1
76551 76551 8
76551 76551 10
76551 76551 3
76551 76551 6
76551 76551 3
76551 76551 9
76551 76551 7
76551 76551 1
76551 76551 4
76551 76551 5
76551 76551 2
76551 76551 8
76551 76551 6
76551 76551 10
76551 76551 9
76551 76551 5
76551 76551 7
76551 76551 3
76551 76551 7
76551 76551 2
76551 76551 5
76551 76551 1
76551 76551 10
76551 76551 7
76551 76551 4
76551 76551 3
76551 76551 4
76551 76551 8
76551 76551 10
76551 76551 3
76551 76551 4
76551 76551 1
76551 76551 5
76551 76551 1
76551 76551 10
76551 76551 2
76551 76551 10
76551 76551 4
76551 76551 5
76551 76551 10
76551 76551 3
76551 76551 2
76551 76551 3
76551 76551 5
76551 76551 8
76551 76551 5
76551 76551 5
