787 1000
993 996 1
145 256 2
255 466 2
254 374 2
379 880 7
628 690 3
805 816 5
594 944 9
573 634 6
481 967 1
392 700 5
595 609 6
81 233 6
953 954 6
730 922 7
11 682 6
993 993 7
827 940 3
411 421 7
980 989 1
699 773 9
782 933 9
905 997 2
792 882 2
862 929 8
106 443 3
35 545 4
234 641 8
684 922 5
436 920 6
341 944 8
923 963 7
260 266 8
668 805 8
953 988 8
76 648 7
22 24 9
709 902 1
733 892 3
160 427 3
953 960 4
931 987 5
456 772 1
908 952 8
383 621 5
114 890 8
226 924 3
842 937 5
608 965 5
412 903 9
558 648 3
66 375 1
238 246 1
279 521 2
68 297 6
126 656 2
359 572 4
261 858 3
219 586 1
478 986 7
489 510 4
151 696 9
750 823 8
838 992 1
329 821 2
264 409 6
983 996 8
88 406 9
9 294 4
376 903 1
262 540 2
79 376 8
670 747 7
363 435 7
927 939 5
729 787 8
888 958 7
759 918 1
636 966 5
849 945 1
359 932 2
502 969 10
886 886 1
965 969 2
736 858 5
810 995 3
128 366 3
438 801 1
349 700 4
947 948 8
256 289 7
558 911 10
661 780 9
467 948 5
388 821 2
495 704 9
926 933 4
71 420 6
542 790 9
269 511 2
676 905 8
405 963 7
577 760 4
571 632 6
476 706 10
83 716 10
964 988 8
639 704 7
663 752 4
811 916 4
422 923 8
815 979 7
572 730 1
784 961 2
812 872 3
576 960 5
226 503 5
412 878 5
399 993 10
701 761 5
29 255 2
491 725 6
888 947 3
457 577 7
469 517 6
314 600 7
421 464 9
454 933 10
972 997 5
133 579 6
228 280 6
237 521 1
548 968 1
629 910 7
474 899 7
77 807 10
960 987 6
923 952 4
472 977 6
970 972 6
9 121 6
714 975 4
529 791 3
815 982 7
931 981 9
222 696 6
382 503 5
891 998 5
399 794 2
19 899 8
279 653 9
192 331 2
702 704 2
986 996 8
597 635 9
950 968 8
96 651 6
713 737 2
174 286 8
446 793 8
742 972 6
699 731 2
224 460 5
100 798 6
640 794 10
35 113 8
508 861 10
565 626 2
476 828 3
99 778 2
10 66 7
561 601 4
956 991 5
193 241 7
728 827 7
594 997 3
301 588 8
428 695 4
426 942 1
118 478 2
933 984 8
309 883 2
150 186 5
602 911 7
361 593 8
241 387 8
766 933 10
412 713 7
594 690 8
576 685 8
751 877 4
661 982 9
130 576 8
229 368 10
221 314 9
198 494 2
846 868 9
266 659 7
302 637 3
310 870 4
668 798 4
130 208 8
420 754 5
57 417 8
962 991 6
430 630 9
928 942 7
338 979 1
203 316 8
658 917 6
622 747 10
178 398 2
699 922 2
104 260 9
329 509 4
12 52 3
114 399 3
849 870 10
469 799 6
32 524 9
520 900 1
464 778 7
937 961 7
73 305 3
208 533 2
943 974 4
716 803 8
8 233 4
758 813 7
259 344 6
478 926 2
610 631 3
11 938 7
680 907 6
520 540 1
362 999 2
376 587 6
968 970 4
97 220 2
318 982 4
236 329 5
827 864 3
353 757 3
554 753 3
32 713 7
956 961 1
958 981 1
377 491 6
705 746 1
760 940 9
840 963 4
593 801 10
838 860 4
334 595 3
365 430 2
225 569 4
181 253 10
515 780 4
577 660 6
699 723 3
941 960 2
443 753 4
654 844 3
101 311 10
72 772 10
139 743 10
882 888 5
581 915 2
83 907 6
789 862 10
774 977 5
737 758 2
95 835 8
132 258 2
751 756 4
140 215 8
56 217 5
944 983 6
712 732 7
175 198 9
754 977 5
537 576 4
655 734 10
326 676 10
906 915 1
619 874 5
668 710 4
987 997 3
149 592 2
781 858 9
736 947 4
655 977 1
526 602 7
950 968 1
143 630 3
60 482 8
105 294 9
689 899 8
974 980 2
835 914 10
575 578 4
544 555 6
289 952 5
625 985 8
540 599 9
497 532 8
639 712 2
915 915 9
999 1000 1
105 952 3
428 506 5
445 479 10
752 928 3
517 919 1
409 780 7
899 914 8
189 323 3
786 922 6
508 513 9
583 874 3
815 873 4
79 282 1
670 934 1
806 970 3
577 905 8
941 973 5
217 457 1
457 611 3
709 989 7
418 422 5
576 638 1
439 469 10
382 455 2
553 835 8
352 603 5
660 661 5
69 508 4
825 894 6
284 993 4
766 849 9
99 619 8
939 953 7
470 526 2
642 945 2
834 927 7
935 975 10
791 911 8
817 869 2
338 735 1
238 998 6
869 937 1
348 941 8
996 999 7
502 776 2
208 714 10
451 581 5
577 811 6
890 978 6
813 843 8
440 500 2
760 943 4
734 858 10
694 715 5
188 507 5
369 426 5
831 892 3
866 910 4
385 720 10
218 899 3
565 773 3
960 977 8
873 966 2
630 746 6
320 584 7
770 896 6
764 868 1
25 856 4
716 737 5
394 933 3
492 852 7
172 713 3
495 902 10
765 1000 9
633 923 2
252 379 6
810 996 4
234 971 5
300 656 6
231 333 7
831 841 1
453 667 1
403 501 10
157 493 1
678 757 5
785 904 5
900 1000 10
399 644 8
661 881 4
390 792 2
98 442 1
291 877 8
867 967 10
905 980 6
684 996 4
589 779 9
961 972 5
631 766 10
251 312 7
650 687 3
640 786 7
218 416 1
291 828 10
940 977 2
61 261 9
784 819 7
836 866 5
732 969 10
518 632 7
289 824 3
695 881 10
675 920 3
632 950 4
843 865 1
557 763 7
482 515 8
721 884 8
13 929 7
533 692 10
621 623 4
106 830 1
664 909 3
370 858 3
182 378 1
589 923 3
696 819 7
781 986 7
200 638 9
763 906 2
821 973 10
633 767 4
826 960 8
703 718 6
462 525 8
822 843 8
774 811 2
282 397 7
882 961 7
868 986 4
232 797 5
564 789 1
132 210 2
31 733 5
869 922 8
368 791 5
736 759 6
942 990 8
96 435 3
936 937 7
439 519 6
632 811 2
416 916 5
330 914 1
368 569 10
98 418 1
343 501 9
525 831 5
958 987 7
160 664 3
451 636 5
528 906 6
460 949 9
349 754 10
866 986 2
297 951 8
871 973 7
965 978 5
331 594 2
694 835 8
670 836 4
75 874 6
260 925 2
643 951 1
839 888 2
605 903 2
602 939 6
884 973 8
259 875 3
851 851 6
591 691 2
704 989 8
529 945 7
420 486 9
505 890 8
156 245 10
459 671 10
731 887 4
116 589 4
604 832 5
995 996 7
263 457 2
714 937 6
718 749 4
447 991 5
427 717 7
404 609 1
846 975 3
429 770 9
557 557 6
573 909 10
435 538 8
843 881 9
229 612 5
606 915 8
578 705 2
20 605 8
798 824 1
618 991 10
839 896 1
232 546 1
211 716 6
87 732 10
245 292 1
633 925 2
162 714 10
77 96 4
355 973 7
928 970 1
77 833 8
726 834 1
234 994 4
288 612 8
841 993 3
512 983 6
515 984 2
492 992 2
528 709 6
692 744 10
22 406 3
61 441 5
990 1000 7
247 740 3
14 515 10
545 676 9
492 817 8
676 926 9
912 939 8
489 579 7
307 329 3
197 819 5
332 579 9
62 223 2
818 989 2
377 479 1
333 808 5
362 512 4
82 940 9
342 424 10
283 639 10
474 584 4
356 409 1
52 962 8
670 723 9
156 703 2
330 426 9
667 892 6
718 879 7
331 443 3
446 480 5
859 933 4
346 364 1
397 578 9
128 868 9
457 920 9
270 881 4
198 831 4
675 960 6
533 617 5
626 671 9
31 593 1
856 980 1
924 947 5
215 980 7
180 592 1
793 808 6
106 987 9
547 636 1
195 550 8
387 483 2
476 804 2
636 778 4
28 833 6
538 720 9
118 438 6
447 488 4
510 936 10
32 133 9
799 977 9
66 436 6
663 865 7
70 178 7
688 899 10
363 752 6
179 398 1
787 907 7
630 760 2
340 956 5
526 798 3
768 913 2
290 508 9
178 293 3
956 985 1
149 235 3
654 696 7
212 762 2
450 682 9
767 855 10
495 806 10
608 691 9
414 978 6
309 864 1
660 677 8
695 757 5
307 667 8
946 996 3
200 287 9
284 678 3
207 419 1
260 793 10
957 994 9
839 841 6
530 782 5
542 675 4
245 362 3
128 613 6
547 875 1
783 988 2
99 717 5
810 975 7
406 588 4
380 551 3
683 822 10
524 884 4
102 542 8
44 604 5
725 888 2
598 836 7
252 900 9
621 641 2
645 699 9
109 982 6
701 801 1
892 930 10
680 781 4
697 702 3
250 672 3
361 874 7
694 709 5
250 948 4
954 987 4
22 369 7
20 311 4
151 546 6
698 874 8
882 906 4
35 878 7
93 373 2
454 748 4
153 307 6
832 994 5
275 950 5
122 997 9
317 807 3
909 955 2
505 788 7
103 752 5
579 724 8
909 968 9
831 920 1
753 984 5
988 993 2
986 992 6
82 161 7
800 820 2
977 993 9
680 841 1
529 749 6
270 590 3
141 357 7
553 824 9
281 326 6
713 815 5
989 1000 1
988 993 3
642 763 9
674 929 9
382 856 3
973 998 9
378 646 5
450 926 1
299 611 7
584 800 2
185 428 10
858 977 2
3 241 4
698 742 10
991 998 8
276 525 2
994 998 9
419 464 6
551 949 2
605 816 4
406 526 5
284 368 2
966 966 9
120 886 9
565 825 8
517 731 2
954 979 6
717 802 2
164 370 3
568 627 5
784 793 3
780 933 5
406 837 4
429 492 9
631 931 1
646 720 9
466 609 1
141 195 4
807 965 9
633 923 8
647 671 1
886 941 5
349 377 9
315 574 3
311 526 10
618 711 7
775 950 6
391 890 4
926 982 1
890 913 4
563 989 6
109 671 3
863 928 4
37 359 2
653 950 10
498 928 7
349 772 5
793 869 1
558 834 5
283 834 7
979 979 5
666 808 9
407 830 9
18 540 4
253 979 4
795 896 6
224 798 1
960 971 10
936 987 6
336 684 1
564 705 5
18 414 10
895 941 8
697 998 9
895 964 3
619 786 3
143 887 5
58 399 1
191 367 7
67 529 7
174 814 4
904 951 9
293 517 10
50 982 2
771 785 2
545 666 1
340 454 1
805 886 3
985 989 8
843 901 7
592 983 2
737 751 6
661 902 1
984 989 9
379 402 1
529 776 1
