212 9617
88380 88380 6
88380 88380 3
88380 88380 7
88380 88380 9
88380 88380 9
88380 88380 7
88380 88380 6
88380 88380 7
88380 88380 8
88380 88380 8
88380 88380 2
88380 88380 3
88380 88380 4
88380 88380 3
88380 88380 7
88380 88380 4
88380 88380 7
88380 88380 1
88380 88380 1
88380 88380 9
88380 88380 7
88380 88380 10
88380 88380 3
88380 88380 6
88380 88380 6
88380 88380 4
88380 88380 6
88380 88380 9
88380 88380 2
88380 88380 5
88380 88380 7
88380 88380 6
88380 88380 9
88380 88380 10
88380 88380 3
88380 88380 9
88380 88380 2
88380 88380 9
88380 88380 2
88380 88380 4
88380 88380 2
88380 88380 4
88380 88380 1
88380 88380 8
88380 88380 2
88380 88380 7
88380 88380 2
88380 88380 9
88380 88380 6
88380 88380 5
88380 88380 1
88380 88380 3
88380 88380 8
88380 88380 9
88380 88380 5
88380 88380 6
88380 88380 8
88380 88380 1
88380 88380 10
88380 88380 8
88380 88380 1
88380 88380 6
88380 88380 6
88380 88380 1
88380 88380 10
88380 88380 6
88380 88380 10
88380 88380 10
88380 88380 7
88380 88380 7
88380 88380 10
88380 88380 3
88380 88380 4
88380 88380 7
88380 88380 6
88380 88380 3
88380 88380 1
88380 88380 9
88380 88380 7
88380 88380 7
88380 88380 9
88380 88380 10
88380 88380 8
88380 88380 6
88380 88380 3
88380 88380 7
88380 88380 2
88380 88380 7
88380 88380 10
88380 88380 6
88380 88380 6
88380 88380 9
88380 88380 1
88380 88380 8
88380 88380 10
88380 88380 2
88380 88380 5
88380 88380 7
88380 88380 3
88380 88380 10
88380 88380 2
88380 88380 10
88380 88380 7
88380 88380 8
88380 88380 3
88380 88380 2
88380 88380 3
88380 88380 10
88380 88380 1
88380 88380 1
88380 88380 7
88380 88380 1
88380 88380 10
88380 88380 1
88380 88380 2
88380 88380 5
88380 88380 7
88380 88380 4
88380 88380 7
88380 88380 2
88380 88380 10
88380 88380 3
88380 88380 7
88380 88380 2
88380 88380 4
88380 88380 1
88380 88380 6
88380 88380 7
88380 88380 9
88380 88380 10
88380 88380 6
88380 88380 9
88380 88380 7
88380 88380 8
88380 88380 1
88380 88380 10
88380 88380 4
88380 88380 10
88380 88380 6
88380 88380 3
88380 88380 1
88380 88380 8
88380 88380 10
88380 88380 7
88380 88380 4
88380 88380 7
88380 88380 6
88380 88380 8
88380 88380 2
88380 88380 3
88380 88380 10
88380 88380 4
88380 88380 5
88380 88380 4
88380 88380 8
88380 88380 4
88380 88380 5
88380 88380 4
88380 88380 7
88380 88380 4
88380 88380 4
88380 88380 3
88380 88380 5
88380 88380 10
88380 88380 6
88380 88380 9
88380 88380 1
88380 88380 5
88380 88380 10
88380 88380 6
88380 88380 2
88380 88380 10
88380 88380 8
88380 88380 5
88380 88380 7
88380 88380 5
88380 88380 5
88380 88380 4
88380 88380 8
88380 88380 4
88380 88380 4
88380 88380 1
88380 88380 2
88380 88380 10
88380 88380 6
88380 88380 3
88380 88380 2
88380 88380 9
88380 88380 4
88380 88380 5
88380 88380 1
88380 88380 7
88380 88380 3
88380 88380 4
88380 88380 9
88380 88380 2
88380 88380 6
88380 88380 1
88380 88380 4
88380 88380 3
88380 88380 10
88380 88380 3
88380 88380 8
88380 88380 3
88380 88380 8
88380 88380 9
88380 88380 9
88380 88380 3
88380 88380 5
88380 88380 2
88380 88380 1
88380 88380 2
