13
98 74 12 25 95 39 1 42 40 4 34 49 41 
26 46 4 54 42 71 8 21 55 35 16 99 91 
50 14 90 13 42 25 10 63 33 48 58 53 30 
61 70 14 11 59 87 57 56 28 51 48 0 34 
73 0 76 41 67 8 88 70 46 40 34 9 86 
32 72 47 15 85 58 14 38 14 83 25 52 91 
48 29 16 14 19 4 27 0 52 28 41 3 30 
84 57 27 56 21 58 41 5 75 32 54 49 17 
60 77 21 26 48 77 34 29 8 85 16 56 34 
21 88 65 13 56 68 69 3 50 67 72 77 24 
25 85 78 9 87 97 72 19 38 10 94 54 52 
34 9 17 20 90 49 87 35 56 98 52 7 74 
40 76 55 60 84 22 35 27 29 85 89 36 65 
