16
34 31 85 6 36 96 73 89 88 66 50 96 5 87 27 35 
80 99 46 45 1 15 76 12 55 19 43 40 90 14 59 69 
25 5 35 18 79 49 33 11 36 16 91 59 48 62 2 34 
8 88 30 81 66 66 95 12 74 77 4 50 0 55 59 84 
84 38 52 42 72 23 85 95 13 40 49 12 80 88 28 18 
41 29 54 40 53 77 27 41 65 69 43 0 31 51 49 57 
1 36 53 24 39 66 38 8 44 6 9 31 0 28 44 92 
12 49 26 25 62 50 32 12 55 75 19 35 2 31 38 95 
19 50 6 13 52 62 4 38 91 2 76 65 84 12 60 26 
48 26 42 70 34 84 73 56 65 88 81 10 82 53 2 56 
47 48 99 4 24 59 99 98 69 92 67 38 21 99 18 40 
5 51 18 91 24 74 51 34 9 14 93 83 46 78 21 28 
88 46 43 94 82 2 39 92 62 97 97 81 78 12 3 81 
32 32 21 73 28 50 70 61 37 46 74 22 82 98 10 53 
6 44 64 94 30 5 47 47 43 11 61 31 31 13 63 90 
7 93 40 44 27 75 34 10 85 56 66 4 26 70 90 28 
