20
42 49 92 78 49 85 80 78 24 42 25 80 65 99 68 83 14 53 48 66 
33 95 84 98 65 96 8 70 80 28 14 38 68 52 82 73 14 42 53 85 
57 37 98 52 50 15 3 88 76 75 97 98 99 49 68 20 97 91 70 20 
72 11 46 12 48 43 81 52 8 43 8 29 64 69 75 15 34 69 49 88 
25 48 8 22 45 51 3 67 49 76 19 33 25 60 42 21 76 5 94 35 
88 65 77 2 88 91 83 7 91 82 32 72 57 21 64 87 59 30 29 84 
18 82 52 19 96 71 14 21 78 50 16 62 73 87 72 64 44 15 14 14 
22 18 52 27 64 65 41 83 48 22 60 42 3 1 88 8 93 77 18 97 
83 43 3 50 94 70 50 7 53 76 85 6 10 48 87 4 45 9 12 23 
42 38 94 84 10 46 43 42 43 54 59 35 27 44 7 1 6 42 10 51 
3 67 79 33 61 17 63 93 38 73 8 0 51 27 2 48 77 57 93 15 
28 81 48 88 46 0 45 32 82 74 96 88 85 72 0 30 65 77 15 9 
45 32 58 20 44 48 69 73 49 93 47 34 14 46 46 72 11 16 56 76 
82 10 69 71 61 98 89 44 99 19 92 36 75 22 84 77 73 66 90 63 
38 75 5 55 90 51 51 72 36 56 12 16 54 72 28 54 61 41 40 9 
63 11 17 22 72 1 36 41 46 52 41 54 28 14 93 17 64 93 81 34 
63 70 42 79 62 49 86 23 54 26 48 36 5 26 94 82 51 50 61 2 
54 23 7 82 2 75 37 78 60 87 28 8 9 41 41 15 93 44 33 28 
76 97 66 57 29 80 71 99 98 76 32 31 79 63 82 47 86 17 20 73 
93 83 62 72 62 99 29 51 52 62 75 55 71 25 44 16 90 60 9 50 
