18
80 73 62 21 89 72 66 73 24 12 9 68 15 96 11 90 68 79 
2 91 38 17 83 73 41 28 82 43 8 20 41 48 66 40 52 15 
92 93 42 58 5 76 59 9 53 11 91 16 17 16 98 71 43 94 
5 1 10 44 80 95 10 15 28 6 25 66 34 11 88 48 12 66 
64 65 40 42 91 61 59 23 79 37 12 89 57 35 61 84 21 45 
53 19 38 13 66 69 24 72 45 94 9 98 84 2 73 64 19 27 
39 73 30 24 13 22 98 6 27 22 66 26 51 96 72 95 69 6 
68 62 15 61 92 31 52 10 53 5 48 13 33 4 75 40 13 91 
95 35 20 57 35 37 97 64 90 45 14 20 47 25 34 36 30 95 
92 94 15 51 72 36 21 72 33 22 74 62 3 22 49 27 47 58 
28 33 86 89 79 28 94 65 13 36 23 75 85 48 68 7 91 92 
20 21 76 21 4 9 76 39 89 47 83 3 91 70 82 66 88 25 
42 0 73 46 73 41 52 19 12 22 53 3 45 11 66 82 10 23 
9 3 57 43 83 89 17 56 3 95 9 63 51 25 52 38 83 28 
36 81 96 73 91 67 83 57 67 14 33 67 1 31 17 90 21 81 
20 64 91 27 40 52 53 54 12 32 27 70 95 14 39 64 84 68 
51 51 37 57 19 17 6 50 15 17 39 65 40 99 24 21 58 51 
1 66 54 69 67 54 41 44 58 56 53 2 71 65 2 36 35 40 
