15
39 99 81 30 2 48 95 43 64 70 26 28 91 26 56 
1 74 10 8 5 38 41 15 51 78 11 7 62 41 69 
9 50 9 84 2 84 26 78 20 77 55 68 94 4 20 
51 85 8 21 48 56 67 61 38 98 76 47 27 67 82 
73 70 44 46 70 31 99 51 54 71 55 96 91 5 51 
38 47 29 69 14 59 84 69 61 29 97 18 78 77 79 
25 84 97 30 7 37 67 26 33 73 16 69 22 19 69 
81 95 5 32 43 12 39 0 90 97 54 86 70 84 97 
45 30 16 87 71 91 33 10 4 23 14 48 9 67 79 
4 77 25 65 7 9 57 82 35 74 92 5 39 55 17 
98 73 82 40 90 1 67 4 58 86 40 66 0 58 44 
26 13 9 94 24 21 26 11 79 80 57 3 84 14 60 
28 79 33 17 81 94 82 20 26 34 13 89 91 57 65 
40 2 64 12 99 89 30 2 99 56 62 4 67 67 54 
19 13 79 75 62 46 90 6 4 89 64 56 0 15 3 
