19
91 38 25 5 58 5 24 69 18 7 16 99 20 43 95 79 88 77 67 
60 8 28 23 19 13 78 70 18 73 96 71 81 41 64 53 64 28 75 
64 52 91 90 68 35 62 6 34 6 95 86 89 13 34 10 55 42 25 
78 52 77 73 29 10 4 24 50 78 53 0 22 22 80 59 3 79 23 
53 65 37 43 80 68 65 5 34 97 53 45 88 20 74 22 92 85 31 
9 96 57 13 30 29 99 7 93 27 68 38 25 39 96 36 31 13 2 
54 57 40 50 94 25 2 33 24 87 40 69 43 77 44 49 94 78 25 
10 62 9 89 11 57 93 54 63 65 53 31 70 68 48 67 17 62 88 
98 9 41 78 3 0 9 32 54 90 12 42 11 11 76 62 47 30 7 
73 13 82 65 41 39 54 48 54 13 66 80 93 42 11 90 54 91 92 
19 8 45 51 88 61 23 14 8 28 31 55 80 79 43 88 23 36 3 
79 22 47 57 49 13 33 33 45 94 8 87 3 81 19 1 37 94 39 
49 47 27 57 3 22 29 78 58 38 60 57 57 64 77 60 59 5 0 
54 32 9 34 23 62 54 5 24 39 25 61 36 25 61 77 51 93 37 
30 71 17 40 11 32 67 7 58 84 99 95 18 43 65 80 14 11 2 
9 8 59 73 57 13 45 3 25 5 54 63 10 46 85 32 58 10 74 
99 2 96 76 1 99 54 32 29 34 61 17 74 60 84 73 52 17 32 
85 51 95 67 52 72 51 38 76 27 72 73 2 48 19 52 87 10 49 
37 34 48 50 59 8 30 14 33 57 56 91 83 69 18 15 97 79 44 
