14
27 96 89 11 55 8 95 81 37 74 4 65 15 6 
85 62 82 62 42 20 65 37 96 71 82 15 83 28 
43 66 94 16 98 98 76 55 63 29 80 13 46 31 
99 78 77 76 24 59 80 25 16 70 99 55 4 50 
94 58 36 57 34 23 45 54 0 60 45 54 91 40 
9 8 87 21 39 20 68 45 21 26 83 37 42 52 
83 84 96 21 86 67 98 30 99 59 82 60 11 43 
73 36 43 28 46 60 9 55 52 91 8 13 76 58 
41 13 95 96 84 53 60 67 63 58 48 68 5 2 
45 5 50 86 4 36 42 73 75 79 35 86 71 62 
11 73 6 33 42 13 83 70 88 28 72 93 33 55 
0 95 73 8 27 12 39 74 11 55 5 51 60 63 
98 48 86 42 42 76 41 49 13 45 46 48 39 96 
20 92 83 67 97 34 19 62 62 88 79 65 0 2 
