17
25 22 44 14 85 77 80 16 51 83 70 99 36 57 22 27 5 
7 84 71 3 77 87 45 87 1 23 9 55 84 17 47 70 44 
84 78 38 99 66 74 51 78 97 6 30 32 35 43 59 60 10 
31 95 80 8 53 41 83 94 92 60 62 51 90 52 22 72 47 
29 9 37 86 33 38 30 44 56 94 63 14 99 89 5 3 76 
76 79 11 3 24 75 54 41 59 52 29 84 53 47 57 43 17 
57 44 55 29 9 48 39 31 38 78 16 82 64 48 72 25 86 
90 91 26 86 62 79 58 88 91 0 43 7 19 39 98 65 27 
32 58 62 90 13 28 60 20 62 72 78 26 14 83 49 15 19 
39 62 61 28 49 58 96 38 21 94 50 57 23 3 8 9 16 
4 87 61 3 33 27 50 77 84 76 82 71 30 2 31 66 65 
38 63 15 35 89 58 64 45 73 18 98 77 14 89 81 37 95 
4 73 61 0 23 63 78 42 1 11 88 26 25 19 1 86 93 
72 27 70 46 58 12 89 13 94 36 66 8 76 47 41 48 23 
55 38 17 44 72 78 70 56 86 51 3 65 71 69 80 35 78 
30 88 45 35 37 86 79 27 71 95 5 75 98 4 31 28 27 
65 86 66 9 69 59 29 98 56 18 23 30 91 54 3 86 32 
