2000
648 1171
682 1204
212 374
129 481
129 1868
1444 1851
1025 1041
317 1913
167 1204
1142 1995
286 1062
1105 1995
820 1209
1158 1965
66 589
296 445
136 964
724 1597
1041 1121
324 1988
337 1949
1008 1114
923 1480
1445 1884
1384 1586
1776 1932
1263 1855
668 964
383 544
1305 1702
1355 1691
1113 1680
851 1272
579 1840
862 1162
322 698
427 1258
234 1944
110 1267
887 1258
1703 1877
578 819
110 1041
441 1650
450 1256
560 1272
547 1873
591 1575
1213 1449
25 1391
38 1082
141 1062
309 1553
338 743
1170 1284
1258 1739
296 322
1442 1628
66 568
11 1239
129 1973
337 1891
1324 1840
911 1650
394 725
1703 1975
602 1279
847 1367
715 1873
678 1234
1244 1620
337 1234
1158 1529
57 521
1505 1890
1034 1083
249 1170
469 1596
131 1348
716 912
1701 1796
1317 1789
1258 1301
350 1332
788 1305
718 1686
150 1993
283 1718
141 1078
491 1354
1115 1405
1258 1532
261 1348
260 1377
648 1788
38 1811
356 1829
236 852
699 1918
705 1535
424 1832
84 1724
1165 1840
28 1067
110 1995
802 1782
141 1866
383 1603
801 862
1718 1958
239 912
112 1337
86 1115
258 1467
55 595
637 1480
582 1244
57 827
626 641
1377 1950
819 1475
136 1403
423 425
973 1235
1066 1170
26 1475
326 1252
201 1496
595 1362
513 1469
1275 1840
363 1234
518 1628
611 1024
1045 1204
1486 1810
469 1450
236 1061
394 562
394 1730
469 1647
1117 1164
825 1440
718 1297
137 1597
802 1111
698 1230
170 718
379 1738
152 698
296 1279
136 191
56 300
47 698
129 1541
112 1012
322 1708
338 1644
289 1480
30 337
1957 1988
10 1796
1299 1355
317 1837
705 1544
82 1310
224 591
1355 1681
112 1363
648 1074
620 1505
468 1023
1144 1491
23 906
802 1918
808 819
327 1115
1239 1894
1213 1993
756 1780
403 491
1008 1439
337 1155
56 1545
142 1491
334 338
1386 1884
1239 1421
482 964
698 1342
214 469
1223 1239
469 912
610 1597
1475 1712
374 607
1793 1918
875 1901
66 1395
1055 1459
1170 1398
1024 1113
630 1170
1327 1508
342 1024
900 1170
1199 1855
0 591
1594 1832
1242 1702
487 1447
487 1555
1239 1648
730 1738
112 1120
1203 1845
511 1738
789 1258
1259 1305
987 1027
819 1822
756 1604
1505 1508
110 1775
274 487
1008 1972
837 1703
1189 1932
660 1702
779 1252
1185 1993
314 1117
66 464
394 1750
227 1855
543 1789
383 1150
819 1807
1348 1454
42 802
1260 1918
238 1873
1028 1113
1307 1440
234 847
57 1798
498 847
1761 1810
1474 1611
670 1664
705 1172
236 1969
136 1562
242 322
1650 1804
849 1789
1239 1446
1628 1844
258 1710
394 491
120 296
1170 1676
23 645
933 1988
296 1325
66 532
1024 1572
565 1738
132 1810
820 1234
847 1867
377 1113
256 802
296 1211
652 1718
350 1855
912 1136
309 1571
129 735
41 1305
1030 1924
317 1656
25 1881
394 922
735 1231
1041 1193
771 1027
491 1257
217 1474
654 912
149 1158
819 1413
656 1204
1229 1932
485 1810
850 1855
38 1233
471 862
450 632
197 1440
374 832
990 1901
847 1210
309 1599
847 1910
759 1840
24 141
593 1252
1597 1746
66 1695
1796 1964
598 1170
129 1951
669 1440
67 468
1034 1569
958 1459
1524 1918
740 1469
317 1527
647 1252
995 1855
826 1597
1244 1988
222 689
412 735
244 1008
182 1459
901 1258
912 993
773 964
1414 1469
819 1440
360 1377
1348 1425
1475 1827
420 1884
141 1963
1418 1505
1104 1840
215 1454
1112 1993
337 1916
38 280
425 1509
648 1893
1840 1925
819 1787
488 1586
337 733
296 853
1034 1115
820 1510
200 907
530 1008
756 1238
1113 1609
394 776
557 1480
993 1931
1610 1855
57 573
59 1158
110 321
248 468
1310 1861
1245 1703
25 736
226 595
595 904
141 1607
236 1274
997 1244
123 1789
1926 1988
1030 1854
57 196
1018 1993
25 1819
1203 1427
1355 1433
670 1197
468 896
394 1262
509 698
222 1006
1640 1855
1431 1810
1567 1789
329 591
200 687
1117 1617
23 1355
1452 1796
1027 1984
356 756
609 1988
964 1595
639 1024
857 1030
394 984
820 1218
964 1140
155 1586
1041 1201
1027 1309
186 1459
1461 1993
1103 1796
124 1305
946 1252
868 1508
38 712
703 1034
281 802
1454 1805
1027 1379
234 1990
1258 1443
234 1207
24 116
1679 1696
1434 1696
1454 1736
1116 1696
1718 1870
258 1291
1053 1158
350 1816
1248 1696
514 595
778 1475
1505 1880
1279 1900
24 1190
626 945
1308 1810
613 1505
1100 1377
339 1597
705 1474
1031 1203
136 1948
675 1062
401 1650
398 1873
200 1878
516 1459
381 1789
670 1909
980 1115
1027 1621
841 1239
24 1184
487 1537
56 1540
66 1022
698 1650
487 1345
340 1508
735 925
259 1474
892 1855
444 670
56 1758
468 520
596 1475
1258 1703
1335 1444
859 1650
862 913
25 1528
15 1272
862 969
718 822
341 1239
76 912
111 1796
201 691
298 648
469 976
383 1239
491 1688
1068 1475
23 1077
869 1789
626 1113
126 1884
337 741
844 1440
336 847
1876 1918
882 1305
718 921
407 1469
450 576
296 1526
4 1738
143 469
1491 1718
1744 1996
820 1743
1459 1475
1147 1491
805 1628
350 1380
1326 1586
1158 1735
456 1272
225 309
479 1884
23 735
1508 1585
996 1508
1158 1939
317 981
112 1422
374 1855
322 728
383 1268
350 534
1008 1310
1043 1454
552 1272
374 994
1034 1492
96 1113
1030 1410
102 1474
201 1584
1355 1937
1235 1905
561 1062
112 1559
356 1794
200 1282
1008 1955
236 1986
458 1505
56 1810
798 1024
295 847
1310 1399
112 372
28 755
66 1606
38 1978
1170 1459
862 1266
200 903
595 1480
374 642
383 631
453 1480
941 1272
964 967
917 1993
43 110
858 1024
1322 1724
1051 1474
461 1724
1158 1993
819 1697
950 1030
301 648
195 1204
1356 1873
397 1508
110 823
296 380
964 1685
375 394
1153 1840
257 1113
1843 1995
1059 1377
1024 1131
1377 1657
472 718
390 1586
1329 1586
1084 1305
761 1475
309 1237
760 1252
1316 1505
698 970
234 894
350 1167
895 1832
25 694
487 838
912 1630
201 763
296 1791
38 112
1235 1645
554 1158
24 791
1348 1568
539 1703
233 1279
311 383
800 1810
374 1639
1582 1810
425 1919
258 1764
28 1941
181 1702
110 1311
1279 1832
338 385
1505 1759
317 1221
56 1850
45 1348
297 1855
222 1936
1286 1993
1034 1911
430 1475
1020 1993
1711 1724
180 1252
222 1280
820 1141
258 627
50 136
245 1235
350 580
356 1122
27 626
425 1717
44 1235
469 1887
698 772
34 1855
1703 1933
364 591
1560 1988
68 1117
417 819
163 1650
450 833
1041 1253
817 964
1027 1847
1279 1498
66 1953
1037 1738
52 1738
1272 1947
451 993
112 955
24 661
122 1115
588 1597
119 595
141 799
670 1470
1590 1718
141 1087
258 1519
591 770
258 506
56 1600
705 1468
206 322
309 1666
178 1062
110 1014
828 964
529 1832
468 1159
66 478
1062 1690
141 1857
1079 1117
944 1995
872 1995
469 718
1050 1203
1213 1773
28 677
698 1825
81 1884
1631 1832
23 351
618 1115
338 1392
28 1062
1203 1875
322 746
437 1840
25 338
1134 1252
1454 1781
136 1716
1235 1448
556 993
234 1865
232 595
1049 1117
201 1987
698 1407
192 670
655 1988
1173 1454
236 1790
374 1779
1213 1635
1558 1932
1039 1244
296 1615
408 1744
1235 1705
309 753
608 1252
24 1388
144 1279
648 1917
394 1608
468 774
1272 1487
975 1469
571 591
209 383
35 1204
847 1557
234 1653
1191 1355
110 474
468 1432
23 1634
617 1650
317 1469
820 1709
236 709
23 1589
820 1663
312 993
263 1204
1319 1718
13 1252
365 1491
23 1883
1235 1945
251 1696
222 670
201 807
222 1884
468 843
1156 1724
1158 1628
964 1030
566 1988
563 1008
1062 1552
24 1684
370 468
497 1158
28 1593
337 695
309 651
1226 1272
1056 1744
382 491
979 1475
1475 1506
414 1024
128 356
23 884
83 337
811 1918
350 1928
577 1932
241 595
717 1203
65 1030
1098 1597
234 1019
1239 1817
491 1885
1016 1469
1508 1700
425 879
222 659
374 615
436 1213
1170 1404
1459 1580
49 1744
309 490
28 1383
1034 1614
1473 1789
1115 1625
662 1258
1032 1597
670 1168
276 1744
338 1502
847 963
294 1305
141 1982
1017 1235
136 1896
95 1444
404 1995
1178 1696
626 1642
845 1901
679 1832
1047 1597
56 393
1678 1703
517 1873
265 819
633 1279
867 1505
626 1303
626 1072
1109 1279
1855 1871
1459 1783
1204 1333
1188 1901
747 1234
1296 1628
1474 1882
780 1034
1372 1474
278 338
1352 1724
270 802
951 1454
5 705
735 738
487 1489
1213 1334
525 1024
24 70
1377 1683
1272 1340
317 1060
350 1373
1204 1236
236 664
756 854
201 1483
221 1203
1377 1720
502 1628
136 246
491 533
626 1000
815 1789
1702 1921
766 1252
1235 1371
991 1062
338 1574
208 819
862 1981
296 1565
585 1027
595 821
234 1252
1348 1669
39 56
491 1943
317 387
1393 1796
929 1718
470 698
203 1796
1305 1962
1213 1358
964 1375
820 1106
201 392
1451 1988
271 1244
450 1152
230 1702
698 1330
1294 1884
735 1623
494 912
1062 1638
1650 1800
830 1008
269 356
258 564
1370 1840
735 1977
1469 1556
383 1733
1258 1573
28 279
965 1030
1119 1475
1458 1505
847 1027
1323 1348
56 1967
23 1515
1381 1744
1650 1912
222 1778
425 1269
648 1148
425 926
931 1062
166 705
463 1034
234 1292
452 1988
1005 1113
1901 1932
1272 1463
25 1586
937 1901
802 1313
1287 1995
61 1440
1145 1744
28 335
322 1129
54 802
23 153
201 1484
75 802
646 1738
229 1789
1444 1525
258 1476
1027 1255
783 1170
542 1305
1762 1840
1024 1650
136 820
165 1158
29 1491
1158 1751
1455 1873
670 707
1517 1796
595 1488
587 1113
1030 1276
487 1534
356 1289
1738 1954
219 802
350 932
112 1989
1802 1932
1480 1499
337 531
129 889
356 1353
135 1628
28 1357
592 1873
1265 1469
1474 1835
258 1441
993 1833
1138 1480
1281 1995
346 425
468 705
40 1810
316 1234
769 1901
648 1646
1658 1832
718 1618
897 1718
572 1258
1027 1080
1459 1976
112 1671
1041 1479
871 1272
690 1305
550 1355
1436 1832
914 1586
880 1491
487 939
705 1784
296 1998
1675 1993
435 468
162 296
468 1665
129 1272
450 1232
172 1738
64 1873
367 1348
141 220
348 1586
1094 1491
672 1213
337 569
1234 1277
1235 1812
57 1117
66 477
1034 1058
450 1864
243 1459
1406 1469
581 1628
1024 1523
306 1703
188 595
356 1938
595 628
548 912
338 1073
356 862
862 1959
53 1377
993 1288
383 455
1170 1215
1454 1722
718 1298
250 1932
107 1310
352 1724
812 993
309 723
1063 1480
862 1668
349 1027
1126 1702
356 1302
317 546
720 1444
138 1597
1 1796
1591 1628
88 1027
1247 1918
745 1840
1429 1810
1117 1624
345 670
252 1918
337 1038
1718 1770
1485 1703
658 756
1041 1409
66 782
236 570
960 1204
1234 1923
28 399
293 1203
1852 1932
891 1204
726 862
273 322
322 721
1336 1480
1426 1884
350 1897
56 1694
129 1501
861 1030
38 1246
640 1650
100 374
757 1597
157 1628
1355 1503
258 1849
33 1696
428 1377
134 1113
277 1474
621 698
46 1305
1205 1474
3 1234
19 1279
1430 1932
1244 1796
1566 1702
374 526
23 1673
583 1993
908 1115
129 402
1203 1703
705 1714
670 1290
317 586
450 1377
1270 1855
368 1355
357 374
322 600
487 1348
18 222
425 1036
499 1158
222 1416
350 1961
354 1234
80 356
819 916
388 394
735 1902
1702 1898
491 1539
56 1139
24 623
394 1328
1462 1993
676 1252
1454 1655
322 739
333 1440
302 1628
234 1029
1107 1310
1203 1588
978 1810
1234 1799
648 1397
6 141
92 964
940 1258
25 1091
671 1034
986 1459
355 648
1252 1387
141 1803
756 785
366 718
1349 1508
258 1166
705 1090
820 1364
1065 1170
1744 1839
626 848
1465 1480
909 1988
1064 1115
66 317
487 1440
1514 1832
71 425
1493 1932
1305 1755
1041 1243
1034 1069
626 873
1228 1440
648 1491
223 234
540 1884
173 847
476 1491
806 1204
735 787
1040 1505
450 1310
622 1480
1234 1478
56 189
591 1907
537 1444
296 942
24 1490
1622 1832
1062 1551
31 136
983 1597
290 756
32 1993
758 1873
1570 1789
1008 1956
383 501
416 1310
1597 1767
1149 1650
993 1453
1041 1235
87 1474
912 1376
1170 1241
434 1628
57 804
670 1753
496 1062
1475 1520
129 1366
469 558
459 718
234 803
24 315
522 1508
310 1884
22 1203
1696 1932
183 591
200 1227
1054 1508
820 1760
108 141
1769 1810
60 1034
802 1892
881 1440
515 862
491 1979
1027 1182
322 1687
374 999
968 993
555 1932
1305 1346
541 1586
1305 1477
57 1240
369 1995
425 1971
73 1696
993 1530
338 752
38 673
505 1832
254 1696
1030 1460
376 1454
28 1222
454 1832
1041 1915
338 764
422 1724
1444 1901
705 1466
487 1108
429 912
450 836
705 1004
322 1706
626 1389
337 493
9 236
156 820
438 1884
247 1873
236 1906
110 744
1704 1796
1213 1583
1008 1920
309 1838
110 272
299 1008
1318 1480
262 1724
386 1469
847 1563
129 644
58 1279
1075 1993
964 1619
200 359
1602 1901
1355 1992
1113 1757
317 962
603 1995
62 1724
796 1474
284 1170
78 1901
287 383
151 322
469 1009
350 605
169 1703
1217 1508
1628 1995
112 1814
684 1901
210 802
1041 1543
57 486
1310 1826
14 222
218 1440
790 1474
332 1279
425 718
378 425
591 1203
200 1748
1474 1508
793 1244
129 1801
158 469
465 756
876 1355
1085 1204
38 1960
222 1516
722 862
36 595
91 1235
1456 1995
1369 1586
626 1719
1511 1855
1440 1654
1239 1378
898 1062
234 910
735 1564
719 1024
7 1113
756 1940
993 1859
394 952
205 1213
756 1579
727 1062
528 1348
112 899
1204 1820
110 1824
264 626
718 1587
234 653
200 666
394 1115
819 1661
110 1195
1491 1968
792 1024
1204 1796
1213 1903
194 1158
1766 1918
1702 1908
395 1718
394 396
1158 1331
1628 1729
154 1204
648 1869
829 1027
1203 1994
200 862
38 258
1099 1170
110 943
418 1117
1244 1412
236 1513
148 491
234 313
136 1785
57 1344
24 1547
222 1858
374 1092
670 1494
1158 1756
495 718
136 500
1258 1505
1440 1742
953 1505
591 1135
309 835
353 1459
253 819
136 957
17 820
177 1918
237 1995
356 864
473 1234
1030 1377
748 1444
129 840
130 718
1203 1629
38 1176
1198 1832
236 1707
1097 1796
200 1698
317 1070
201 1154
595 1626
1015 1789
1117 1306
201 966
374 1003
1202 1213
222 905
213 847
409 1918
296 1643
1699 1703
201 856
1024 1312
1143 1444
802 1454
356 1942
491 1538
688 1348
649 718
1225 1444
179 756
705 795
1254 1696
38 1983
1203 1601
1637 1932
356 415
57 1081
268 1491
175 1918
112 523
74 1444
1115 1206
595 1884
275 1810
77 1062
797 1113
1423 1789
112 674
1521 1918
304 1832
885 1115
1146 1377
1744 1840
930 1932
698 1914
492 1988
1258 1396
735 1667
510 912
389 1474
491 1786
160 394
337 1411
330 1718
874 1918
575 698
862 998
129 710
374 982
168 309
450 1578
350 1549
802 1157
285 1650
619 1041
25 198
145 450
318 487
1203 1361
383 512
749 1117
25 125
1400 1724
1008 1888
818 1884
1046 1117
448 1480
1252 1550
200 400
20 1310
947 1703
693 820
1355 1738
1030 1741
883 1030
878 1459
48 1041
1115 1125
117 234
650 718
1137 1235
1310 1763
425 713
305 1738
133 1113
109 112
680 1586
1561 1901
1160 1491
1177 1628
732 1696
591 1368
258 1737
469 1428
98 1884
439 735
591 956
201 1435
718 1035
216 1840
670 1264
236 1497
863 1239
425 775
255 338
323 802
750 1650
201 648
1244 1927
37 200
63 1480
1057 1586
38 1175
731 1855
204 236
971 1348
1374 1789
28 1415
1214 1840
1677 1796
129 161
322 457
1901 1966
222 1408
670 1174
350 1419
338 447
1689 1738
1359 1789
599 1508
928 1832
972 1718
147 1744
988 1234
714 1696
136 1086
1034 1632
1295 1469
1424 1995
66 626
1186 1988
591 810
1713 1724
460 993
338 1249
292 1348
735 1130
1011 1115
1444 1815
700 847
1204 1660
786 1810
553 1873
57 1980
487 1772
924 1008
590 1355
440 1113
1030 1293
1872 1873
1170 1438
1310 1848
72 1062
612 1113
704 847
328 1117
266 468
1724 1765
1385 1995
338 347
993 1749
236 1718
1321 1377
890 1469
361 1030
1491 1809
450 1768
681 705
23 1627
258 1873
551 802
698 814
1024 1806
222 358
1810 1873
927 1918
1008 1251
425 794
121 1918
79 1789
317 777
28 1726
1507 1650
110 1001
1213 1930
469 734
25 411
1348 1879
446 1718
616 1932
467 1586
235 1440
38 1612
595 1860
200 1283
236 670
920 1703
433 1810
374 591
8 1718
1444 1598
1355 1504
16 1355
1027 1360
1649 1901
784 1279
1365 1932
1213 1350
391 820
1041 1818
756 765
176 296
1089 1377
344 1113
634 1305
384 1030
468 1830
993 1314
319 1234
538 1454
756 1670
1444 1727
862 1895
146 1440
97 698
450 507
1377 1985
469 708
1279 1548
1013 1884
28 307
113 1988
648 701
258 1531
1444 1480
1180 1348
199 1469
993 1889
842 1855
2 912
705 865
1480 1500
24 421
394 1636
1459 1672
1239 1495
25 1300
1471 1505
735 1304
1454 1533
1239 1918
949 1702
350 1834
308 1279
106 1440
57 959
462 819
993 1305
258 1093
487 1641
475 1459
711 1505
12 1310
282 1873
56 442
222 1271
236 1991
57 288
862 1181
919 1213
57 1774
489 1702
1151 1235
1355 1886
936 1469
1597 1922
1464 1901
24 99
66 839
985 1244
686 847
1244 1285
1034 1224
846 1244
1118 1459
174 1158
201 425
737 1272
356 524
535 1718
371 1024
317 406
110 834
1200 1650
756 1338
809 1586
756 1213
1179 1901
129 702
23 1220
200 706
1128 1272
322 331
819 1795
201 1970
1724 1789
450 624
426 1117
595 1048
1258 1522
781 1884
21 309
337 1988
309 350
1576 1993
1310 1390
57 665
1208 1702
888 1252
25 974
1117 1252
164 322
38 948
567 1796
1475 1662
185 1505
234 1874
626 935
443 1650
860 1258
129 1952
767 1702
824 1117
1234 1754
696 1355
136 1693
141 816
469 1341
735 831
1586 1836
338 1605
545 1239
1244 1351
584 1235
635 1993
855 1505
663 1475
413 1703
1731 1884
1703 1997
468 491
89 1117
231 491
1454 1633
964 1974
629 1244
604 1508
1244 1728
469 1402
1163 1252
317 1740
591 1682
57 112
410 1203
1192 1491
1239 1899
918 964
1213 1723
317 1846
267 993
1444 1536
1480 1725
912 1613
296 1196
503 1993
1123 1696
1377 1863
140 1873
574 1810
1491 1842
1554 1696
1491 1821
405 450
626 657
1203 1934
184 1597
484 1469
1187 1995
912 1935
190 820
193 1454
1234 1437
1702 1789
1044 1440
626 1161
1027 1235
1592 1628
200 1832
742 1724
1096 1508
643 1115
450 1929
171 200
350 1216
200 1101
25 751
735 1261
1394 1832
1027 1853
356 729
431 1239
56 954
127 1702
201 762
56 1278
291 1855
487 1007
1132 1724
1457 1628
136 1042
1474 1652
527 847
136 1088
258 1734
38 1747
110 1183
1102 1213
1117 1250
85 1444
504 1310
912 1946
468 594
597 1724
373 1454
56 685
24 1597
964 992
159 1901
115 756
549 1703
57 1792
1034 1651
383 449
756 886
25 1674
105 1491
697 735
66 1797
1244 1518
705 977
1041 1320
207 491
893 1738
432 1258
670 1420
337 1482
1115 1999
508 1008
24 118
1052 1305
1279 1382
362 1469
1219 1272
1008 1597
1095 1348
38 1823
309 1204
938 1234
483 1873
25 1347
103 309
139 1744
222 1021
1702 1745
141 683
114 591
754 1988
104 1702
1010 1041
240 1995
601 1696
343 1796
480 648
1512 1738
383 1771
636 705
1310 1616
692 1901
1071 1377
56 1272
24 1904
141 1542
1235 1481
670 1124
1659 1932
469 934
961 1475
768 1279
862 866
1586 1724
1212 1508
202 1796
141 1076
28 1840
338 1738
23 51
28 69
902 1008
1475 1828
228 1244
466 1840
667 1738
1133 1444
450 1721
201 1831
383 1034
66 303
66 1343
1696 1856
101 1586
419 1474
90 383
309 1417
625 1459
912 1862
877 1310
819 1315
487 1692
468 915
519 820
559 648
23 187
614 1024
1034 1472
211 591
1026 1988
1110 1718
28 1715
337 638
383 1841
1170 1469
325 1508
802 1813
989 1239
870 1738
491 536
93 1115
1310 1752
606 648
1030 1577
320 374
425 1127
487 1581
626 1777
1272 1339
23 1401
25 1273
1169 1279
1062 1808
813 1348
1002 1840
1194 1454
1041 1546
112 1033
94 356
964 1732
