300
110 202
68 161
51 183
286 296
230 288
91 195
240 277
148 176
50 92
81 143
242 262
182 292
148 212
77 234
212 285
105 126
33 219
11 61
17 25
144 227
124 265
58 195
76 186
6 132
67 74
133 299
155 276
226 264
53 284
26 241
36 185
71 177
256 299
53 86
2 13
110 134
67 165
146 198
59 185
23 194
42 276
55 178
233 266
145 297
40 215
97 298
12 125
191 205
30 89
134 215
29 45
43 206
127 158
52 171
26 137
14 255
31 208
42 269
44 47
45 125
46 261
127 129
37 123
80 149
248 262
135 157
81 135
107 188
131 167
172 220
88 272
48 111
22 200
192 291
203 257
112 121
85 260
62 186
222 239
113 190
15 259
8 273
54 120
34 166
94 104
217 241
130 161
37 117
141 294
6 191
118 141
70 289
14 91
5 259
24 158
153 268
144 261
270 273
132 136
60 206
207 285
108 138
129 225
180 230
18 258
184 251
100 291
111 164
32 101
162 196
70 295
216 250
99 173
59 236
66 123
56 221
15 107
139 282
207 238
78 175
234 268
216 254
198 290
213 228
24 260
96 167
128 227
192 239
165 256
109 156
86 128
41 258
188 245
33 138
27 78
179 219
104 223
2 96
84 119
5 74
19 65
36 181
20 71
76 172
263 281
117 179
140 146
48 238
57 244
0 122
95 203
54 269
49 145
101 218
18 44
231 248
61 169
164 168
83 213
221 265
79 124
27 152
151 267
175 197
181 218
75 189
154 204
183 205
64 267
153 232
159 197
65 87
60 246
93 217
63 90
39 169
130 245
19 254
1 68
49 275
170 202
193 211
235 266
7 250
272 287
120 282
173 199
21 58
16 163
82 257
52 271
82 237
8 187
30 114
73 150
154 236
38 211
80 201
9 17
152 293
51 274
43 177
35 160
99 204
102 280
3 50
69 174
126 292
137 149
92 95
57 232
100 114
194 283
10 176
94 133
4 166
279 295
31 229
66 168
105 201
113 283
98 116
69 226
115 190
34 214
228 297
209 229
89 187
189 296
159 171
142 277
56 247
35 294
223 278
119 155
23 136
131 209
118 280
11 253
85 87
103 255
28 196
115 270
47 293
139 163
32 281
103 193
13 249
106 298
252 278
122 184
93 235
84 220
9 142
12 64
40 174
224 237
160 208
0 231
284 287
108 263
210 222
240 290
210 233
224 275
147 225
1 75
3 286
121 246
83 109
247 279
28 199
4 63
264 274
22 55
41 46
106 157
79 243
72 288
39 112
29 271
150 156
88 289
62 244
72 182
77 98
25 90
21 73
140 253
243 252
162 242
116 249
200 214
16 170
143 151
7 102
38 147
180 251
97 178
