2000
536 547
1674 1686
474 479
529 543
1790 1802
627 641
139 161
1712 1719
1517 1531
1322 1336
1017 1031
1227 1237
665 674
1883 1894
1208 1220
566 581
1148 1168
1712 1715
512 528
1921 1926
1414 1429
118 121
397 415
1359 1361
665 666
1883 1891
512 523
1494 1506
455 470
261 273
1396 1409
1980 1983
97 109
161 170
1980 1989
1865 1879
1227 1240
1091 1098
220 225
57 72
0 15
627 640
357 369
1127 1128
728 735
566 573
589 599
397 399
1338 1345
434 452
1903 1906
1359 1362
1301 1317
1176 1187
1377 1378
494 499
335 357
1414 1418
1692 1703
494 498
1614 1620
1244 1256
864 867
1726 1730
1577 1583
1960 1961
415 428
665 675
1921 1928
1883 1886
1055 1062
0 12
1728 1731
750 756
1476 1479
864 866
0 14
808 823
627 637
79 82
1991 1999
1921 1927
1692 1712
97 110
1208 1213
415 416
474 481
57 66
1359 1369
1559 1572
1319 1320
706 716
1017 1028
787 800
1839 1843
415 426
864 875
1767 1785
1921 1923
627 634
769 779
1142 1147
474 485
220 221
1653 1655
589 609
1262 1273
938 946
1940 1945
1674 1680
958 973
1168 1173
201 206
1785 1788
1055 1070
1414 1420
1971 1978
1319 1330
335 336
1559 1573
1344 1357
161 174
641 645
318 324
1805 1806
1844 1845
1921 1936
1454 1470
627 638
706 718
1538 1553
763 768
434 435
1454 1476
864 877
474 487
1883 1898
817 825
1396 1398
1903 1917
452 462
1614 1629
1227 1244
1514 1524
318 320
1414 1415
1454 1459
242 255
79 94
1825 1830
1559 1560
1634 1639
1844 1846
1986 1997
1189 1200
452 454
1805 1814
1767 1779
1319 1338
1865 1876
1980 1988
769 780
1825 1833
1476 1485
1091 1100
865 881
1903 1904
1940 1955
118 119
1767 1780
415 430
1208 1210
750 757
1538 1542
474 494
882 884
40 48
12 18
318 322
706 719
1921 1929
684 706
1301 1315
1286 1298
97 101
687 701
1903 1919
805 813
1559 1577
1319 1335
609 611
1168 1183
1559 1575
1705 1710
605 608
1414 1427
529 532
1055 1057
958 961
1844 1858
728 738
1595 1606
1883 1897
1785 1796
609 619
279 284
57 69
335 347
1280 1289
1338 1349
627 631
938 944
549 554
589 596
827 842
335 344
1127 1129
998 1006
152 159
1091 1109
998 1012
79 83
827 839
1301 1303
40 42
1073 1089
494 495
1538 1541
434 437
1893 1901
1017 1025
1767 1770
60 75
57 65
95 96
1476 1489
827 841
1634 1649
1653 1674
220 242
1244 1254
180 201
201 204
131 137
882 892
1091 1104
434 443
1595 1609
118 124
1073 1080
919 925
415 425
1732 1741
397 410
1865 1869
97 100
646 649
651 663
318 333
1767 1783
1785 1799
139 140
1595 1604
1055 1058
1712 1720
846 856
1514 1516
1339 1355
134 138
938 943
474 488
1692 1696
549 552
1030 1034
728 742
728 737
750 762
998 1011
434 439
1208 1209
646 661
1040 1054
1359 1363
376 382
979 998
769 776
79 91
397 403
19 29
1434 1444
756 767
1227 1235
1148 1158
415 427
769 785
1494 1497
846 859
728 741
1325 1337
357 361
750 765
938 941
1338 1341
1434 1443
1208 1214
376 385
300 302
1653 1665
79 95
1168 1176
627 639
919 933
938 952
242 261
397 411
1301 1310
300 314
1073 1087
1883 1895
827 830
566 568
1712 1726
1262 1268
498 511
827 831
944 956
161 162
1280 1285
1127 1148
958 974
1434 1449
1035 1049
938 953
1189 1197
188 197
589 594
1634 1645
805 806
1227 1230
139 153
1055 1059
1262 1271
714 723
1227 1232
19 27
1461 1472
549 564
805 816
434 436
512 520
189 198
343 355
938 948
805 815
1865 1866
1712 1713
1767 1777
595 607
1805 1816
1543 1555
1577 1588
1732 1744
19 24
1262 1276
902 917
529 530
464 473
814 824
1359 1374
719 725
1061 1072
1538 1548
261 268
161 175
1525 1535
898 901
775 786
750 769
979 981
180 193
1614 1617
1319 1332
979 992
1805 1809
1940 1942
1921 1931
684 694
1359 1368
79 89
1359 1375
769 778
180 187
1577 1590
1208 1217
1208 1218
1073 1086
1414 1416
979 995
1109 1114
279 290
161 166
300 315
1805 1819
609 615
589 593
1470 1475
919 924
279 300
300 316
684 691
902 909
846 848
139 146
1785 1793
415 418
728 729
1825 1831
19 32
1518 1532
1377 1379
300 318
220 222
1227 1229
161 165
902 919
1814 1823
1559 1561
453 469
1227 1233
220 236
180 196
452 464
318 330
19 25
979 986
118 125
1653 1659
300 301
242 250
415 419
1208 1221
609 613
118 126
434 447
71 77
1280 1281
1883 1890
1653 1662
357 370
242 248
1035 1050
1017 1027
1732 1742
1091 1099
1825 1835
139 141
693 703
938 949
1653 1656
787 801
722 727
261 269
279 280
769 770
1055 1066
1559 1570
1055 1068
566 575
494 508
1514 1518
529 538
665 673
750 760
376 389
646 657
529 539
646 648
1148 1160
805 819
1319 1325
242 256
706 728
979 980
1434 1442
882 902
40 54
1494 1502
279 282
1865 1867
180 189
589 604
1903 1912
787 803
1396 1411
512 517
919 926
0 9
1244 1250
79 81
1980 1993
1476 1477
716 724
382 394
1519 1533
1168 1180
566 589
728 733
882 893
589 598
1785 1795
769 772
1595 1607
529 536
902 918
1883 1896
1772 1784
529 545
769 775
1280 1282
261 272
1109 1121
118 134
19 23
344 356
1217 1226
805 809
846 861
1377 1383
1262 1269
1595 1598
1168 1172
1750 1765
474 476
1035 1041
1109 1125
938 940
386 396
1454 1463
1940 1944
787 790
1844 1847
1091 1101
1262 1266
1647 1651
864 869
864 865
529 542
750 752
1767 1772
1414 1422
1805 1812
357 376
261 265
1732 1746
1168 1179
300 308
494 500
318 321
750 751
318 319
1577 1587
1134 1144
1674 1681
1227 1239
1017 1019
827 846
0 5
1577 1593
1396 1399
902 904
609 618
609 617
1017 1035
684 692
22 37
684 687
646 652
376 392
1189 1203
1732 1745
846 857
580 587
1377 1382
1494 1509
864 879
261 262
1980 1995
1168 1189
1825 1841
1865 1870
1940 1946
1127 1130
357 371
1035 1039
1960 1971
1171 1185
1514 1523
1109 1112
931 937
290 297
376 380
882 883
1595 1603
19 21
1615 1631
161 167
1194 1206
434 445
208 218
864 874
1805 1815
1980 1985
1692 1702
1940 1941
1073 1085
729 745
1189 1201
357 373
1427 1433
1359 1372
1577 1581
1785 1794
1805 1808
1109 1120
1109 1118
213 219
1148 1154
1319 1326
998 1013
882 895
397 402
1595 1602
1201 1207
805 818
419 432
1634 1643
529 540
201 209
180 190
1538 1546
706 711
1262 1277
79 88
139 151
161 173
415 420
1280 1283
1073 1082
1343 1356
1492 1493
646 659
728 744
846 852
980 996
1396 1401
376 390
201 205
627 630
261 267
1865 1873
1538 1540
882 897
1538 1551
902 911
609 622
1508 1513
665 676
684 693
1883 1887
279 286
827 834
998 1007
300 312
805 812
1280 1296
1921 1924
57 73
1148 1151
1396 1405
1127 1135
376 378
1127 1131
1244 1259
919 938
1377 1387
1844 1852
452 457
787 799
646 651
1653 1663
1301 1311
1017 1032
646 654
1662 1671
1732 1735
902 905
0 7
1692 1700
805 808
1653 1661
40 53
1674 1684
1127 1143
434 438
1805 1825
397 412
397 405
113 117
582 588
769 787
300 307
1035 1037
1109 1116
1614 1624
589 603
1559 1563
864 882
834 844
481 492
1865 1883
1262 1267
79 84
787 791
477 491
434 442
494 503
234 241
164 178
376 379
1173 1186
201 213
118 128
1168 1182
1278 1279
1189 1194
1208 1215
750 754
609 623
1980 1992
1035 1042
1940 1951
1359 1370
1805 1818
1692 1697
1017 1033
998 1017
958 962
1980 1990
589 590
1980 1991
139 155
805 810
1494 1499
1825 1832
0 19
566 580
1476 1492
864 871
1148 1162
79 92
1244 1247
665 684
1168 1177
1280 1291
1137 1146
1732 1736
665 668
1522 1534
1365 1376
1338 1344
161 168
1293 1300
1227 1242
1017 1023
494 497
1319 1323
474 482
1601 1612
1974 1979
1454 1464
1168 1175
242 247
568 584
627 642
310 317
805 827
938 945
1767 1773
1750 1759
192 200
684 698
958 965
549 557
1805 1811
958 968
1148 1150
1692 1698
1285 1297
1434 1439
242 254
1692 1694
1301 1302
1499 1511
1414 1430
1037 1052
1280 1292
646 653
619 626
1595 1611
1577 1591
1091 1106
1674 1683
1785 1786
1595 1614
251 260
787 788
452 458
242 245
609 612
434 449
566 576
1825 1827
1091 1093
684 700
1454 1460
452 474
249 259
1434 1447
1750 1760
1825 1834
1595 1605
684 689
1634 1640
805 817
261 277
1168 1184
1494 1495
118 120
139 148
979 987
300 305
190 199
998 1005
1577 1585
335 341
1940 1949
357 366
1208 1227
1903 1905
261 276
357 362
958 969
1825 1828
201 220
665 669
1396 1402
1921 1935
494 496
201 216
1301 1309
180 186
282 296
474 489
1189 1190
1865 1880
1614 1630
542 548
318 329
1227 1236
1338 1353
1091 1097
1109 1117
180 195
1577 1592
357 360
684 685
566 571
958 967
1280 1301
1208 1222
1035 1045
97 113
1494 1505
57 61
549 563
750 766
1244 1246
1825 1844
665 667
335 346
180 184
735 748
1653 1664
1546 1557
1614 1615
422 433
118 139
1514 1522
665 678
141 156
627 636
1960 1962
1494 1510
1055 1063
1595 1610
1911 1920
1577 1586
1750 1762
697 705
1865 1874
1396 1408
1109 1127
1767 1781
337 352
220 231
1091 1094
1844 1854
958 971
1903 1921
938 939
769 781
1116 1126
125 135
1712 1717
279 289
300 303
827 828
646 650
1454 1456
1614 1618
139 150
787 792
1476 1487
1940 1947
589 597
1476 1481
300 306
220 235
118 131
1055 1060
979 984
139 154
1960 1966
434 446
452 460
291 298
827 832
640 644
846 864
566 570
1921 1922
684 690
1208 1219
318 323
1538 1552
1127 1134
943 955
1454 1468
300 309
721 726
1035 1043
1377 1396
1005 1016
1903 1914
938 950
1883 1888
665 677
1785 1798
1189 1192
846 847
1425 1432
1614 1623
706 709
1514 1530
609 610
9 17
1883 1884
474 483
1503 1512
1674 1690
1844 1856
728 743
357 363
434 450
1208 1216
40 45
706 713
549 562
827 843
805 821
787 802
318 327
1414 1424
361 375
750 759
201 212
1653 1667
646 662
279 294
434 444
23 38
609 614
1653 1666
318 328
1514 1519
40 50
1538 1543
1396 1414
1538 1554
665 680
381 393
1712 1728
376 381
1262 1270
805 820
1319 1329
864 876
769 783
1921 1925
97 103
1732 1740
512 526
474 480
1414 1423
1785 1800
1393 1395
1017 1022
1127 1138
57 68
882 887
161 172
1091 1096
139 147
279 288
1476 1483
958 970
1055 1069
979 993
938 942
1559 1564
494 506
787 789
549 560
919 935
728 731
750 753
677 683
787 797
998 1014
1940 1948
1319 1322
1494 1500
1109 1113
1732 1734
805 811
1634 1641
1825 1840
1514 1538
627 643
1844 1849
1514 1527
566 579
887 899
1891 1900
279 285
474 475
1148 1157
1881 1882
40 44
97 112
902 914
1319 1331
1434 1436
1441 1452
1865 1881
231 240
1244 1249
1742 1749
97 106
220 226
58 74
1227 1234
1844 1865
1377 1389
902 907
1301 1306
919 923
1359 1364
1396 1403
627 633
1338 1359
1883 1892
201 207
300 313
646 656
1653 1654
827 835
1319 1321
1414 1419
40 47
40 56
1577 1580
549 558
1035 1046
1948 1958
1148 1161
706 721
1244 1258
1767 1778
1127 1139
1825 1838
161 176
728 732
1960 1963
1035 1047
434 440
684 699
474 490
1055 1061
1903 1916
1454 1455
1858 1863
439 451
1817 1824
1244 1245
1605 1613
1653 1669
1932 1938
279 283
1785 1801
1476 1488
1444 1453
139 152
1301 1313
706 712
318 332
902 915
902 916
385 395
728 740
139 144
902 912
1750 1756
549 551
1476 1491
242 243
1189 1191
1692 1708
882 891
728 750
990 997
1073 1081
998 1001
57 71
1960 1980
1844 1855
1960 1970
1750 1757
1692 1699
279 295
864 870
300 311
1692 1695
864 868
1454 1462
549 561
494 507
1785 1792
1377 1393
261 274
512 521
960 976
201 214
1227 1243
0 16
1434 1441
1434 1450
220 229
1073 1079
1017 1030
397 398
474 486
609 616
684 697
1712 1732
706 710
732 746
335 338
1350 1358
1377 1380
882 894
1883 1889
97 108
376 377
1750 1753
1844 1859
242 258
979 985
882 890
1712 1722
1280 1295
1091 1092
118 132
161 177
1396 1404
882 888
1055 1071
696 704
1414 1417
566 572
1712 1716
1262 1275
180 183
979 983
1189 1202
1528 1537
1903 1911
750 755
549 565
1921 1937
79 97
1577 1579
1301 1308
1214 1225
706 714
452 467
0 1
1844 1850
397 409
1865 1868
665 679
1153 1166
180 185
827 838
529 541
1883 1893
1674 1692
139 142
1614 1625
118 123
958 963
79 86
1157 1167
397 406
1377 1386
1712 1724
512 516
1674 1682
1577 1595
1109 1124
1434 1454
1494 1504
1359 1360
684 686
1338 1354
318 331
279 291
1178 1188
1732 1737
261 270
1463 1474
1244 1252
1793 1803
1614 1634
1577 1582
1168 1171
1359 1365
1559 1568
1559 1566
40 51
820 826
1396 1397
846 858
1127 1132
1514 1520
1750 1758
609 620
1844 1857
139 145
57 67
769 771
1634 1647
415 434
1338 1351
1189 1196
1674 1677
1595 1608
512 522
979 982
1148 1153
19 35
1244 1251
1559 1567
1921 1930
1476 1486
242 251
1653 1657
529 537
161 180
335 343
1732 1750
589 592
1377 1388
1767 1774
397 400
1805 1821
750 761
40 55
1665 1672
1017 1018
846 855
706 708
1262 1264
1844 1848
1750 1755
1494 1496
750 764
180 191
57 63
882 898
919 932
1262 1265
1476 1490
902 910
79 87
1476 1482
1476 1480
1732 1747
1244 1248
1865 1878
220 230
609 621
1148 1149
549 553
279 292
1960 1973
1538 1550
1624 1632
1414 1421
1692 1704
1692 1701
549 550
576 586
1767 1782
1825 1826
1750 1764
452 463
1712 1721
1168 1174
958 966
566 582
672 682
1940 1956
1462 1473
1208 1211
512 519
1965 1977
1653 1660
827 833
220 234
938 954
655 664
415 424
919 934
512 524
572 585
1577 1589
1189 1193
1086 1090
1377 1392
180 194
646 658
958 960
19 40
1262 1272
40 49
1377 1391
1494 1507
1559 1571
1750 1761
1494 1508
589 591
1634 1638
529 549
512 518
1055 1067
1073 1091
1674 1675
1692 1706
1653 1668
376 386
1073 1076
846 851
360 374
1883 1899
1319 1333
97 99
1301 1319
1614 1628
180 188
1280 1293
1845 1861
19 30
769 773
706 722
376 387
1750 1751
1017 1021
376 391
335 342
1377 1381
529 533
1301 1314
1883 1885
974 978
1844 1860
1073 1083
1903 1913
1960 1974
1655 1670
40 46
452 466
998 1000
1127 1133
242 257
1595 1597
1434 1437
706 720
161 163
340 353
97 107
1227 1231
950 957
1418 1431
1538 1559
742 749
1718 1729
335 349
40 43
1319 1327
1017 1020
1377 1390
177 179
415 423
1168 1169
566 577
1189 1208
566 569
1109 1111
103 115
1035 1044
1634 1635
1595 1596
318 325
1208 1223
261 279
1559 1562
1454 1469
1148 1152
1767 1769
728 734
1017 1024
549 566
1434 1435
0 6
1055 1056
1338 1346
434 448
750 763
998 1010
459 471
646 665
279 287
566 567
1150 1165
1262 1280
220 223
1359 1377
1168 1178
1396 1400
927 936
242 244
1301 1305
494 501
1706 1711
979 988
1538 1549
1073 1084
919 929
79 80
1189 1205
882 886
1785 1797
1262 1274
1280 1290
567 583
1559 1565
1476 1478
549 559
494 502
21 36
684 695
57 60
1017 1029
57 59
64 76
57 79
1614 1616
1514 1515
1387 1394
979 989
1319 1334
902 913
1035 1040
118 122
1244 1255
452 465
1674 1679
412 414
226 239
968 977
335 337
0 8
1396 1410
118 130
1614 1622
1189 1199
627 629
1359 1367
1825 1836
1538 1545
1310 1318
1785 1790
1434 1446
180 192
261 264
1544 1556
1653 1658
919 928
691 702
938 958
57 64
1935 1939
1945 1957
482 493
998 1002
769 777
958 964
1127 1140
512 513
1634 1642
589 601
1960 1975
1454 1467
1091 1102
1148 1159
1921 1934
1073 1074
57 70
452 461
1514 1521
1035 1036
1732 1743
1805 1813
1895 1902
57 58
787 793
261 266
1940 1952
512 525
19 31
512 527
1338 1343
1538 1547
805 814
1359 1373
958 972
220 227
1262 1263
1940 1954
589 595
19 33
1301 1304
1674 1685
1168 1170
919 921
397 404
1903 1918
1414 1428
1055 1073
1091 1095
40 57
846 854
1785 1789
474 484
1091 1103
1921 1933
1844 1853
529 534
684 688
1559 1574
1359 1371
1454 1457
223 238
1732 1738
1805 1817
0 13
919 927
646 655
1109 1115
434 441
1494 1498
1852 1862
1805 1810
1732 1748
97 111
1095 1108
1553 1558
665 672
1649 1652
627 646
19 20
882 889
201 217
335 351
864 878
261 271
161 171
1280 1294
1434 1445
665 671
891 900
1980 1984
609 625
1634 1653
589 600
1559 1569
1903 1910
1785 1787
1476 1484
549 555
1980 1981
1805 1820
1289 1299
242 249
846 853
609 627
1980 1987
769 774
1667 1673
1399 1413
1148 1164
1244 1253
335 345
1865 1875
1280 1286
494 505
846 850
998 1008
1148 1163
1280 1287
1148 1155
1903 1908
1674 1687
769 782
646 647
1987 1998
335 339
397 408
357 368
979 994
1109 1123
1514 1528
902 908
1244 1257
769 784
1514 1526
415 429
118 127
376 384
376 383
807 822
841 845
220 224
1692 1705
242 253
1921 1932
1595 1601
397 407
0 10
97 105
919 920
787 795
827 829
1980 1982
1634 1636
1396 1406
201 210
1338 1342
512 514
1732 1739
1017 1026
566 574
998 1004
1692 1693
0 11
1805 1807
609 624
1980 1996
97 98
201 208
221 237
589 605
357 372
529 535
1377 1385
201 203
1127 1142
1940 1953
461 472
1434 1440
341 354
201 202
1903 1909
72 78
938 947
1692 1707
357 367
335 348
1712 1714
32 39
1634 1650
1526 1536
846 860
40 52
1825 1829
1189 1195
592 606
1634 1644
1577 1584
1301 1312
79 90
19 26
1227 1238
1903 1915
494 504
938 951
357 364
220 228
1767 1771
415 422
153 160
1127 1137
19 22
397 413
1127 1141
846 849
1825 1839
1812 1822
1454 1458
958 959
979 990
357 358
1035 1051
1614 1626
1073 1088
79 93
787 805
1940 1943
1980 1986
1960 1967
261 263
665 670
376 397
415 421
1750 1767
1674 1676
787 798
97 104
494 512
1091 1105
1127 1136
452 468
1055 1064
1002 1015
1538 1539
512 529
1595 1600
1785 1805
1686 1691
827 837
1514 1517
1565 1576
805 807
1073 1075
357 365
1750 1766
627 635
474 478
1860 1864
1476 1494
139 143
959 975
1359 1366
1960 1968
180 181
1301 1307
706 707
279 281
1189 1204
19 28
109 116
1750 1763
261 275
1514 1525
864 873
1865 1871
1960 1965
1396 1407
1614 1619
376 388
452 455
1148 1156
535 546
787 794
1038 1053
1634 1646
1960 1964
161 169
1073 1078
728 736
1785 1791
1960 1972
1940 1950
415 417
827 836
300 304
1244 1262
79 85
750 758
1694 1709
1494 1514
1494 1501
40 41
1960 1976
856 863
397 401
1712 1718
0 3
706 715
1319 1328
474 477
318 335
1109 1119
1437 1451
979 991
97 118
902 906
1674 1688
512 515
1338 1352
1865 1877
1244 1260
1091 1107
1750 1752
1055 1065
998 999
57 62
0 2
1949 1959
1767 1775
958 979
919 930
1319 1324
129 136
220 233
919 931
161 164
142 157
1980 1994
268 278
1035 1048
1168 1181
998 1009
1208 1224
846 862
1434 1448
728 730
1301 1316
494 510
1454 1461
1338 1348
1338 1340
1767 1768
300 310
1414 1426
1750 1754
318 334
242 246
1767 1776
494 509
684 696
1614 1621
452 459
1434 1438
529 544
1833 1842
1338 1339
1135 1145
882 896
1280 1288
118 129
357 359
1712 1727
1844 1851
118 133
1245 1261
335 350
549 556
1109 1122
1227 1228
1732 1733
882 885
1903 1907
452 456
1338 1350
1940 1960
1712 1723
201 211
1865 1872
1577 1578
728 739
1674 1678
529 531
1634 1648
1674 1689
1634 1637
566 578
180 182
646 660
1883 1903
0 4
220 232
627 632
589 602
1414 1425
1494 1503
1454 1465
864 880
1109 1110
1396 1412
1262 1278
1589 1594
998 1003
101 114
1189 1198
145 158
415 431
864 872
19 34
452 453
1800 1804
787 796
1035 1038
201 215
1825 1837
242 252
827 840
1414 1434
1338 1347
1538 1544
1208 1212
1514 1529
294 299
665 681
335 340
1595 1599
1280 1284
279 293
1073 1077
627 628
1712 1725
1377 1384
733 747
919 922
803 804
1454 1466
318 326
139 149
1960 1969
1626 1633
1035 1055
97 102
706 717
1921 1940
1614 1627
1459 1471
1227 1241
902 903
