2000
456 739
143 1394
501 699
594 1398
1091 1698
104 1298
242 1571
1364 1373
48 1038
3 1930
63 1343
1431 1780
663 1888
478 1176
461 1337
1321 1526
242 1062
531 860
419 934
176 1419
64 1781
1606 1826
602 1472
879 948
809 1418
154 213
575 1462
132 252
242 1366
17 522
613 1443
1910 1930
602 610
670 1282
1455 1556
1101 1343
109 1930
984 1997
48 1494
1385 1789
961 1434
406 1055
591 1997
377 696
575 1679
825 1450
699 1591
307 905
1450 1517
401 1740
577 1211
651 1024
48 603
191 252
1078 1418
260 925
1131 1253
123 577
934 1136
167 865
169 1956
739 1025
530 898
1112 1503
602 1844
311 1450
807 1063
267 346
494 861
50 1357
104 1684
500 999
370 1395
208 942
768 1671
1671 1956
13 785
461 1956
1339 1421
48 596
148 267
665 1252
52 1037
401 678
555 1638
16 1433
735 1537
647 1649
253 954
849 1176
505 728
490 776
1536 1894
732 1020
1566 1884
1769 1954
1228 1434
500 597
386 553
153 1381
387 1450
530 922
386 1323
114 1929
826 1434
1477 1773
104 571
649 1431
538 1422
373 533
1072 1375
214 1433
116 1282
65 1892
547 1956
575 1418
671 1729
203 739
895 1820
494 1944
461 1496
388 1935
41 1947
390 1563
465 1207
334 1140
461 1864
606 1418
500 1104
976 1524
1294 1956
215 386
684 1581
218 331
1433 1514
575 1317
765 1477
667 1762
1211 1259
348 625
127 439
114 966
361 1762
986 1827
494 1541
1075 1455
113 154
436 1356
317 1291
134 537
700 976
1127 1279
13 1716
127 217
123 901
154 1135
363 578
1263 1398
1434 1871
52 520
489 684
1044 1176
253 1163
1022 1044
530 1803
1200 1207
436 1599
1333 1505
154 193
121 810
827 1339
1155 1287
1001 1975
602 1302
13 38
1578 1945
390 1762
613 893
468 1878
252 550
948 1424
371 1789
253 947
795 1478
790 1226
1253 1916
123 1597
32 1826
873 1930
534 1509
893 1165
654 1434
52 1779
1762 1952
181 461
781 1053
540 1398
404 934
807 1369
208 352
653 1791
732 945
734 1207
85 1253
613 1207
121 1122
766 1174
89 1291
1333 1654
184 1785
1498 1789
194 1375
142 1735
315 1120
575 1570
127 333
67 790
531 1960
548 1762
174 1826
525 893
487 960
123 1401
194 1268
328 494
548 1733
245 1398
602 1061
1183 1218
934 977
501 1607
339 1983
739 878
1671 1832
367 1096
401 1139
48 876
127 537
1211 1444
370 1499
777 1740
154 485
253 1321
421 530
121 688
14 1853
13 1964
41 1001
500 504
457 1291
495 684
1266 1375
425 1211
370 1850
1119 1878
436 817
808 1439
925 1267
1375 1941
384 1200
479 1852
104 1349
490 1261
1174 1637
663 959
1364 1393
646 948
575 604
527 1287
1262 1583
423 1176
291 575
1388 1450
602 791
436 1008
732 1807
1370 1956
127 1750
1217 1986
513 1892
1107 1422
500 1379
463 1689
1434 1945
728 1094
696 1653
394 684
976 1398
415 1983
368 1084
207 696
390 1882
1333 1924
934 1084
807 1070
1455 1819
1167 1431
575 1821
529 1431
1364 1411
1915 1934
306 370
127 722
401 514
276 1418
537 1286
683 1331
390 1892
789 1720
1230 1956
52 883
1477 1478
753 976
1340 1884
401 641
1433 1740
925 1258
1331 1855
307 1550
26 1120
129 728
436 664
1551 1762
790 1646
1696 1983
401 637
1154 1740
821 1421
1176 1333
602 1536
925 1158
48 1668
531 1490
1176 1295
21 1134
577 1543
186 1612
739 938
1314 1884
1113 1434
925 1103
41 1420
499 1933
1217 1236
1322 1477
242 518
242 1776
58 1398
983 1339
283 1884
1873 1915
562 1401
390 1374
390 1476
386 919
253 1396
141 1174
613 1117
370 1120
490 1874
386 1495
1330 1762
1339 1365
920 1282
1930 1989
103 556
127 1739
123 247
851 1134
955 1821
1120 1783
1041 1044
13 1717
1112 1973
613 1457
390 1098
494 829
739 1993
327 1536
121 707
39 539
390 1590
807 925
445 1892
548 1565
1327 1528
500 871
278 1112
1398 1510
595 1090
389 401
939 1418
1084 1109
479 960
154 307
1421 1744
370 893
242 1790
866 1321
370 1856
1375 1936
1333 1958
48 1691
407 531
48 531
253 1625
1034 1774
548 1647
1127 1202
103 1669
437 704
420 1422
1134 1285
1454 1892
500 1324
60 1527
401 1905
512 934
426 732
208 235
1217 1270
1097 1217
386 960
1331 1867
671 1762
917 1878
832 976
925 1626
575 1700
318 704
699 1721
684 1352
77 1220
592 960
518 1169
951 1789
393 863
927 1826
1759 1789
994 1478
728 1392
310 1034
1211 1727
1127 1465
378 1333
255 1331
9 893
696 1375
893 1126
589 1174
211 1359
925 1363
531 1334
790 799
10 1195
209 1321
249 1997
103 848
548 1502
1680 1781
976 1620
1878 1900
779 1331
500 1368
455 1421
390 1175
1527 1781
52 246
52 1076
732 1291
1120 1968
114 617
286 704
577 581
285 1826
602 1585
127 1106
728 1360
728 1990
914 938
103 1282
654 1453
593 1418
858 948
1181 1333
416 1282
267 1171
1527 1784
1418 1469
715 1826
699 1651
117 1915
442 1884
381 1287
1433 1722
1080 1434
814 1127
681 1399
1343 1829
1470 1892
1010 1141
258 1892
52 1953
558 1115
684 1763
580 1253
1402 1890
1152 1333
498 633
728 1248
1050 1915
699 1478
441 1477
1824 1909
660 1321
668 1930
1084 1805
837 1878
490 1767
816 1740
790 1948
622 739
904 1997
531 712
331 704
114 647
1105 1225
553 1842
1536 1569
236 1549
369 790
388 733
663 711
293 401
1835 1956
741 1034
1064 1547
948 1883
1211 1811
575 634
248 663
145 971
401 1974
24 910
1488 1997
523 732
430 1884
696 1995
51 252
948 1216
461 996
1207 1311
635 1343
1246 1433
1303 1884
1382 1455
728 740
138 948
862 1422
1176 1358
1433 1667
602 1213
1628 1789
704 808
1217 1409
684 1644
41 1102
52 367
936 1878
896 1566
208 267
271 1966
1364 1879
1331 1701
1516 1919
126 1282
458 1455
123 948
401 1889
1253 1482
1536 1538
613 1376
1162 1418
320 1044
252 1134
802 1217
739 1724
390 685
97 1217
717 1112
251 1282
268 1287
915 960
976 1603
461 1372
267 1859
481 1287
718 1120
565 1140
1140 1277
1044 1466
190 590
1321 1837
127 1027
662 1224
1459 1915
1253 1891
620 1140
960 1583
475 1433
48 1796
154 658
301 494
114 1047
1332 1536
1414 1422
602 626
1040 1287
1112 1421
1016 1207
812 948
252 585
83 1482
967 1339
277 1930
805 1762
179 1398
121 1753
28 531
1282 1408
1284 1532
694 1398
531 924
771 1044
257 1478
1065 1484
107 154
747 1176
296 893
1312 1364
1056 1892
1455 1955
1188 1536
261 750
405 1792
12 577
71 1174
1683 1878
121 1579
1341 1527
1584 1878
172 1826
757 891
154 1066
401 931
1551 1980
677 1174
762 1983
492 1034
548 1950
370 1705
440 704
168 1884
287 1084
684 1862
106 1421
123 1658
1140 1417
1140 1480
41 1593
1838 1915
418 704
208 895
972 1824
1051 1431
894 1450
1670 1671
531 1129
1364 1911
459 1333
370 1609
728 1723
401 1640
61 242
1434 1786
388 1919
490 1946
1371 1433
807 1548
1071 1455
1011 1044
281 704
127 1712
143 982
1333 1512
599 704
1687 1930
166 1421
103 528
464 1671
531 926
114 819
874 1983
103 748
1391 1781
577 1839
893 1731
1229 1375
494 956
508 807
263 925
1335 1434
960 1073
502 1134
1781 1998
267 1539
575 598
173 1450
143 1086
587 893
104 366
104 1761
973 1845
385 1632
1375 1604
149 1915
148 1196
1058 1947
333 1988
1781 1963
383 1084
415 417
1044 1276
5 48
104 125
732 1938
295 1134
370 1595
267 1118
1238 1282
739 1455
656 1418
953 1084
979 1527
240 1364
104 1799
313 732
253 1331
406 1174
1120 1212
1315 1915
267 1185
127 578
1364 1596
461 1908
1140 1406
436 780
282 388
242 1172
252 1214
703 1046
695 1321
871 1518
161 732
680 1956
48 509
171 1789
1120 1134
597 775
500 673
645 807
105 1339
484 1671
379 934
143 609
143 1460
90 1810
490 844
640 1253
114 436
267 1271
811 1217
362 699
1445 1884
537 1801
53 1478
364 613
1029 1254
1252 1478
48 1765
6 1207
1127 1204
1398 1564
561 1174
1018 1781
123 264
370 1485
78 370
1282 1775
548 1574
490 1520
13 1877
630 976
162 382
629 727
1674 1740
1054 1521
530 842
577 1183
274 816
1442 1861
395 613
347 388
74 494
75 1253
395 794
551 1477
121 1598
41 1754
531 1906
401 1540
976 1310
1364 1892
918 1871
1331 1866
398 1983
103 433
104 1426
84 1740
115 461
27 1789
20 114
267 1233
41 887
852 960
4 277
577 990
1331 1737
121 910
435 575
790 1032
76 1477
669 1383
1221 1826
370 1435
190 732
316 663
41 1224
582 935
225 1282
1147 1211
1166 1701
1215 1322
486 696
226 1112
397 1034
2 1536
1150 1421
153 1671
123 1601
401 1605
177 1120
211 960
11 1176
537 572
494 699
822 1287
841 1884
55 401
252 1339
1339 1523
388 912
537 729
729 1205
1278 1418
536 925
1112 1660
271 1112
1421 1994
289 307
1422 1794
341 677
732 1491
739 1083
1174 1610
624 1211
790 1983
482 790
234 1536
370 1090
526 1331
732 1536
833 1429
94 351
1174 1232
159 1174
143 488
1375 1657
48 1068
62 411
127 1672
461 1142
128 1343
633 1477
253 611
386 1284
893 1452
256 1333
332 604
436 1673
934 1333
549 1184
266 1826
925 1000
903 1789
699 738
288 548
1182 1434
893 1354
1112 1209
1009 1034
970 1930
104 675
925 1049
0 252
1217 1474
72 1207
1745 1915
631 1762
154 991
272 807
701 923
1110 1878
1140 1884
1036 1338
728 933
242 684
304 1112
164 884
958 1321
305 1983
8 154
797 1956
1650 1956
163 500
250 1781
253 338
390 1402
782 1034
143 1441
783 1614
1762 1897
1234 1418
1602 1983
392 960
1244 1340
563 1398
452 537
1536 1675
208 1732
843 1343
985 1956
1431 1878
1789 1823
1318 1878
150 1478
725 739
280 307
224 957
123 1243
1253 1655
143 1463
1384 1455
146 1840
510 1217
1217 1756
66 530
1333 1345
529 583
1504 1740
790 892
921 1833
1232 1937
45 530
13 1089
35 1211
386 1802
196 980
41 1014
1120 1957
1343 1434
270 537
155 602
1134 1544
307 618
602 1629
127 686
197 537
1034 1416
559 1127
351 1478
960 995
454 548
699 928
298 1907
253 447
1253 1932
307 853
376 1841
1433 1822
548 1923
103 992
875 1331
265 732
690 1421
807 1500
262 948
689 739
102 1956
14 114
530 652
258 784
1377 1477
684 1662
751 1477
202 1375
1418 1789
52 312
1290 1382
1407 1997
490 1587
499 1826
1795 1985
1389 1725
1127 1979
960 1875
188 260
1419 1478
477 1008
579 950
663 1082
1173 1321
494 1223
41 444
663 1199
123 355
1471 1671
360 728
294 1983
893 1383
1033 1375
1156 1375
244 1834
410 684
290 1433
980 1740
867 1740
531 691
521 1321
490 1433
530 642
948 1013
114 1513
934 1939
1111 1127
535 925
696 886
868 934
1084 1240
436 1533
1403 1956
1253 1704
154 337
353 948
208 292
1253 1287
208 443
1121 1211
461 925
466 1997
143 1991
1558 1983
1416 1575
1015 1915
866 1777
544 1762
880 1217
1034 1930
807 1308
807 1751
614 1997
744 1084
1770 1824
531 1714
39 1740
847 1492
22 96
114 1872
909 1999
13 1313
1144 1207
503 692
252 1713
684 1930
41 1940
131 1450
429 1878
494 1077
1140 1300
449 696
497 1477
158 1873
386 552
103 1187
436 1828
1174 1589
1695 1781
1600 1824
628 1525
130 252
152 1282
602 1043
342 490
1007 1450
839 1034
882 1093
807 813
913 998
699 1486
758 1407
1081 1134
1006 1422
934 1577
323 1127
267 344
925 1681
602 1208
584 1651
151 388
754 1878
52 1138
1671 1678
1134 1816
388 1616
329 1789
1160 1422
500 1399
29 390
1247 1930
807 906
242 297
997 1127
1112 1239
365 1527
663 1907
44 807
1527 1685
1 790
43 104
1028 1421
350 960
325 1527
461 1546
388 530
73 490
336 1431
267 1743
650 1253
178 208
1674 1797
1289 1398
119 1127
1552 1930
431 1421
127 1826
1108 1211
13 1781
684 764
575 801
684 804
893 1153
663 1446
1140 1489
386 1361
1112 1846
133 1134
127 302
129 541
696 1291
114 1159
1053 1884
1072 1572
925 1039
1466 1648
1325 1478
509 1970
201 613
682 1339
52 1450
403 627
41 636
1781 1921
566 1997
436 1560
388 890
1021 1291
1321 1447
1347 1892
143 655
732 1161
1422 1997
295 1123
13 755
448 699
461 1710
575 1253
13 1659
319 400
1434 1473
1343 1982
473 531
1140 1834
902 1084
1207 1455
1112 1114
114 1319
506 1431
576 1174
104 534
491 1291
569 696
1627 1983
1091 1892
170 1333
661 1434
1333 1633
968 1789
154 184
103 307
1455 1809
208 930
299 1084
1598 1880
308 790
632 1044
976 1405
221 1826
976 1707
546 925
548 601
253 1064
1017 1983
730 1217
144 697
1044 1412
340 1296
831 1140
934 1479
696 1497
307 1818
46 1422
370 1812
222 1478
315 1299
386 446
739 1174
881 1860
877 1291
143 1431
1433 1557
343 1364
1477 1826
453 1826
321 1364
1134 1857
663 1901
798 1343
1120 1151
391 494
989 1291
414 1211
436 619
103 723
217 737
1666 1699
1331 1592
575 778
252 1709
542 732
1343 1582
359 506
252 672
568 1291
1307 1339
586 1477
1527 1612
1397 1418
307 1965
478 1984
1235 1478
1631 1781
386 564
1207 1635
31 915
1536 1718
1079 1431
639 1789
436 1140
1527 1922
137 1282
388 1320
1697 1983
638 1464
1217 1831
392 1677
1237 1364
1333 1793
143 1256
687 1431
807 1095
1632 1826
414 1555
33 1368
253 1458
1146 1455
121 1005
30 1421
1207 1920
1661 1740
470 1174
22 494
806 1291
1192 1364
577 1542
728 1348
960 1768
679 711
833 1781
104 962
143 229
121 145
1434 1915
307 993
307 1747
236 1740
1207 1746
490 1868
1133 1527
577 1849
472 1892
746 1431
1422 1881
436 1179
216 1331
490 705
208 1749
944 1478
52 1553
386 1292
1127 1800
390 731
36 548
118 1434
95 1180
41 1249
704 948
976 1618
307 1559
388 515
790 1623
18 1781
143 1962
93 1044
427 577
110 267
537 1814
1398 1943
212 1656
57 1084
307 1624
929 1034
1191 1615
69 1031
253 1715
803 1527
187 1120
13 757
663 676
516 1733
1375 1760
453 1281
1398 1404
1860 1884
699 988
1478 1848
232 1424
1666 1884
696 719
1339 1904
483 1781
1431 1442
103 1346
340 1339
52 238
1161 1164
69 790
136 143
463 1034
537 1757
537 1398
507 1423
422 461
1339 1886
787 1781
208 1706
627 1671
549 1134
1275 1398
1084 1576
242 973
476 1893
976 1178
104 941
823 1112
335 1527
114 450
1367 1511
663 1817
208 1903
307 1115
239 1997
237 1084
98 581
445 1297
1177 1789
183 739
99 537
261 388
1084 1464
162 1671
796 947
1222 1444
386 1742
390 1387
309 388
1203 1762
807 1293
15 931
1059 1321
1567 1740
739 1611
1481 1884
500 1100
1734 1859
86 1915
242 358
1671 1703
790 1887
636 1362
702 1892
704 940
749 1450
210 1176
698 1915
1339 1992
1455 1690
1291 1913
267 1961
696 1168
1430 1781
13 1410
48 1186
1487 1824
165 1974
37 1455
1614 1826
1288 1291
494 772
52 1942
275 1422
242 1619
243 728
390 1350
62 1826
960 1736
530 1206
613 872
127 1686
743 1704
548 1085
531 1636
893 1792
208 981
699 1771
199 1333
436 1438
1527 1638
349 1477
825 1588
1253 1641
198 1422
1545 1956
770 1431
401 1978
1622 1883
1112 1804
41 531
1507 1764
461 1898
257 1693
303 1450
82 1762
988 1778
356 1364
259 1287
925 1301
375 1291
532 1983
1132 1134
570 1339
1112 1915
1255 1824
621 1536
537 820
704 969
842 1351
815 1892
1375 1483
605 1207
92 371
436 759
533 1433
460 1740
48 1174
121 1810
728 1327
1477 1825
205 1217
386 1878
335 1004
1418 1976
657 1676
1455 1928
1211 1328
855 1321
818 1375
121 1065
147 1997
756 993
1149 1331
948 1925
208 1127
870 1434
732 913
267 1926
790 1949
1044 1242
1153 1987
467 1878
1048 1892
204 699
124 537
223 1421
613 629
793 1034
1519 1956
490 1981
56 1211
789 1997
548 824
1140 1390
41 500
704 830
252 1257
123 1002
79 1176
948 1170
494 548
1269 1450
500 1931
663 790
548 1529
1044 1309
253 692
104 267
1026 1762
850 997
693 1217
1421 1893
1375 1863
1176 1336
663 1211
319 1044
103 1130
1652 1878
41 1492
1213 1436
631 1448
490 1914
674 1321
474 1665
728 1836
154 761
1034 1331
519 1997
370 1195
428 1892
773 1414
728 1983
952 1034
228 1343
123 856
1321 1997
888 1136
1930 1999
494 1639
678 864
951 1642
269 1902
500 838
386 1003
1127 1260
372 1385
390 769
103 241
154 1375
52 728
673 708
807 1711
648 704
307 1148
87 1331
582 1477
975 1671
7 370
142 436
530 760
253 408
863 1740
1316 1343
575 1782
932 1343
1433 1813
1702 1824
230 390
1227 1781
934 1143
462 530
1530 1997
1157 1455
52 1105
1477 1899
1253 1954
704 1389
1134 1682
461 1074
752 1207
434 512
91 934
828 1418
122 1120
154 284
530 1977
1092 1282
742 1467
1120 1265
1305 1884
1211 1515
684 1116
1450 1665
577 1400
607 1744
893 1241
739 1189
704 976
227 1140
1355 1851
1176 1788
357 1398
100 461
120 1983
696 1772
1127 1198
1450 1959
48 314
885 1431
1339 1630
1431 1580
1084 1217
471 976
253 402
461 1304
524 1364
254 1930
663 1996
242 714
48 144
121 1671
104 224
1201 1253
1193 1331
575 767
480 1190
1219 1915
916 1620
884 1291
13 923
47 494
41 1554
273 948
1427 1478
704 1522
577 1042
613 1870
54 121
345 1433
388 600
175 1176
330 1211
123 742
1421 1847
19 699
237 1876
114 1425
59 961
735 934
1343 1422
1338 1789
121 1748
531 657
1140 1306
1120 1501
1251 1421
1120 1475
602 1766
494 1264
179 908
613 726
104 1521
1455 1456
1798 1930
13 1127
238 560
1088 1343
267 651
123 1035
965 1098
1815 1843
1287 1342
146 1343
800 934
307 615
41 1608
1176 1493
548 1730
433 543
195 530
1450 1884
413 602
557 1176
1116 1645
869 1671
214 1755
1437 1884
25 154
70 370
577 897
300 732
1787 1915
537 1617
180 613
490 1044
252 1534
745 1450
1364 1726
374 1176
1671 1858
1527 1708
396 577
893 1525
684 1827
530 1808
412 1282
732 1758
386 763
490 1967
182 1671
123 1197
135 1243
893 1413
40 1134
1795 1956
23 1291
644 655
739 1562
436 1461
376 613
946 1997
111 845
976 1621
212 1422
943 1740
1069 1527
17 1321
699 1613
963 1450
1634 1930
52 156
706 1291
252 451
480 1536
438 1253
716 1127
613 1561
143 324
101 1375
836 1112
1087 1287
185 1339
721 1789
192 473
612 739
1418 1806
154 1506
1478 1741
123 921
103 409
469 1174
577 653
252 1440
710 1211
140 577
49 386
490 1030
960 1692
1145 1174
267 1586
52 834
857 1455
1291 1663
1422 1896
111 976
279 1112
588 1287
1333 1643
575 1854
899 1477
684 1128
960 1789
684 736
206 790
326 948
322 1802
127 1273
242 1664
13 937
68 1134
242 950
893 911
399 1339
663 1245
262 545
388 907
1093 1421
493 1364
121 1357
42 1565
189 1207
934 1428
948 1210
160 602
1272 1287
1057 1536
1282 1527
81 123
696 1052
846 976
699 1125
1044 1380
517 1956
530 1217
143 1364
596 1468
354 1762
1433 1972
949 1892
1134 1531
114 401
1084 1918
774 1930
424 704
34 613
663 786
1431 1451
643 1536
1321 1415
859 1140
663 666
1762 1927
103 1137
720 1160
1331 1615
500 1180
343 792
1418 1951
231 1939
1067 1915
1280 1434
788 1343
835 1034
1386 1710
252 1274
88 1044
259 964
1688 1878
1432 1536
48 77
709 1478
1329 1892
1527 1902
220 1422
724 1282
152 1124
432 563
1023 1847
696 713
1971 1983
511 960
530 987
1084 1885
114 574
108 728
699 1728
577 1283
854 1915
1694 1762
1012 1140
324 978
104 500
242 1535
1120 1507
388 807
143 1250
13 1423
449 1568
1282 1378
127 1010
139 388
80 801
889 1034
696 1046
208 625
623 1044
1019 1536
200 696
157 613
208 900
1099 1431
167 537
208 1326
103 1865
1321 1830
13 567
1045 1740
233 1287
253 1231
1127 1752
1194 1207
1343 1353
500 1917
114 1367
1573 1826
934 1738
242 1824
1034 1594
121 602
1508 1997
616 1176
608 1435
554 1878
253 496
219 1287
1129 1719
840 1422
380 1433
112 1287
548 659
390 1449
1671 1843
307 1355
1038 1912
537 1029
573 1048
974 1207
1398 1895
121 1969
103 1060
1287 1869
1120 1344
