300
153 237
93 255
238 285
159 259
165 227
123 297
110 111
187 193
32 34
71 103
72 156
8 136
28 45
28 71
150 299
113 221
212 246
139 255
130 208
61 223
15 234
26 66
167 285
150 266
231 238
73 165
44 263
18 113
200 278
161 205
11 31
58 249
134 268
155 259
229 288
121 249
220 232
14 105
131 225
52 235
39 81
100 149
22 254
13 50
10 169
180 189
26 154
278 283
147 250
48 207
265 298
124 266
132 144
201 219
234 243
250 299
99 147
61 86
183 253
251 269
55 284
262 272
97 272
245 267
213 217
59 143
65 133
43 211
128 212
101 189
57 97
144 288
63 110
228 276
15 76
200 217
135 229
69 188
227 247
38 135
60 216
120 297
107 194
123 125
9 23
71 224
54 178
6 149
116 162
24 171
137 212
83 107
133 220
157 275
245 249
32 138
75 122
150 253
16 168
10 42
67 175
21 152
80 216
74 197
185 211
35 70
122 280
47 215
51 299
75 96
11 190
7 26
57 90
12 293
41 112
7 191
281 292
127 230
85 246
145 282
184 226
47 280
227 268
4 257
33 74
37 267
32 126
100 257
17 213
40 106
18 175
70 144
163 264
188 271
36 250
19 149
115 222
46 126
243 291
82 153
160 256
225 231
203 207
236 252
238 282
95 152
86 146
181 192
182 242
30 209
54 76
46 109
108 258
244 275
158 188
117 251
49 68
92 257
98 200
85 198
11 92
8 170
172 222
0 125
77 122
248 273
29 160
62 148
57 174
87 274
55 126
91 262
5 196
179 224
24 270
136 293
79 261
169 286
124 256
146 171
177 218
2 84
95 186
123 208
4 287
168 206
183 185
116 270
79 279
176 203
88 235
40 65
260 298
127 151
95 129
166 258
36 72
14 132
46 296
27 181
10 233
230 278
118 275
162 239
119 280
75 78
213 264
67 148
15 35
86 119
87 140
5 94
220 294
127 214
130 174
52 125
7 287
104 247
56 74
114 201
99 164
124 136
39 241
52 289
13 283
165 244
84 120
142 281
168 234
73 262
166 209
0 68
105 184
64 191
60 240
17 295
100 153
156 242
112 251
3 28
161 274
133 252
40 176
51 138
276 298
20 289
59 102
38 103
77 173
34 110
59 180
30 255
181 241
107 203
138 228
132 202
210 225
9 89
4 135
175 246
115 228
25 226
146 263
91 286
13 199
141 191
152 273
189 277
182 259
106 114
99 219
44 90
80 202
24 41
167 229
80 245
67 208
112 281
53 241
254 290
90 164
1 215
147 288
21 197
0 274
62 177
53 91
98 272
158 297
193 256
103 196
279 286
145 195
14 209
223 290
21 61
193 204
9 231
180 223
