2000
1111 1115
371 387
448 455
1627 1640
1846 1857
234 246
1587 1594
120 134
1329 1332
1785 1799
1357 1370
429 436
1764 1775
509 517
687 697
37 50
548 555
1686 1695
613 624
1968 1981
1627 1629
1846 1852
1785 1801
1974 1985
253 260
76 85
19 37
1826 1829
1212 1215
399 408
1705 1711
1349 1361
1667 1675
1511 1525
825 838
96 109
1001 1010
57 69
256 271
402 409
650 665
570 584
57 76
1329 1343
37 52
1135 1140
1096 1109
292 299
1311 1325
1968 1970
1947 1956
1530 1539
1705 1718
804 807
1349 1362
1778 1784
96 102
371 383
275 283
1491 1511
470 478
292 297
1805 1821
1251 1261
1805 1815
997 1000
825 845
1826 1837
785 787
313 329
1530 1535
1251 1256
1231 1236
253 261
1744 1751
1292 1296
1491 1507
1530 1541
429 432
865 869
1744 1753
904 922
489 499
883 889
845 858
922 927
592 601
489 497
1408 1415
1251 1271
37 44
1271 1287
631 637
1924 1925
1826 1833
1826 1846
883 887
1886 1900
1937 1944
472 487
214 223
943 956
1428 1433
825 831
1276 1288
41 54
261 273
1764 1780
1311 1317
1292 1299
981 997
1058 1068
1530 1550
1764 1772
214 224
764 777
292 296
37 38
1001 1016
1865 1878
410 418
448 470
1329 1339
1135 1146
962 977
371 386
176 177
1311 1329
156 160
1096 1099
76 88
1846 1854
153 155
1076 1083
1271 1275
229 233
195 199
1627 1643
1096 1102
195 209
448 451
1182 1192
1904 1920
234 243
1530 1531
1350 1366
845 846
1329 1334
1846 1850
962 981
1826 1827
1058 1070
1349 1350
592 595
943 950
253 267
1428 1438
176 178
865 870
1805 1813
922 938
1001 1008
1785 1793
1886 1897
962 963
1039 1041
1472 1473
1472 1476
1292 1297
1251 1253
1231 1247
391 401
1968 1980
825 837
1390 1393
117 123
1039 1042
825 835
1764 1767
1550 1557
371 382
1872 1882
804 813
1744 1764
1705 1713
865 875
353 354
37 51
904 910
410 429
1647 1657
1372 1384
893 903
1569 1585
804 812
904 915
1865 1868
764 774
581 590
391 402
1428 1432
865 866
1349 1356
1408 1420
1667 1677
1826 1832
1193 1206
883 885
922 926
1124 1134
764 765
1174 1185
964 979
1408 1417
1174 1181
117 131
1886 1902
1193 1209
1117 1126
904 905
470 483
1212 1227
1231 1243
1627 1639
1865 1871
332 346
706 709
529 542
1686 1693
1076 1077
1271 1284
470 477
1687 1703
76 96
1019 1022
746 756
1408 1416
1647 1655
1193 1202
1593 1606
1372 1379
1349 1357
1117 1135
1846 1847
489 502
1904 1911
981 983
1372 1377
1764 1785
234 247
1452 1467
1846 1865
1805 1806
1909 1921
706 718
746 755
1705 1724
1475 1489
156 158
1449 1456
353 366
529 544
1174 1186
768 782
1423 1427
785 800
176 185
592 603
845 861
706 721
1569 1579
1076 1084
1231 1237
1193 1207
1329 1341
735 745
1785 1786
1511 1513
96 107
82 93
1686 1690
981 991
1001 1002
429 437
214 218
1667 1682
613 619
1550 1559
76 90
292 304
1609 1614
1705 1712
1609 1611
667 687
96 98
391 400
1408 1414
650 664
57 61
1667 1676
0 1
1785 1794
1212 1218
1785 1789
1744 1759
57 64
529 536
1968 1988
1744 1758
592 598
785 790
613 627
667 675
1785 1800
410 413
613 617
1117 1118
1329 1338
1627 1628
1329 1344
706 712
1749 1762
1805 1807
410 426
1947 1968
1408 1410
1947 1952
725 746
156 164
1947 1962
19 20
962 974
417 428
1609 1619
1076 1091
1511 1522
1464 1471
311 322
1924 1936
1449 1454
156 157
725 739
76 92
1039 1050
706 725
96 97
1156 1171
1647 1661
1924 1935
1193 1199
1640 1645
1231 1245
1968 1975
798 803
391 407
1667 1686
785 797
1491 1498
1135 1156
332 337
1271 1282
470 471
1117 1128
1603 1608
1667 1683
1019 1033
1550 1560
371 372
1886 1890
1311 1318
489 492
904 906
916 921
460 467
1865 1881
1002 1018
1647 1649
1609 1613
734 744
1642 1646
764 766
1449 1461
1765 1781
332 347
1039 1040
1511 1521
1667 1671
1764 1774
1329 1345
1647 1667
257 272
631 634
1076 1086
1298 1309
706 722
1826 1838
470 484
1647 1650
804 809
1511 1516
1826 1841
922 925
1390 1399
1569 1580
865 867
1826 1828
1096 1105
19 31
825 830
0 9
1311 1315
687 700
1349 1351
214 215
1537 1549
1686 1700
962 970
631 645
448 461
1156 1160
410 422
592 602
0 2
1411 1425
1530 1544
1968 1974
706 710
1039 1053
1550 1566
1924 1930
1550 1555
253 259
1764 1773
1968 1972
1390 1392
1329 1349
1449 1465
1724 1734
1807 1822
1449 1472
711 723
1744 1750
1511 1527
883 895
1609 1624
214 219
1910 1922
1349 1352
1212 1225
1449 1453
1968 1983
37 40
253 265
1428 1436
250 252
1587 1595
1667 1669
1627 1642
1886 1891
1051 1056
1686 1687
234 239
650 657
962 964
37 53
687 703
1449 1450
489 494
371 380
1372 1378
841 844
904 908
1271 1278
725 730
1511 1530
1135 1136
1174 1179
275 288
825 840
548 570
1076 1092
1212 1228
1019 1026
706 714
1231 1241
809 822
687 692
1904 1910
1686 1699
1058 1072
563 569
706 717
19 33
1724 1726
176 182
725 729
706 720
1692 1704
509 516
19 28
1609 1617
1706 1722
1511 1523
1491 1495
1658 1665
195 210
1826 1830
594 609
804 806
613 614
1826 1834
1988 1996
1329 1331
1810 1823
1705 1714
1805 1817
1904 1907
1372 1388
667 682
57 62
1496 1508
234 236
1486 1490
1107 1114
1076 1087
156 163
1877 1884
1428 1441
570 576
845 859
1372 1390
785 795
1311 1327
1846 1858
825 828
767 781
176 181
391 397
962 976
1240 1249
1947 1953
19 35
353 361
601 611
1531 1547
292 307
785 793
904 909
214 234
1968 1973
1156 1172
137 138
117 132
845 860
667 677
1491 1506
785 799
1968 1979
746 760
311 317
1785 1788
96 111
1143 1153
429 440
117 130
592 596
631 632
489 509
1550 1558
904 912
470 482
1408 1413
0 6
804 825
253 263
311 327
804 816
1135 1141
1329 1336
410 411
214 220
1708 1723
922 923
883 886
592 597
371 379
1764 1769
117 122
845 848
1117 1123
353 364
687 706
962 966
865 879
1865 1875
1001 1007
292 300
865 874
1076 1081
1724 1731
650 666
117 119
746 754
1655 1664
592 613
1791 1802
1311 1314
529 531
1609 1627
883 899
1311 1324
275 282
19 23
156 165
137 145
904 913
746 750
1904 1918
117 126
1428 1443
613 626
1019 1034
1039 1052
1174 1175
1530 1545
698 705
1329 1333
1193 1201
117 118
1686 1697
667 681
922 933
195 200
676 686
96 112
68 75
993 999
117 120
631 641
883 897
943 946
1058 1076
1271 1281
845 865
1252 1268
76 84
1397 1407
1058 1061
57 59
176 191
1019 1039
883 898
195 198
1271 1274
1705 1709
1311 1322
1647 1654
845 851
1886 1892
1705 1715
1076 1078
470 481
1846 1851
1491 1493
1019 1020
96 104
96 100
943 951
586 591
1390 1391
311 320
667 679
943 962
1947 1950
1080 1093
956 961
220 231
746 761
943 959
509 520
1058 1073
746 757
631 642
592 607
57 58
292 301
667 672
1904 1924
1174 1188
1372 1387
1174 1176
529 534
1530 1537
825 826
687 688
825 841
746 759
1001 1005
214 228
214 216
1726 1742
448 462
234 242
650 652
1550 1565
603 612
1511 1515
1356 1369
1372 1373
429 444
1231 1244
1096 1111
195 205
117 137
1231 1251
66 74
1785 1791
1329 1335
631 635
1429 1445
1251 1260
981 988
548 561
1530 1536
1372 1386
1156 1163
986 998
1724 1744
195 207
1569 1570
1302 1310
1988 1993
529 540
353 367
669 684
1799 1804
0 13
332 344
825 832
1311 1313
234 244
1135 1149
1135 1137
1058 1059
1511 1526
804 817
904 920
1886 1894
1924 1939
1988 1998
391 393
292 305
1988 1999
1833 1845
533 546
234 249
1156 1165
1390 1395
1193 1208
1569 1575
1569 1587
1349 1365
1705 1707
548 564
1865 1869
1550 1569
687 693
19 27
548 552
972 980
1772 1783
1957 1967
137 143
1491 1496
292 308
650 658
1848 1863
1865 1880
509 518
1667 1672
825 834
1443 1448
1764 1778
234 241
529 545
335 350
1138 1152
1587 1590
253 256
176 187
1947 1958
117 133
1924 1927
1627 1641
1408 1412
371 376
1311 1320
981 989
596 610
746 752
90 95
1215 1229
804 810
1674 1685
353 357
947 960
509 524
448 456
57 63
865 868
1686 1705
1672 1684
311 312
631 646
706 707
497 507
746 748
922 935
1408 1428
1135 1144
712 724
764 767
1667 1678
37 57
1988 1995
845 852
429 442
156 171
1667 1673
548 550
1511 1520
529 543
1311 1316
380 389
1353 1367
195 206
1550 1563
1514 1529
746 751
1231 1239
943 947
192 194
904 919
1890 1903
548 553
1001 1006
353 358
137 146
962 965
1076 1090
1904 1917
1831 1844
1587 1589
1935 1943
548 558
37 39
156 170
1744 1748
1212 1213
1174 1177
1193 1205
509 512
1135 1145
544 547
1587 1602
1349 1360
570 579
57 73
943 957
1226 1230
137 144
556 566
410 423
253 258
332 340
1039 1054
1135 1151
962 967
1724 1725
1292 1301
1193 1200
48 56
613 621
1627 1634
470 479
764 778
631 643
1647 1659
904 916
1271 1273
838 843
1333 1346
1408 1424
1865 1874
253 257
1764 1765
137 140
1058 1062
883 891
1472 1485
1231 1232
1491 1501
861 864
1472 1483
117 124
529 541
764 779
1311 1319
0 16
613 628
1096 1107
206 213
1408 1411
1846 1848
1725 1741
1251 1262
1491 1497
1117 1120
1174 1184
962 969
76 86
667 683
1428 1437
1412 1426
300 309
37 45
1039 1048
214 230
1984 1987
117 127
687 689
1865 1873
1511 1517
176 179
522 528
0 15
785 796
650 662
1686 1696
650 656
865 876
176 180
0 14
470 485
1271 1292
570 583
214 227
448 454
1550 1554
1340 1347
1805 1810
1058 1060
353 360
234 245
764 768
1491 1502
1571 1586
613 625
489 495
1805 1818
489 505
1212 1226
857 862
785 801
1617 1626
1349 1372
1472 1491
1156 1167
1372 1374
253 264
234 235
1667 1679
156 161
1686 1702
195 203
1511 1512
1001 1009
275 290
1311 1321
1428 1431
1647 1662
1076 1096
631 639
1019 1023
688 704
156 162
76 77
1408 1423
452 465
667 676
548 557
1292 1298
1667 1668
1530 1534
1627 1638
962 973
1039 1051
1096 1097
410 419
1058 1063
1428 1442
1372 1375
1135 1143
1724 1739
1058 1066
509 519
981 994
415 427
1156 1168
1667 1670
865 871
1472 1481
671 685
96 117
1231 1233
1251 1254
1826 1835
1428 1429
687 701
311 323
1826 1840
214 221
1947 1959
1449 1464
214 229
548 554
746 753
470 489
962 968
1329 1330
470 486
706 711
19 24
275 291
1609 1618
1271 1272
57 67
1135 1142
865 877
391 399
234 238
1280 1289
489 490
1212 1216
1550 1551
1251 1263
1271 1276
1499 1509
631 650
1511 1514
706 719
292 295
1875 1883
1251 1264
269 274
706 715
1924 1937
1311 1323
1879 1885
1947 1954
1904 1909
353 371
1609 1621
448 458
886 900
1058 1071
391 405
509 522
981 996
156 172
176 189
448 450
904 914
1530 1542
195 211
448 449
1865 1870
470 475
1764 1771
353 363
1231 1246
725 731
448 459
1472 1479
332 336
137 156
1449 1462
37 42
0 11
981 993
137 150
234 250
1724 1732
687 695
448 464
650 659
1212 1217
1390 1403
1846 1860
1865 1867
1428 1435
1117 1125
391 404
1449 1458
1511 1518
1372 1380
1096 1098
1569 1582
1627 1637
1385 1389
371 381
322 331
1924 1938
1764 1779
1156 1159
410 414
1627 1631
845 857
529 548
1390 1397
819 824
1135 1147
1865 1866
1428 1434
1569 1578
650 653
1826 1836
1826 1839
433 446
391 394
570 582
311 316
24 36
1924 1934
137 152
1805 1820
1705 1710
764 770
57 71
57 60
1349 1359
1319 1328
253 275
529 539
613 629
785 792
725 738
429 441
580 589
1156 1162
1939 1945
1530 1540
529 535
1705 1721
234 237
96 103
1408 1421
1117 1121
687 702
1428 1430
496 506
746 749
1647 1660
1744 1755
1886 1887
845 854
253 254
845 853
883 892
410 415
1744 1757
1569 1576
1587 1599
1491 1505
332 334
1193 1195
509 525
332 338
845 850
509 523
1058 1065
1627 1633
1106 1113
1212 1224
825 839
570 592
1591 1605
1805 1809
1705 1717
332 339
592 594
1472 1477
275 280
1292 1308
643 648
1947 1955
1724 1728
883 904
1022 1036
195 208
725 741
981 992
1390 1396
1135 1148
785 786
1587 1598
1627 1647
1849 1864
1988 1991
1193 1197
1135 1138
1174 1182
1609 1620
1311 1326
804 818
1886 1904
371 391
353 359
570 571
1084 1095
1431 1446
1609 1615
1550 1556
1988 1992
785 791
1530 1543
572 587
825 833
156 159
1174 1193
1530 1546
1826 1831
1019 1031
332 353
529 532
570 575
429 433
667 671
1736 1743
1096 1108
981 995
1886 1893
156 168
1019 1027
1744 1756
1231 1235
176 192
76 82
1156 1158
1569 1571
371 385
311 332
804 811
1686 1694
1284 1290
1924 1933
785 804
943 958
275 278
1947 1961
1785 1787
137 149
1904 1908
37 47
1212 1222
1168 1173
1667 1680
1785 1790
1530 1532
253 269
1569 1574
687 696
613 618
981 982
234 240
1039 1055
137 153
1924 1940
176 190
1329 1340
1076 1089
1271 1279
410 424
1609 1622
1764 1776
470 476
167 173
825 827
631 647
1865 1877
725 726
1846 1849
746 747
1968 1978
509 514
1805 1812
1039 1049
1647 1648
1904 1905
1846 1862
509 513
96 108
253 266
804 805
1647 1656
1117 1119
37 49
725 727
512 526
922 934
429 438
195 196
1472 1484
1390 1406
1292 1307
470 472
353 356
37 41
1096 1112
429 435
1530 1538
557 567
981 990
391 392
76 81
943 944
865 883
353 369
1372 1385
804 815
883 890
943 948
1744 1747
0 7
37 43
1408 1409
1372 1382
1251 1252
1550 1552
371 373
1551 1567
1587 1600
1785 1796
1251 1257
176 183
1846 1861
570 577
1449 1460
804 819
1231 1242
1505 1510
1428 1440
1292 1304
548 562
845 849
1001 1003
1949 1964
1587 1609
1798 1803
312 328
778 783
1117 1124
76 79
1846 1855
275 285
1491 1492
489 504
825 829
391 398
292 306
1686 1701
865 878
1212 1214
353 365
292 294
102 114
981 986
650 663
509 510
962 972
1904 1919
1292 1294
76 83
725 737
1117 1133
746 764
275 276
1156 1164
470 473
1390 1400
570 572
1785 1797
1686 1688
764 775
592 604
228 232
1491 1504
1472 1482
1587 1601
57 66
592 599
1805 1819
1231 1234
1428 1449
1886 1899
785 789
429 431
1924 1926
650 651
448 452
1251 1255
1647 1651
725 733
176 186
1587 1596
570 581
570 574
1292 1303
1550 1562
1096 1100
311 324
1814 1824
667 669
1530 1533
234 248
706 708
1647 1652
922 924
376 388
292 298
37 48
1609 1623
1329 1342
1634 1644
129 135
570 585
195 201
1096 1104
109 115
1449 1457
76 89
1019 1028
19 34
57 70
981 1001
804 808
1390 1402
117 129
1428 1444
214 225
1826 1842
1451 1466
1193 1194
943 953
1609 1625
883 894
1491 1494
410 417
1724 1735
19 32
156 167
429 439
1360 1371
1156 1174
99 113
1805 1816
1390 1405
1627 1635
1587 1593
570 586
96 99
1569 1572
943 955
1076 1088
1019 1021
1744 1754
195 202
1001 1015
1846 1853
804 814
1764 1768
922 932
1349 1363
275 281
548 549
1947 1948
1251 1265
275 277
311 313
1724 1733
1145 1154
1785 1795
1747 1761
1552 1568
1647 1658
981 985
371 377
1587 1597
19 22
1349 1354
1076 1085
929 941
1950 1965
19 26
1886 1889
904 918
1609 1612
1156 1170
592 608
1408 1418
725 735
1001 1004
1001 1011
1112 1116
706 716
922 929
1117 1127
922 936
0 12
554 565
746 758
83 94
332 343
808 821
311 315
764 785
845 847
1724 1729
1212 1220
311 321
1627 1636
667 670
1024 1037
1667 1674
1156 1161
570 578
796 802
613 622
1569 1573
1947 1951
1491 1499
548 559
1846 1859
1865 1876
1686 1698
359 370
137 139
1193 1203
631 633
96 106
429 448
1197 1210
1924 1929
444 447
1968 1977
37 46
1449 1451
1904 1916
76 91
943 945
1904 1914
1206 1211
1081 1094
391 396
489 496
1117 1131
1491 1500
1231 1240
667 678
1076 1079
489 500
176 195
308 310
0 8
1285 1291
509 529
1886 1901
764 780
1349 1364
371 375
883 893
1390 1398
785 788
687 698
631 644
650 655
1924 1947
785 798
1472 1487
730 742
1764 1770
130 136
592 605
1039 1043
1744 1746
1261 1270
1886 1895
1039 1058
176 188
371 378
1019 1032
1846 1856
879 882
1059 1075
1292 1311
922 931
1550 1561
1904 1906
1597 1607
1001 1014
1174 1189
1511 1524
1292 1295
1174 1183
410 421
332 345
725 740
1609 1610
1667 1681
1472 1474
1947 1957
1052 1057
1058 1064
1271 1283
463 468
489 501
234 253
214 222
1805 1808
292 311
464 469
733 743
764 769
170 174
1705 1716
254 270
1251 1266
1550 1564
1904 1915
253 268
1472 1486
650 667
1390 1401
429 430
156 169
1609 1616
292 303
429 443
962 975
1372 1376
1764 1766
529 537
1659 1666
962 978
1271 1277
371 384
1355 1368
548 560
4 17
19 21
1785 1792
1953 1966
275 287
57 65
1117 1130
1968 1976
1587 1588
1785 1805
1744 1749
981 987
1569 1584
1292 1302
865 880
195 197
214 226
19 30
391 406
1980 1986
1705 1720
1686 1689
137 141
332 333
454 466
1686 1691
1096 1106
1146 1155
238 251
1311 1312
117 125
883 884
845 855
1251 1267
0 5
1460 1470
1251 1258
391 395
1686 1692
613 615
904 911
687 690
470 474
725 736
275 279
889 901
904 917
592 593
190 193
1988 1990
1458 1469
764 771
667 674
353 355
1344 1348
687 694
1947 1963
1193 1204
76 80
570 580
1532 1548
498 508
509 511
667 680
1058 1074
1271 1285
353 368
253 262
667 673
548 551
1179 1191
391 410
1076 1080
311 314
981 984
311 326
410 425
509 515
112 116
275 284
1472 1480
1705 1719
316 330
650 660
1724 1740
575 588
518 527
1193 1198
275 289
1724 1737
1292 1305
1292 1300
1193 1196
1456 1468
1815 1825
1647 1663
1904 1912
1924 1928
644 649
927 940
687 699
891 902
1569 1581
1744 1752
19 25
883 888
1292 1306
410 416
1156 1169
1865 1886
570 573
1174 1180
1174 1178
1260 1269
1886 1898
385 390
592 600
199 212
1428 1439
650 654
1724 1730
1924 1931
529 538
1827 1843
1212 1231
725 734
1001 1012
275 286
171 175
96 101
865 881
96 110
529 530
1408 1422
845 856
1805 1811
1449 1459
529 533
628 630
962 971
1886 1888
1587 1592
332 342
1924 1932
0 19
1927 1941
214 217
1627 1630
292 302
117 128
1058 1069
43 55
631 640
548 556
943 954
275 292
311 319
1904 1913
57 68
1940 1946
1934 1942
1029 1038
509 521
489 498
613 616
1372 1383
779 784
1117 1132
19 29
429 434
1764 1777
1271 1280
1212 1223
725 728
1390 1408
818 823
835 842
1243 1250
1292 1293
0 3
1251 1259
149 154
1947 1949
1724 1736
1587 1591
1096 1101
1117 1122
1193 1212
336 351
650 661
476 488
1968 1969
1865 1879
410 420
195 214
117 121
1019 1035
804 820
332 341
195 204
489 493
1865 1872
489 503
1511 1519
253 255
1001 1017
922 937
922 930
613 631
1771 1782
1231 1238
937 942
548 563
156 176
1968 1971
1001 1019
860 863
448 460
1449 1463
631 636
1439 1447
667 668
76 78
1135 1139
1785 1798
1156 1166
1988 1989
1096 1117
1569 1583
1968 1984
1039 1046
1212 1221
332 335
1705 1706
1039 1044
371 374
1760 1763
1271 1286
429 445
1372 1381
347 352
1550 1553
76 87
613 620
1096 1110
752 763
1135 1150
883 896
1916 1923
1513 1528
922 928
0 4
560 568
137 147
1349 1358
1096 1103
1233 1248
1472 1478
1329 1337
1569 1577
1349 1353
448 457
137 151
1156 1157
353 362
1449 1452
137 148
57 72
1117 1129
1988 1994
865 873
1472 1475
334 349
1805 1826
156 166
489 491
448 453
924 939
825 836
470 480
1724 1738
311 325
1212 1219
0 10
1039 1045
448 463
1019 1025
137 142
1174 1187
1724 1727
1587 1603
764 772
1390 1394
904 907
1588 1604
592 606
96 105
1886 1896
785 794
1019 1029
706 713
922 943
9 18
943 952
1647 1653
410 412
1744 1745
1988 1997
1039 1047
332 348
631 638
1472 1488
1744 1760
176 184
1349 1355
943 949
764 773
311 318
1449 1455
1174 1190
687 691
1019 1024
292 293
1058 1067
1627 1632
1968 1982
865 872
1805 1814
1019 1030
725 732
746 762
764 776
1001 1013
1390 1404
1491 1503
1076 1082
1705 1708
391 403
1947 1960
1408 1419
613 623
