2000
708 1863
9 1590
217 1903
135 249
1413 1878
189 1114
697 1866
314 643
149 1872
816 1309
91 1784
73 1965
525 1062
390 947
121 929
242 1450
486 1229
688 736
759 1972
16 1778
458 983
1139 1168
78 1742
1386 1487
460 514
1704 1896
206 649
1325 1580
365 445
100 1325
51 324
1955 1983
820 1183
90 1264
359 587
1584 1678
1006 1856
856 1779
75 827
1073 1634
12 522
728 1056
954 1887
1010 1349
797 1415
658 968
833 1550
382 1331
570 595
1508 1884
30 1589
1032 1332
1352 1490
394 1455
94 477
33 459
879 1472
898 917
1141 1411
1538 1737
21 438
242 1152
946 1135
680 1597
609 1258
721 1697
1286 1840
320 763
531 1565
124 186
201 644
532 1119
1192 1538
389 1408
303 1731
571 782
469 1361
116 758
509 1648
775 1915
570 1824
851 930
770 1207
1319 1729
947 1134
1026 1124
644 866
889 1378
1364 1603
1272 1832
610 1920
429 718
1176 1410
394 486
89 1338
1365 1957
1825 1974
499 1662
701 1678
1729 1856
679 1094
225 1645
7 523
381 598
706 1669
1321 1845
740 1055
690 1959
772 1871
82 1947
156 1950
880 1456
1490 1643
1168 1591
862 888
162 603
269 626
426 1474
997 1759
952 1265
435 584
237 892
669 1146
846 1759
1874 1974
154 588
583 1627
1743 1937
631 1084
1597 1871
480 877
230 366
289 1353
700 956
169 418
704 1208
687 1097
1074 1838
129 1239
400 495
1023 1939
140 1992
236 1001
325 1772
1228 1951
497 1328
188 806
1460 1966
1231 1660
863 1962
541 1951
279 1980
216 233
929 1298
1473 1598
552 1212
942 1725
276 1705
1381 1708
167 1408
1035 1990
23 1325
620 1151
664 1102
135 509
936 1890
924 1213
332 1975
784 1946
1197 1343
1355 1650
501 1633
895 1875
155 590
1030 1729
55 1519
322 625
863 1318
738 1858
196 293
993 1953
308 1685
770 1108
519 948
575 965
1204 1859
484 1054
145 664
529 1342
674 854
323 744
1074 1735
174 837
694 1080
355 1297
194 664
1596 1695
608 1511
533 726
1105 1577
59 1017
80 405
630 1531
351 1867
389 1754
331 1944
987 1573
224 1533
43 776
1782 1795
125 240
632 1766
904 908
63 654
195 1594
534 1700
1172 1205
1530 1785
896 1829
713 1070
768 1597
482 1921
8 1408
439 1452
1148 1986
1144 1597
1903 1968
165 1434
836 950
871 1106
938 1269
15 686
256 1698
1197 1948
698 1822
913 1357
560 868
917 969
483 745
1195 1325
207 1417
499 1736
17 1590
252 1423
832 1451
1560 1814
935 1517
1324 1801
239 1388
509 1454
591 950
614 695
913 1953
291 1897
312 462
304 1550
295 1646
244 981
1082 1432
1143 1876
92 1377
677 1361
1332 1562
950 1624
207 834
1626 1671
1277 1402
257 319
184 781
318 846
1411 1846
671 1922
799 1740
412 1798
166 1697
382 1639
870 942
645 1115
1143 1723
813 1530
53 488
1108 1150
738 740
232 951
109 1267
637 1889
112 1685
1668 1891
46 1644
600 1413
159 1871
376 957
1450 1781
798 1473
886 1869
859 869
1043 1704
34 910
269 751
1271 1961
45 1174
478 1956
712 1104
971 1949
1751 1849
793 1621
234 1781
379 1146
774 1531
325 577
1234 1866
1022 1435
110 1943
542 1728
277 1049
1541 1710
70 1748
1154 1910
594 707
614 684
475 1129
394 1261
65 1508
588 1834
34 1609
636 1607
117 1721
659 1916
737 1622
1016 1586
227 1340
891 1877
152 1654
76 336
273 1039
465 684
526 1367
786 1509
1103 1577
769 1660
1863 1919
1132 1194
6 1692
700 1195
361 682
1008 1546
129 1134
764 1454
59 815
737 838
1453 1996
584 1161
259 910
558 1972
1071 1459
1403 1732
221 955
428 447
777 1828
446 1431
219 1689
436 1765
1004 1534
1413 1769
152 1934
1335 1518
635 1017
214 1197
785 1768
449 1733
1378 1382
300 1471
1146 1226
1637 1872
836 1035
447 1007
1054 1474
642 689
842 1469
825 1575
748 1096
235 480
275 646
264 1248
1087 1537
547 1424
1036 1128
1153 1640
1195 1518
887 1614
780 1467
877 1469
424 823
606 1772
199 1589
1060 1108
930 1979
553 1837
650 1187
274 355
1597 1747
379 1832
1572 1738
1062 1741
750 1355
33 962
1521 1578
327 599
1219 1512
750 1203
1861 1981
894 1706
125 967
259 1501
1212 1237
1405 1597
237 1651
624 728
277 893
327 1167
1123 1660
725 1804
1185 1737
1132 1445
254 1132
613 1072
1572 1846
426 1286
161 1588
379 1479
1097 1538
614 881
29 821
270 799
587 644
1444 1462
847 1045
911 1374
1528 1655
0 1591
1189 1589
634 1126
895 1416
326 1564
686 1481
454 1440
826 1207
229 1412
1359 1910
382 1186
499 594
621 1960
881 1072
1484 1656
1021 1360
348 435
819 871
1370 1892
207 1233
1272 1308
251 651
14 499
13 377
342 1344
599 1078
650 1690
180 564
714 1836
972 1397
923 954
537 1168
366 761
82 882
203 644
504 1174
311 1195
437 821
264 1574
1450 1880
846 1878
164 1219
78 132
897 1318
1736 1862
967 1683
48 334
690 819
551 1651
1327 1427
585 824
488 1481
131 441
633 1851
609 1235
1058 1625
303 617
544 1547
527 1701
430 1792
507 937
548 1376
518 1161
148 774
1247 1322
0 1064
448 1209
46 986
165 1696
250 364
652 1876
280 1458
157 455
271 1512
490 746
451 1631
128 1747
1081 1169
845 1003
831 1500
1322 1443
329 1143
731 1660
561 1649
0 206
961 1464
1136 1928
1296 1466
801 1970
1273 1608
456 1882
1249 1314
1147 1906
619 792
104 270
652 1178
143 1515
886 1059
1300 1990
1684 1911
160 1728
570 1992
618 1689
422 684
67 329
882 1004
1651 1882
218 1440
216 426
79 392
1815 1857
171 1395
24 1307
998 1405
1475 1882
949 1691
1 1931
690 1428
1345 1362
35 185
199 1360
873 1171
1366 1432
705 1615
416 1393
724 1795
932 1724
736 1976
1397 1902
1302 1538
508 1069
1194 1773
377 1126
540 1258
71 1050
680 1016
1246 1777
64 513
515 1654
780 859
246 981
684 1310
91 1856
1076 1616
716 741
1622 1955
469 1047
614 1597
1335 1674
153 1805
51 1679
186 475
774 1564
1233 1436
164 445
727 1230
852 1346
402 1810
380 467
1538 1902
196 1250
216 310
176 1184
842 1595
326 1974
388 1135
655 1383
510 1919
1017 1763
842 1920
243 578
2 1034
1539 1990
35 1170
172 1625
494 554
623 1684
915 1219
1093 1450
1143 1567
1261 1488
1253 1394
497 1757
1065 1623
402 1536
883 1699
300 793
85 685
519 1245
504 1636
1000 1590
1256 1782
675 844
505 1749
763 782
432 526
619 693
669 921
583 965
1248 1471
770 930
353 1197
490 1597
714 772
319 391
42 121
792 1635
517 938
1042 1774
269 450
982 1337
177 595
86 513
525 1301
1174 1241
134 288
1527 1537
446 570
278 792
1020 1768
1368 1602
1765 1902
250 1234
588 1525
849 1334
440 830
1059 1121
414 514
647 1014
204 1657
1647 1778
1027 1763
188 1325
988 1775
297 766
1415 1634
1003 1186
1549 1697
826 1925
641 1608
1819 1846
490 544
473 1715
611 1306
967 1035
331 685
593 1204
575 1673
1667 1954
1031 1197
378 1052
146 1222
1249 1814
93 1992
603 887
231 1642
68 1355
646 801
1038 1703
364 1730
1491 1872
762 1794
329 1423
1257 1266
327 1340
525 1660
960 1008
927 1253
602 717
296 734
402 1958
426 1207
45 1399
52 1540
39 747
642 1595
191 550
120 813
526 1264
918 1305
1781 1991
452 644
32 1848
166 1418
1128 1207
1514 1652
696 783
1802 1878
894 1967
471 1449
163 1452
978 1573
648 1362
1397 1870
479 1195
552 1592
1188 1452
788 1722
1739 1940
770 1814
365 1398
1376 1851
1102 1613
1564 1990
91 1137
432 1066
164 1849
309 607
57 245
266 1685
324 1125
770 1597
139 1779
395 1649
928 1415
888 1716
607 1108
579 801
601 1924
91 703
454 1654
945 1518
916 1463
314 1320
834 1777
559 1549
570 1740
1043 1768
583 1502
1441 1872
202 1514
120 1811
803 1498
53 1341
4 1804
1089 1487
774 1499
345 1062
661 1200
667 1902
805 1619
599 1459
60 1767
1072 1843
890 1166
1519 1576
233 1485
1739 1851
209 1558
993 1035
893 975
733 1556
40 1213
679 1218
87 515
119 1692
1299 1777
739 1010
415 1375
277 475
572 1918
794 1382
840 990
400 909
1 846
814 882
820 1831
24 1194
281 327
550 1781
499 1596
161 1780
555 1998
952 1353
531 778
562 976
469 1299
338 652
150 777
1015 1111
175 904
261 349
137 506
792 1930
971 1122
491 837
156 1092
1551 1986
654 1337
230 1433
418 782
33 767
919 1703
1133 1240
1123 1259
672 1436
553 1812
306 537
166 357
276 966
339 1724
913 1040
1391 1693
1115 1990
278 1665
1474 1790
959 1294
909 1316
895 1011
192 1392
227 1649
684 1888
1097 1710
1816 1905
1037 1060
1261 1293
816 1790
899 1978
1370 1906
1267 1440
812 925
174 462
715 1864
1045 1701
1046 1442
1558 1764
317 1461
786 1664
873 1101
599 1049
716 1812
475 1669
376 432
45 658
874 1367
1425 1601
887 1689
509 754
268 1931
504 713
1451 1681
322 954
1515 1627
554 876
694 1396
834 1034
891 1285
417 459
683 1662
1025 1111
850 1678
245 797
953 1222
279 420
817 1358
816 1604
1190 1560
157 711
503 1365
487 819
1282 1304
300 1009
147 1406
841 1842
11 1279
406 1802
181 419
1863 1987
1160 1829
58 594
158 663
453 1755
1271 1936
995 1750
349 1937
245 796
336 602
35 1678
1701 1851
540 1346
217 1005
35 1114
147 470
213 1431
111 853
1414 1869
152 1187
36 445
408 1110
617 1216
1326 1462
857 1153
954 1144
771 1512
800 1353
59 1513
899 1777
45 1691
281 931
1050 1952
1110 1454
758 1474
154 1276
670 1245
1268 1473
335 462
578 1747
453 1084
977 1616
885 1666
873 1633
37 1799
38 1618
1427 1606
623 1894
1207 1941
37 367
369 722
137 941
736 1424
1057 1707
1725 1898
8 138
1262 1729
75 538
996 1550
396 1939
1247 1311
168 605
998 1448
371 1274
95 571
1473 1485
1368 1697
304 462
1486 1913
537 1407
1373 1895
973 1407
9 914
1687 1901
86 336
368 1495
62 122
946 989
251 1477
1469 1474
680 835
333 1224
431 679
351 1340
1252 1401
1187 1630
1516 1696
1210 1661
710 1777
1097 1336
461 1146
684 757
624 1713
1258 1936
1202 1360
662 952
48 1460
1114 1582
142 1837
1101 1144
361 1457
1242 1267
884 1460
844 1814
499 1518
534 1303
233 286
160 1323
1414 1777
1528 1792
1055 1734
351 1238
444 1017
505 615
18 178
361 1195
667 1900
499 1369
118 1010
527 536
51 81
576 1150
40 481
378 1884
772 1081
867 1658
698 1249
614 1165
796 811
529 1994
40 105
191 1612
69 1073
123 1220
270 1394
109 222
568 1379
173 1742
666 1923
1781 1932
1568 1835
59 144
707 888
53 168
753 1261
896 1089
291 1147
556 1520
1454 1476
296 1651
445 1130
1141 1616
997 1465
602 972
328 1785
530 1415
474 1275
133 1840
1447 1808
91 970
40 1158
991 1024
431 1138
558 1300
755 1056
505 592
1199 1352
518 1844
627 927
504 1977
1334 1717
615 1438
681 791
803 1065
1207 1321
49 1028
933 1615
848 988
98 1577
763 1563
938 1814
12 843
267 332
294 370
315 571
1123 1173
942 1387
344 407
136 666
744 1966
67 1117
210 446
124 1201
119 1175
1098 1574
1034 1164
957 1244
189 1257
565 1559
378 1330
1229 1232
253 493
543 955
233 1069
663 936
498 1616
392 1526
760 1791
341 803
1692 1797
1379 1597
361 433
596 793
1857 1882
520 1584
528 540
1131 1851
1090 1526
858 1974
865 1805
71 122
389 485
96 808
1376 1847
549 758
632 1085
1250 1831
1004 1758
868 1587
498 1860
1539 1827
801 1671
1451 1814
744 1809
693 984
407 923
946 1634
391 1348
288 319
265 426
769 1883
94 668
405 1597
1529 1958
674 895
1215 1342
336 1338
397 1544
1069 1312
996 1909
126 1364
25 939
316 1338
1599 1686
583 891
881 1517
580 1551
657 1594
751 1680
267 507
189 983
264 277
37 327
423 826
446 1761
531 1078
929 982
1067 1800
204 490
1492 1597
1118 1519
655 978
1482 1737
40 1280
641 1902
954 1789
632 1254
540 704
1309 1744
1503 1658
35 141
1198 1796
1135 1687
50 1591
67 521
3 906
731 1926
670 1597
880 1440
1768 1990
121 1733
904 1188
1195 1212
895 1566
974 1415
808 1469
1303 1579
731 1083
237 1247
145 694
203 1159
289 604
479 514
1020 1494
1333 1813
496 760
287 802
21 1071
31 1803
533 984
292 895
743 800
147 379
343 1321
248 991
1205 1974
1256 1628
584 1442
1882 1981
1008 1202
1511 1530
1317 1881
1424 1905
789 1099
525 1698
450 1855
823 1927
478 525
758 1275
727 1672
877 1001
267 644
903 1361
47 910
628 1825
387 1724
900 1866
185 1506
376 1019
371 1255
646 1570
181 198
659 1722
1614 1748
1430 1627
41 928
1206 1962
177 807
197 570
1051 1793
612 1646
482 1872
1610 1622
546 1429
1515 1996
1050 1137
909 1405
267 1646
1694 1787
103 476
620 774
572 750
134 1820
776 1723
469 1380
877 1295
984 1087
70 1599
585 1881
1141 1873
835 1863
632 1561
1490 1569
1373 1871
1980 1999
279 1762
1346 1639
387 1420
597 995
1077 1880
537 601
1127 1140
999 1757
1166 1454
640 1108
277 1814
317 1252
930 1618
1064 1354
326 1585
787 860
227 1912
659 767
1107 1424
4 146
1055 1115
607 1156
89 1100
108 1993
1071 1788
729 933
1315 1918
574 1481
723 1976
53 988
138 371
18 375
325 1466
52 547
964 1595
544 818
95 774
193 1174
1200 1933
1564 1814
1620 1920
1421 1530
286 920
352 666
99 947
453 1526
1046 1818
448 1660
991 1723
770 1771
276 1303
1539 1857
765 1092
178 1917
1251 1736
476 1914
735 1062
1558 1857
1236 1248
1023 1974
1062 1848
40 411
1321 1995
1638 1960
476 1147
904 1885
1446 1597
170 577
711 1402
488 824
537 1676
432 1727
870 1711
153 1155
179 1937
639 1556
1231 1893
822 967
492 1171
317 544
588 1701
7 669
1287 1500
1126 1904
615 1728
96 337
412 1781
736 959
1289 1863
370 1489
516 1147
610 1522
284 1450
1350 1575
769 1263
894 1376
864 1982
381 548
1011 1935
281 463
961 1973
440 967
1013 1691
172 1112
258 1990
680 857
694 1390
823 1162
588 1085
749 1987
56 499
314 699
102 565
225 768
26 1118
83 1827
712 1093
1318 1814
202 824
72 952
678 1605
306 1929
1538 1887
489 824
277 1660
1068 1608
157 719
128 1227
1042 1433
896 1851
933 1668
1412 1471
1063 1814
1020 1225
259 940
640 1720
864 1539
208 835
1622 1634
1049 1631
410 879
269 1653
403 918
217 1281
588 1814
442 1248
78 554
126 1318
1180 1693
832 1719
1429 1938
1476 1709
112 451
534 1823
1196 1269
1554 1997
106 1605
107 1096
1343 1842
1035 1779
118 507
501 1496
1404 1936
78 1526
66 583
1318 1384
844 1051
595 1973
1041 1701
855 1559
27 1463
358 1478
156 1402
216 1374
216 431
1120 1442
313 605
1143 1750
990 1941
1079 1919
238 504
1204 1431
279 1289
1371 1418
61 1492
94 1580
1113 1651
280 938
364 425
199 1605
1096 1868
177 1157
812 1345
1372 1848
327 1838
854 1388
557 1504
722 1507
246 1072
11 497
644 1497
17 1990
1649 1677
652 1993
475 846
304 1533
12 482
1414 1666
446 773
77 1340
586 1771
1812 1960
252 1748
399 1943
20 1605
429 1538
330 1093
101 950
1385 1600
212 814
1431 1795
1591 1781
1383 1990
241 542
152 1899
384 1373
573 1235
196 906
269 1577
1625 1842
1397 1907
655 1908
353 1817
1051 1806
819 1660
862 1786
1576 1834
1045 1841
419 1688
600 1524
372 1634
791 793
182 1480
1306 1712
252 355
387 839
1164 1283
905 1407
1578 1890
895 1718
486 1211
629 1091
5 1580
922 1748
910 1507
700 982
1495 1596
628 1033
676 1023
745 1548
297 997
1560 1989
912 1950
351 671
300 1179
1115 1800
23 1039
825 1952
976 1516
480 728
475 1757
720 868
819 1260
619 1990
1454 1654
1553 1875
490 1813
30 691
711 1857
44 1238
413 1463
636 1963
1136 1985
1530 1984
134 1853
269 402
853 1776
163 1053
1830 1937
1771 1886
22 659
939 1500
972 1182
168 1807
426 1760
488 1531
443 1223
73 1453
895 1224
231 1757
1507 1696
542 1145
1116 1267
860 1394
621 1157
1088 1939
1332 1568
86 647
1139 1532
493 1363
1099 1544
821 1670
690 1945
1224 1531
1012 1429
655 1927
569 1182
1701 1781
774 1675
790 1305
943 1499
883 1986
880 1142
442 1025
1042 1415
875 1756
305 374
350 1072
437 756
1392 1684
453 857
91 1654
763 1007
844 1334
282 1035
519 1714
60 615
183 1007
329 1207
326 646
1022 1299
52 1290
660 1822
1597 1726
255 1838
127 1669
1356 1838
137 1256
582 1697
1311 1854
187 1722
1468 1471
1198 1484
18 1450
809 1694
264 1986
441 505
1184 1391
944 1150
346 918
383 566
45 991
150 446
1 27
347 619
835 1324
644 1988
404 690
571 936
708 1091
1084 1964
537 1894
939 1482
40 928
1422 1700
589 1814
289 360
637 799
819 1362
1821 1995
692 1344
509 1568
1284 1355
779 1878
1345 1791
443 529
1023 1437
276 347
309 1864
795 813
473 780
1508 1957
223 1180
82 824
767 954
325 1798
990 1545
1262 1865
666 1028
468 1136
1745 1848
588 1346
1482 1483
257 1400
1372 1583
1424 1597
262 638
211 410
220 385
1351 1449
857 1163
464 815
251 897
166 998
750 1974
160 1230
362 1815
881 1688
138 813
373 1876
312 828
401 1888
54 1015
622 1909
418 1632
121 1095
620 1659
1044 1660
378 1470
638 1473
415 1634
599 1928
752 1411
1245 1486
1660 1968
152 421
196 1852
486 1292
257 524
477 512
231 821
115 1969
532 1035
815 1814
1432 1475
129 1351
567 1617
723 1288
1017 1753
1616 1927
10 59
226 259
500 785
808 1756
18 1794
819 1177
802 1101
409 1010
813 1611
994 1340
474 1493
578 1270
285 933
1250 1427
370 815
557 1564
182 945
427 659
880 1426
45 290
907 1549
412 1613
307 1764
564 802
713 1708
901 1678
152 780
772 1957
1043 1181
772 1693
786 1703
513 673
228 1145
232 1346
1002 1833
97 309
1057 1134
319 1557
827 1530
644 1679
1530 1850
117 415
394 1571
446 1147
887 1217
161 1492
1627 1661
680 732
74 883
163 817
745 1148
685 1219
84 86
398 445
688 1505
616 623
1048 1432
152 1249
647 810
37 1605
393 1677
53 709
526 1871
380 1418
896 910
1086 1283
386 1853
1099 1482
289 1617
387 1191
1386 1542
775 1157
703 1026
644 1539
354 1034
113 674
829 1972
1182 1594
88 595
565 1116
138 1214
217 742
1149 1379
909 1429
696 1554
918 1335
1550 1851
337 1278
535 1941
1452 1771
947 1128
490 1601
253 513
636 1590
151 1355
205 340
394 614
532 969
985 1424
1424 1619
479 1420
655 870
1663 1678
1221 1532
343 979
1075 1169
1028 1512
902 1117
781 1941
692 894
945 1728
231 720
113 425
1629 1718
1605 1627
1531 1805
1186 1510
247 1283
896 1555
1535 1558
1503 1531
1679 1954
770 1966
115 1087
555 1481
1405 1530
815 1832
952 1701
260 952
1523 1986
1029 1465
656 1499
107 1222
1424 1678
469 1597
157 301
86 1776
1546 1839
272 794
320 581
18 1484
606 1313
1439 1851
356 1957
410 732
129 155
200 1692
747 1189
164 542
446 954
936 1109
317 1593
225 1520
68 1409
1525 1783
1291 1414
898 1770
700 730
92 1429
842 1282
190 1006
1022 1447
1720 1942
269 1195
511 1167
1355 1746
992 1741
410 1943
160 200
434 538
466 1828
457 1351
171 1995
1243 1602
1932 1933
1551 1752
1581 1591
123 126
114 269
1347 1887
220 1233
472 1325
1189 1462
1065 1702
1118 1193
426 1415
450 1126
555 1641
1182 1339
952 1222
872 1447
277 809
298 1857
934 1197
1385 1660
954 1910
283 1580
878 1174
1195 1539
1072 1543
19 1838
733 1692
1558 1792
926 1905
1505 1826
490 1419
1478 1820
617 1646
215 1025
52 299
771 963
1140 1580
545 567
1635 1997
729 1512
545 1228
263 423
1002 1906
130 418
699 1771
1176 1957
477 1018
563 1342
702 1676
958 1298
1093 1830
861 1295
1326 1329
31 818
804 1097
305 1355
382 1393
1389 1614
340 445
843 1335
1199 1778
653 1548
277 1382
671 1342
292 1509
986 1036
803 945
1627 1949
270 1133
45 980
370 665
112 1682
221 1101
502 652
1250 1941
702 1946
363 1471
302 619
1132 1399
1552 1723
539 1526
464 1343
28 291
1061 1935
321 1596
1046 1530
683 1306
586 1352
1853 1941
284 1879
1222 1403
325 1971
284 566
