2000
4 1863
440 1564
313 951
1475 1761
656 1380
263 1111
1586 1689
569 1105
616 1109
213 1352
71 427
265 460
485 930
983 1564
1176 1993
1258 1595
35 1430
1444 1564
317 1926
130 1635
26 1554
925 1651
449 1457
1082 1449
569 1177
569 863
391 752
578 1866
618 621
115 1756
498 1012
564 1139
1152 1925
177 1589
1654 1723
1127 1790
311 421
820 1153
314 394
368 1099
343 1108
251 272
1589 1621
1109 1187
427 1167
1504 1509
497 1826
600 1589
566 1575
303 696
179 547
563 1665
1129 1301
578 837
1182 1548
1007 1325
152 697
319 632
521 1575
60 1213
1086 1249
3 851
130 1294
729 735
693 1315
891 1764
160 1075
402 1086
19 385
1196 1627
896 1937
924 1949
336 1018
453 1070
607 1466
83 626
142 168
85 1564
113 295
794 1521
752 1154
1642 1811
83 435
40 1420
385 833
308 1160
1159 1186
403 1463
838 1153
71 528
40 137
1243 1732
821 1834
810 1275
264 1494
752 1255
84 114
301 735
319 1463
1463 1497
327 1766
762 1165
1075 1163
281 292
468 1682
183 615
697 1872
458 788
696 1330
578 1409
1176 1810
179 788
820 1663
113 1450
968 1867
75 1670
424 1218
70 1463
14 1325
1331 1342
58 821
1433 1501
47 788
38 311
102 1826
1449 1472
308 1932
1241 1526
343 355
610 1766
735 1197
427 463
667 725
759 1802
22 1530
851 1681
190 1357
878 1209
567 786
891 1149
847 1826
362 759
876 1238
1421 1888
367 759
82 1847
128 906
424 1370
413 1153
1017 1826
67 1294
229 1494
83 822
358 1811
1564 1726
1682 1760
48 788
424 544
987 1564
619 1357
263 708
26 1460
891 1803
132 427
123 618
319 1469
319 769
618 829
280 930
511 851
1501 1994
759 1779
248 319
30 1655
930 1566
146 869
650 1272
1494 1707
181 183
533 1501
121 790
511 1134
712 1589
145 1321
308 535
263 1659
57 1504
618 1292
471 1075
523 1810
230 1266
410 1557
962 1967
119 1790
614 1329
618 1363
477 594
113 1808
752 1811
1667 1831
735 993
1201 1501
261 1586
1176 1407
1086 1352
83 768
901 1157
427 1614
445 851
282 499
1109 1822
747 1670
597 667
1589 1774
1670 1938
790 1376
1176 1499
83 1596
563 1508
1197 1545
1556 1729
667 1818
489 1421
343 1389
377 1045
205 1670
179 1744
490 1863
83 130
619 1427
433 1068
511 614
526 1153
348 368
1197 1955
718 974
1269 1682
106 1654
1266 1306
83 767
432 788
970 1586
98 1651
1321 1598
1801 1988
1369 1741
323 1651
1557 1830
649 1180
969 1956
1558 1589
1000 1810
1226 1590
341 606
93 752
427 875
567 1222
155 1847
143 821
802 985
707 1785
368 1930
788 1984
776 1439
1682 1732
990 1466
1443 1535
1515 1651
790 1119
179 198
565 1443
286 951
1365 1654
885 1765
817 1100
343 1275
116 424
393 675
606 1011
594 1321
308 764
364 1416
985 1252
563 927
881 1443
771 878
130 1985
71 1196
763 1153
713 1901
68 1876
333 425
790 827
1186 1871
594 660
614 1920
26 206
71 1778
567 1303
618 720
968 1859
94 251
340 1325
1100 1795
809 955
331 1811
146 474
1284 1321
262 1101
26 1518
1325 1483
1651 1664
446 735
71 761
130 754
1451 1586
385 1828
563 985
721 759
251 872
1325 1447
8 1352
289 1586
527 759
557 697
251 428
649 1434
883 1817
113 1501
1565 1859
377 1343
231 499
275 1564
380 1987
1086 1904
1811 1847
438 585
728 1325
1012 1373
131 1012
84 199
667 877
125 403
443 770
472 563
251 277
1435 1494
896 1449
1269 1523
611 1421
115 1379
604 1321
146 1837
37 1766
456 1223
294 319
1449 1470
1260 1501
18 1777
1352 1506
1242 1654
1863 1980
442 1682
735 1569
63 1484
319 849
676 1732
431 951
1588 1848
476 1946
915 1721
1441 1501
548 618
130 1033
113 1656
64 930
1709 1863
1694 1790
25 567
696 1967
1141 1421
113 1571
563 1782
1648 1967
614 1624
284 368
438 742
416 619
594 1804
414 1790
182 1258
461 465
27 1380
1854 1967
1410 1861
790 1300
325 1586
1186 1230
283 1326
1272 1776
593 698
233 1330
164 1509
438 1106
1796 1967
745 1876
727 1819
290 735
1003 1760
287 430
1466 1672
1269 1863
910 1325
619 1476
84 790
424 1859
649 840
251 726
1695 1811
1494 1919
940 1227
73 1176
851 1398
146 801
319 653
851 1455
194 1356
567 1270
578 1626
1258 1763
1096 1847
40 293
1380 1559
691 778
12 511
381 1321
315 385
441 1811
1727 1811
52 458
804 1670
40 1841
299 385
1197 1382
147 1561
1561 1766
263 1346
1294 1351
691 1654
1352 1406
183 873
297 606
5 71
1109 1633
321 1810
567 1175
552 649
201 718
1075 1809
343 705
241 1064
113 1296
878 1362
1732 1789
319 1169
569 1100
1176 1534
1172 1176
1352 1388
1589 1591
113 706
1002 1042
619 783
1812 1967
1466 1586
84 146
578 1352
890 1575
922 1186
1120 1321
670 759
1366 1651
377 599
227 1258
770 1321
1426 1766
1153 1271
744 802
1443 1491
127 696
1180 1638
1325 1839
304 1212
263 703
346 1466
389 1197
450 1766
592 1792
42 73
368 803
179 1950
1269 1588
310 1852
411 1852
1584 1810
262 569
308 1728
368 1176
223 1504
1286 1575
265 377
569 1040
376 1466
645 1118
179 792
821 1321
658 1463
1206 1826
115 671
1504 1597
256 1269
1197 1747
933 1682
1479 1589
403 1066
718 1142
281 385
760 821
424 1639
930 1465
614 975
250 1876
593 752
718 1115
1397 1946
252 1504
84 326
697 1581
113 591
183 1009
403 842
1337 1967
1008 1109
789 851
1086 1772
522 1012
35 562
1421 1882
200 1352
1075 1945
305 377
242 836
434 694
1392 1463
35 972
1060 1294
1138 1651
35 1384
221 1380
642 1810
1110 1679
577 1075
343 731
247 403
1564 1952
438 665
1186 1194
343 1477
1516 1682
718 1522
594 1700
697 1607
372 403
1826 1906
258 1443
1352 1453
1318 1380
517 1417
59 1039
884 1852
985 1212
499 948
495 1466
1234 1670
183 586
40 1332
1294 1314
1471 1946
618 986
1041 1575
40 1139
689 788
733 991
153 752
553 667
569 1916
1143 1494
473 718
343 1676
821 1896
183 1514
697 1161
146 1668
569 874
499 1671
499 1733
188 1554
1044 1197
130 1263
403 1073
226 1258
113 349
77 1670
109 790
158 1086
209 368
427 651
1790 1805
1266 1528
251 1929
1084 1790
456 1876
368 1851
1264 1294
1586 1759
438 594
406 821
1453 1963
735 1325
606 679
1189 1449
667 1026
1321 1762
1466 1877
790 949
251 1685
343 505
919 1665
930 1978
424 1673
187 578
403 741
886 1463
682 1732
273 1905
86 1321
319 592
480 1176
427 639
716 1294
934 1421
756 1153
985 1257
655 1670
722 854
208 649
1081 1294
944 1352
1104 1672
1195 1443
563 1133
569 587
1272 1959
510 1266
302 696
1086 1819
606 1350
985 1981
146 1501
51 71
594 1193
788 1870
183 1383
345 1564
696 1305
673 1086
377 514
399 790
805 1421
558 1577
1176 1915
821 1526
718 861
1186 1272
567 1118
398 1494
92 319
352 1847
594 1749
263 1645
113 462
1504 1835
184 821
1110 1269
1109 1820
326 1962
296 951
567 674
788 1572
551 1811
851 1342
35 1852
914 1847
1294 1817
1321 1903
1282 1670
306 311
26 74
878 1311
697 1238
511 677
237 578
433 735
424 878
1541 1859
891 1211
752 865
1191 1670
343 1790
851 938
1077 1847
1585 1766
1466 1836
1336 1826
83 210
395 1463
1231 1325
475 1294
594 1703
146 1074
567 1833
1876 1899
1489 1586
680 1826
35 908
594 736
1001 1141
1221 1352
619 866
438 1814
40 1875
1443 1589
525 630
1402 1466
1135 1599
696 1713
179 1961
83 307
40 1021
34 308
787 821
1266 1988
242 1847
759 1400
350 1810
888 1654
253 1992
1421 1924
867 1325
831 1449
401 775
35 1235
179 1440
104 1852
1790 1898
24 1543
920 1506
851 1670
614 1018
934 1268
746 1790
1390 1651
183 1261
606 932
72 251
311 1651
1135 1946
40 387
1466 1617
130 1507
413 1158
1102 1321
520 618
532 1603
1321 1734
1012 1913
633 788
830 1409
1494 1697
1352 1862
100 1557
467 930
1258 1340
124 311
1116 1852
354 1197
1140 1810
35 105
459 1512
1148 1847
263 1391
1380 1897
166 183
71 192
606 1151
115 559
84 151
183 965
40 998
1109 1298
438 1540
427 1722
649 824
0 311
506 619
697 1918
554 618
71 1946
1637 1946
173 1012
793 1557
1200 1299
142 821
183 1826
715 1811
1267 1575
179 239
35 1853
157 388
681 930
28 1186
20 710
1466 1482
596 1520
20 891
41 1358
1186 1968
614 1649
1251 1766
759 1555
338 930
1647 1863
53 115
614 1039
71 444
377 542
21 368
35 1265
171 404
24 1266
183 603
930 1766
606 1136
40 403
515 1968
1153 1655
825 1272
1032 1967
364 1463
328 1519
1653 1967
179 287
1320 1732
373 718
614 997
35 1636
400 1117
438 1553
196 1790
941 1547
985 1285
1164 1967
55 1586
696 1121
134 1449
1086 1881
1323 1560
1122 1272
368 1926
385 1658
579 735
667 880
667 1611
33 1197
251 1198
12 1013
1811 1989
26 647
1028 1501
578 1917
408 985
479 1654
572 1125
630 1197
120 1222
1403 1797
478 1670
438 864
1456 1876
601 1258
1463 1742
273 1790
1085 1436
788 1327
251 1702
667 1674
26 598
667 1960
263 1741
891 1445
99 1421
511 1283
319 549
377 1023
308 334
112 1100
851 1130
1054 1863
634 1269
508 1732
1654 1699
985 1643
71 853
891 1770
359 427
851 1371
646 984
1119 1145
15 1766
343 1325
65 1075
891 1213
1539 1654
780 1575
343 1815
1272 1529
115 961
692 1264
1240 1307
83 129
813 1494
1338 1852
409 1732
337 1012
571 1826
146 791
794 1575
69 1504
254 1702
704 851
103 1186
243 452
268 357
499 512
619 1740
1065 1147
578 751
251 1232
368 1386
249 594
183 185
1075 1432
868 1272
385 1911
396 1266
1273 1732
584 1681
624 878
298 1826
204 594
511 620
300 878
574 1501
263 1800
748 1859
652 1863
342 786
1501 1933
596 735
26 144
1548 1810
71 404
1209 1738
696 891
688 1266
860 1810
405 1012
415 1946
1852 1895
892 1682
83 1783
766 1485
487 1266
257 1497
588 1075
1358 1380
513 788
464 649
1766 1869
424 1542
1204 1586
469 1109
26 1022
263 1844
631 1790
1354 1810
697 1957
1557 1791
1405 1670
781 1380
339 790
1063 1876
309 1186
156 930
1698 1863
878 1248
657 1338
1037 1852
1035 1811
697 718
1012 1245
311 1725
569 1701
35 1014
533 1345
124 392
482 649
649 1387
1852 1884
26 1531
581 1876
942 1421
907 1826
1210 1575
511 1364
87 499
812 1258
438 980
1272 1494
84 1339
526 719
141 735
1186 1537
509 1838
1732 1970
1372 1863
423 1575
759 1900
1153 1474
1168 1733
578 668
251 913
619 956
697 915
1495 1790
371 951
857 1287
1029 1859
894 1946
424 958
343 991
368 1631
1109 1449
13 619
1076 1258
6 1810
959 1575
263 1030
503 1188
1272 1417
84 154
1024 1651
245 578
1276 1586
311 1423
752 1347
452 1325
117 649
427 1706
1787 1857
714 1587
424 701
749 1176
84 219
319 1858
877 1939
985 1675
614 732
606 1403
179 1616
662 718
1654 1826
94 1359
35 1894
569 988
563 1997
891 1890
1224 1964
159 1048
618 1086
752 1552
1463 1953
483 696
606 1632
22 1651
308 753
417 990
1290 1443
949 1128
26 1842
663 878
146 1125
759 1153
609 1269
35 945
985 1662
800 1835
743 1732
536 1876
850 1766
115 1951
366 594
723 1197
96 263
511 777
637 1109
1651 1705
1245 1415
403 1464
1720 1965
133 1539
1650 1852
661 982
667 796
654 735
730 963
26 46
378 614
1153 1927
1380 1859
1123 1449
266 1266
1179 1671
641 891
1651 1982
261 1208
835 1258
71 540
930 1724
110 308
449 1100
1714 1847
1012 1421
1038 1266
146 1883
821 1146
210 516
368 1787
824 1010
388 1504
790 1079
709 1449
1201 1846
696 1996
1380 1718
568 1557
496 1851
40 1256
130 1155
1173 1325
26 1593
614 921
878 1202
83 580
1153 1295
263 1404
1852 1912
1466 1680
887 1670
424 1696
594 992
1269 1291
1312 1766
319 724
135 1682
851 1592
263 904
1088 1269
1075 1852
162 1564
758 1186
90 880
672 1732
420 1790
1176 1879
130 1190
183 1253
285 618
1487 1863
1443 1692
146 383
172 1735
537 1075
179 1969
951 1490
567 678
1262 1494
1485 1766
115 253
113 700
649 903
1091 1847
752 1511
403 1620
614 1925
251 1557
322 851
311 1012
174 594
757 1810
1093 1258
130 1239
351 424
320 1775
403 1923
427 1987
270 788
1356 1380
1443 1731
128 1557
511 893
1055 1946
531 951
563 1468
951 1861
2 619
422 1826
1385 1540
1100 1986
398 1976
1449 1623
71 1503
308 401
785 1109
377 1943
368 1865
1304 1651
251 1876
308 951
1336 1608
35 848
1250 1651
161 311
1352 1902
319 379
16 311
606 1266
308 1437
54 318
1859 1940
1380 1654
1233 1893
530 1494
213 397
606 1578
649 1843
923 985
1589 1806
111 735
314 1732
578 971
563 897
146 1574
1090 1421
1960 1977
11 385
71 1743
403 1652
690 1325
139 821
930 1092
1184 1258
926 1443
47 779
763 1124
419 821
567 1785
71 1036
1525 1810
319 1280
40 43
311 1056
148 343
826 1074
878 1157
1004 1380
23 649
752 1310
1065 1266
917 1847
930 1999
569 1823
439 1557
1083 1352
241 1557
84 1914
1501 1922
1080 1352
1321 1484
343 871
76 1480
555 718
1197 1504
56 981
511 900
360 619
754 1259
377 1258
17 1321
178 499
989 1153
374 1641
84 1058
499 1972
1466 1618
95 1463
567 1097
13 561
1247 1863
759 1683
311 1582
586 1845
377 909
759 1880
1075 1775
113 1691
985 1114
1375 1908
115 1293
80 83
1754 1773
62 951
26 453
759 811
1546 1876
81 1391
427 1885
606 750
149 619
951 1393
97 1100
308 613
1341 1859
203 619
385 1964
856 1876
788 828
967 1098
1117 1463
283 1575
957 1153
84 1788
606 1583
1185 1258
368 377
185 1794
1501 1956
667 1767
324 1501
519 1630
619 964
1197 1431
1089 1504
855 1031
1324 1859
1622 1670
985 1446
29 1564
115 979
740 1936
982 1012
179 1824
499 1887
368 1072
438 1628
872 1254
1258 1517
260 817
146 353
755 1589
308 649
385 1181
1381 1586
84 628
1504 1646
563 931
1086 1422
1462 1589
412 735
1269 1757
183 737
1773 1859
1269 1594
669 1260
1443 1832
1413 1847
578 1995
976 1325
1449 1780
546 1589
683 1967
108 308
377 1087
541 1272
1533 1852
718 984
40 255
618 1504
1395 1805
1269 1601
113 1288
9 1810
1425 1494
140 1100
790 834
759 1737
186 835
696 1240
1504 1771
977 1682
40 288
902 1654
169 1884
1353 1859
377 1536
374 667
34 1199
507 1651
557 1137
179 1769
1075 1229
1790 1921
214 851
1269 1610
1197 1901
373 1215
978 1658
614 1279
563 648
312 327
1153 1408
878 1886
1086 1319
499 1863
232 424
503 1946
424 1216
567 578
251 589
499 1590
1575 1876
126 1833
1100 1615
928 1272
363 1272
466 667
954 1272
614 1651
484 1421
765 1086
951 1562
115 1602
1564 1768
434 563
1660 1859
372 1500
211 424
534 929
1361 1380
619 1557
606 774
718 1217
821 1466
1463 1909
424 545
427 1488
390 1321
1544 1852
649 1519
407 1380
113 1355
1109 1600
1461 1852
550 1272
1069 1826
752 1990
438 1739
236 878
146 1527
369 930
288 1442
1287 1443
952 1811
889 1449
667 1317
1443 1657
418 637
718 1274
158 1360
1654 1719
403 1478
806 1557
878 1050
377 879
614 1411
1335 1589
35 891
608 1575
311 1971
666 790
627 1504
898 1568
369 684
649 1784
83 563
263 996
995 1086
1677 1811
1486 1811
614 1214
71 1829
473 1452
1129 1494
973 1449
457 521
878 1266
1678 1790
1294 1421
1850 1946
191 1586
179 619
1946 1973
1294 1334
448 1682
385 1790
240 1967
447 512
1612 1732
263 1494
950 951
499 1847
1085 1501
852 1946
386 1443
790 1156
83 1524
155 939
195 1113
84 622
377 1910
1538 1955
426 1876
130 1889
454 544
1396 1549
563 1367
618 1322
1109 1299
499 1502
878 1579
635 1946
493 1967
752 930
382 667
176 438
130 524
279 1186
92 1745
251 1493
718 1246
511 1051
501 594
83 1746
527 643
891 1492
1577 1670
696 846
170 697
499 1328
32 1100
1019 1852
330 1294
125 935
612 1269
316 1575
1821 1881
61 1557
1294 1958
193 1449
268 697
492 1557
1176 1309
818 1176
759 1228
332 1586
259 1863
582 790
722 1449
1220 1734
165 1557
113 1629
1448 1917
323 1020
429 440
1644 1876
1062 1421
563 1025
1086 1750
49 696
563 1892
1176 1207
1067 1176
1203 1766
578 738
602 1176
667 1449
1682 1807
403 1947
728 797
236 814
189 311
1669 1934
946 1810
1178 1916
455 1153
567 1414
225 511
115 623
26 649
1556 1654
960 1863
1144 1210
1811 1928
891 1429
667 1589
665 1604
385 1732
1016 1463
981 1075
344 821
500 1269
66 759
638 1269
130 1983
985 1941
278 1704
918 1589
31 1421
368 999
1586 1640
502 1138
215 1557
228 1651
815 1557
696 1755
1316 1668
627 862
539 1294
216 649
1732 1855
752 1777
696 1098
899 1352
84 1864
335 511
1095 1946
486 752
1510 1589
438 625
26 319
1012 1308
569 1374
790 1720
595 1907
45 1012
278 1876
985 1443
916 1859
697 1496
251 276
385 685
130 1934
1481 1682
1419 1589
765 1412
891 963
163 1380
1162 1967
83 465
78 1075
356 424
175 499
1012 1816
1186 1688
179 1825
405 937
40 1344
1466 1868
1197 1799
976 1049
1504 1576
784 1859
101 1859
808 1494
1732 1748
1048 1197
1654 1838
377 702
89 1898
1266 1375
636 1132
1313 1329
859 1564
664 788
146 1717
146 699
1012 1827
1126 1469
718 1666
234 594
54 511
578 966
263 570
368 799
1100 1753
578 1813
488 568
244 438
1401 1967
759 1100
274 980
569 924
115 1042
385 1473
40 718
1197 1893
329 985
201 936
107 385
308 470
567 1810
675 788
594 1333
1586 1606
319 953
823 1732
851 1348
595 1682
35 384
1501 1547
403 1323
26 79
377 1580
735 1570
870 1494
1165 1564
697 839
113 291
940 1967
165 238
302 1752
578 1394
696 816
235 427
86 1281
26 451
878 1942
560 951
1057 1504
773 1274
1380 1758
179 1512
1166 1847
1100 1219
529 1682
115 1186
138 788
644 1463
1564 1716
1494 1715
154 905
218 1790
36 930
44 1075
1736 1766
1467 1725
1100 1277
858 1012
361 1272
1443 1948
1564 1575
438 1840
821 1954
1071 1863
1563 1806
772 1109
246 1100
427 1059
1466 1798
696 1710
183 1856
311 1244
576 1766
1463 1874
1298 1605
891 1613
1109 1690
1006 1527
115 1891
567 1150
911 1863
311 1786
183 1043
518 1557
543 1501
1031 1876
427 569
130 1998
220 1938
263 606
1609 1826
629 697
590 1421
224 879
91 1812
370 718
269 803
1 618
945 1974
1352 1781
130 1107
573 1269
76 146
437 1501
10 1670
569 1944
88 1466
1258 1368
1258 1634
1266 1377
40 1113
695 1463
1237 1847
795 1897
150 1197
1630 1859
841 1803
668 1103
1094 1418
618 739
1012 1498
1047 1352
686 1100
556 1967
1294 1625
494 985
1109 1619
752 1225
1052 1294
334 1730
583 1288
343 1860
832 1863
115 1573
499 1302
84 365
481 1826
491 1186
115 1258
271 618
563 1192
1100 1693
1183 1325
1170 1941
1793 1946
375 631
697 819
947 1086
1810 1931
951 1278
569 1349
1654 1684
711 1575
43 617
267 1958
212 1859
343 1174
891 1936
438 1711
1462 1532
300 1751
1421 1878
499 1979
538 1832
136 619
851 1015
1053 1654
1075 1586
735 1236
50 1553
343 1935
179 1289
575 1443
311 693
1050 1459
183 788
347 1266
640 1176
130 1761
511 605
71 943
790 1946
35 1966
697 1766
885 951
821 1378
84 207
202 1086
1458 1695
734 1380
845 1852
569 807
118 1847
436 1682
511 1687
1086 1171
1568 1967
1712 1959
217 1325
1047 1078
115 782
438 1670
1112 1826
891 1027
403 1991
798 1946
1587 1682
1094 1564
882 1153
752 929
1449 1513
567 809
1321 1396
606 636
308 1297
197 614
7 1109
222 606
425 1272
427 1424
409 843
1186 1849
1708 1811
1186 1661
167 790
308 1428
504 1575
1399 1682
878 1205
122 1272
735 776
511 1061
385 1735
930 1454
39 1266
895 1294
844 1654
994 1811
83 687
113 1109
1873 1876
385 1551
717 951
74 1505
1504 1975
403 1131
760 1438
84 1550
724 912
468 1686
6 659
567 1567
1005 1847
532 1075
1034 1379
1153 1564
180 1504
1046 1100
618 1831
