300
178 179
145 146
293 294
127 128
220 221
222 223
135 136
195 196
97 98
221 222
162 163
291 292
201 202
257 258
51 52
272 273
76 77
274 275
46 47
285 286
263 264
255 256
3 4
96 97
141 142
82 83
74 75
44 45
52 53
57 58
92 93
228 229
104 105
94 95
2 3
140 141
54 55
177 178
183 184
112 113
28 29
283 284
278 279
120 121
227 228
36 37
182 183
117 118
32 33
205 206
215 216
264 265
191 192
230 231
282 283
109 110
186 187
159 160
61 62
237 238
207 208
260 261
24 25
22 23
39 40
262 263
284 285
150 151
73 74
30 31
203 204
69 70
16 17
15 16
21 22
236 237
1 2
131 132
292 293
294 295
171 172
128 129
204 205
66 67
14 15
235 236
275 276
111 112
81 82
9 10
53 54
125 126
214 215
119 120
19 20
70 71
209 210
98 99
168 169
41 42
60 61
35 36
89 90
165 166
48 49
78 79
210 211
11 12
288 289
7 8
238 239
154 155
99 100
184 185
129 130
252 253
29 30
245 246
157 158
18 19
59 60
116 117
37 38
49 50
206 207
241 242
219 220
133 134
161 162
114 115
85 86
267 268
286 287
0 1
27 28
47 48
246 247
138 139
148 149
8 9
91 92
58 59
197 198
193 194
26 27
20 21
12 13
232 233
80 81
259 260
144 145
188 189
225 226
249 250
79 80
258 259
126 127
174 175
62 63
170 171
217 218
276 277
151 152
242 243
38 39
67 68
287 288
254 255
143 144
166 167
101 102
6 7
105 106
122 123
244 245
231 232
95 96
173 174
273 274
137 138
218 219
247 248
269 270
281 282
261 262
134 135
118 119
196 197
124 125
212 213
50 51
279 280
149 150
202 203
213 214
248 249
226 227
211 212
88 89
175 176
71 72
43 44
17 18
181 182
45 46
224 225
234 235
172 173
115 116
113 114
93 94
268 269
169 170
110 111
90 91
280 281
123 124
142 143
277 278
152 153
100 101
190 191
167 168
233 234
266 267
56 57
108 109
198 199
84 85
192 193
87 88
106 107
153 154
68 69
185 186
256 257
187 188
155 156
4 5
164 165
107 108
13 14
229 230
40 41
296 297
290 291
200 201
75 76
10 11
31 32
243 244
86 87
156 157
130 131
163 164
160 161
63 64
295 296
208 209
5 6
194 195
121 122
103 104
42 43
23 24
147 148
102 103
298 299
251 252
132 133
199 200
83 84
189 190
77 78
180 181
253 254
179 180
139 140
239 240
216 217
297 298
176 177
158 159
34 35
25 26
72 73
65 66
265 266
33 34
270 271
240 241
136 137
271 272
146 147
64 65
223 224
55 56
289 290
250 251
