2000
1229 1536
538 1216
151 1124
582 683
696 1744
665 1140
382 502
815 900
440 646
910 1376
688 1965
420 811
572 584
1089 1964
24 1832
1419 1925
1147 1690
1 1203
478 773
1879 1959
1274 1357
548 1533
1315 1339
560 1205
1747 1904
371 936
941 1119
563 941
393 1328
121 457
178 1352
361 992
1702 1999
438 1014
606 1308
253 1067
1022 1552
193 660
503 614
1428 1470
324 1985
546 1652
1478 1663
100 424
679 1129
570 1159
1863 1929
910 1792
264 760
451 1619
562 1291
180 981
1381 1977
374 1834
511 1836
476 1127
856 1648
36 1847
177 574
1359 1924
1413 1871
436 803
447 717
721 1628
94 1515
874 1140
1161 1612
638 1197
42 289
218 1094
1180 1463
111 931
534 1393
1414 1462
93 1718
16 1078
751 1964
450 854
677 1809
403 1588
582 695
697 1993
532 1025
922 1348
1383 1680
1629 1827
740 1916
936 1833
349 645
1096 1437
569 593
495 1395
512 1805
847 1585
152 874
1786 1951
944 1284
528 1502
337 479
122 1795
9 1920
897 1407
66 928
1077 1088
854 876
799 1179
1239 1983
553 1094
425 1098
279 1711
1354 1501
109 351
20 1314
16 1125
818 1322
1550 1689
844 1442
5 1258
318 327
214 239
338 1977
195 1742
96 955
475 603
771 1771
1349 1797
827 1506
1252 1492
519 1868
200 1445
153 1854
1320 1951
1085 1857
490 670
1667 1779
701 1910
1541 1901
1076 1326
420 1858
312 677
229 1481
760 1065
1287 1346
124 1811
568 1150
143 891
599 1778
415 839
1568 1737
99 815
231 242
1297 1738
18 1235
1533 1603
1317 1899
842 1131
503 1997
1090 1895
631 1120
948 1064
65 1434
146 1841
190 556
277 961
875 1784
1259 1685
59 1950
525 652
793 1236
898 1254
432 1079
4 1405
502 1907
537 1843
174 954
931 1190
731 1699
1331 1760
921 1814
1401 1879
125 989
464 1152
987 1969
1072 1352
1601 1858
451 757
170 1853
102 1432
543 1059
1674 1821
1175 1325
31 1539
322 1765
1149 1540
904 1761
283 1611
857 1738
6 905
880 1923
1257 1776
1424 1453
267 812
200 1512
987 1809
745 1460
1286 1311
1192 1540
1440 1956
501 797
686 1461
24 1655
243 509
74 116
350 858
1372 1853
597 1386
997 1803
185 1990
271 1030
951 1850
1017 1996
1236 1812
881 1351
496 1099
1699 1981
841 1142
985 1040
312 632
189 1448
696 953
260 1026
1231 1515
167 568
833 1237
1150 1239
937 1245
1476 1857
1219 1906
382 1967
76 1017
1114 1688
350 447
254 692
174 618
560 564
75 469
1006 1197
968 1221
722 875
822 1968
708 1171
789 1504
1407 1477
291 1767
592 1176
935 973
191 1442
545 1640
1557 1771
1052 1433
651 727
159 977
607 877
1091 1626
571 1957
156 1951
1003 1915
926 1988
31 577
469 1113
988 995
271 1803
581 760
282 1682
664 1307
395 737
1179 1353
742 1960
369 1123
159 1225
1079 1709
69 1022
742 1109
1500 1691
1040 1819
1431 1563
1117 1407
1248 1271
845 1397
59 1705
70 225
582 1012
172 1978
307 1103
1005 1407
677 1904
266 1734
331 1615
527 1343
145 1745
1049 1850
750 1409
1195 1364
549 954
8 808
601 1524
1385 1900
429 1428
99 1914
801 1590
1219 1244
266 308
171 1074
760 1659
1110 1215
524 1531
685 1285
330 976
294 1300
1351 1720
954 1389
143 1182
25 589
139 1693
423 1730
171 822
180 1543
1320 1988
1013 1906
133 1228
180 878
1111 1770
1392 1957
262 1228
1656 1998
704 1153
1392 1712
29 1858
690 1246
280 790
370 1309
1442 1757
773 1637
840 1735
770 887
468 1950
99 987
375 966
1116 1480
58 1046
131 640
213 1832
436 578
787 1602
1278 1357
608 1302
515 714
894 1969
1046 1525
248 289
986 1396
146 875
1603 1913
314 401
863 1612
1040 1728
1779 1819
134 435
1387 1741
1040 1415
843 1371
465 1672
180 1080
892 1101
1447 1933
1334 1749
478 498
581 1161
511 1542
275 1921
1098 1945
184 1454
667 1921
1280 1763
265 1535
1165 1892
281 1440
174 775
47 1692
960 1679
399 1140
526 1888
1816 1857
1349 1979
332 1205
1266 1737
415 1912
69 321
1782 1919
56 102
180 1085
313 1469
677 1351
208 517
263 931
1622 1796
362 818
1350 1919
1418 1610
294 1126
1403 1991
409 605
236 957
940 998
138 461
350 1239
1009 1474
292 1248
80 1322
55 1711
464 848
746 1893
974 1535
1122 1803
753 1269
354 1910
367 1397
624 1523
378 543
1324 1345
200 1115
386 735
841 1628
1051 1325
965 1264
1518 1540
104 481
1087 1305
67 402
896 899
0 1146
434 1015
677 1320
1677 1949
457 1125
603 1597
624 1801
266 345
167 1414
523 947
752 1498
943 1467
217 373
964 1914
453 820
1299 1934
110 248
1496 1577
905 1391
209 517
725 1525
636 1316
243 1327
222 1075
849 1565
618 1104
1394 1792
1427 1831
542 1873
559 1074
1031 1332
1036 1452
886 1607
329 818
925 1683
1307 1575
748 1444
1197 1351
93 1046
715 1194
38 1521
1687 1861
753 1863
471 1840
653 1390
1165 1293
348 1732
742 1806
906 1664
153 1191
941 1165
431 1148
112 539
903 1932
1093 1367
742 1660
178 1825
78 852
918 1611
1738 1925
612 726
174 1998
917 1846
1297 1762
1246 1665
1507 1752
1302 1618
53 1866
818 1158
72 229
97 1683
1042 1646
447 623
178 1716
1558 1723
652 943
580 1139
1290 1358
187 1481
266 1900
301 1221
295 1786
380 751
174 1599
1560 1586
733 895
723 1725
1163 1794
189 780
1778 1896
641 1928
1500 1858
828 1468
1601 1759
193 252
719 1184
583 682
197 1106
527 1324
71 1072
476 1465
265 536
1839 1982
385 1210
1042 1183
147 908
499 1624
1263 1455
851 1153
579 1908
1430 1433
565 1716
586 725
430 1993
237 1100
0 1239
153 1774
199 518
345 372
1134 1509
190 777
59 1544
662 1336
820 1043
693 1574
733 1325
105 694
220 1591
639 1857
218 1022
164 234
916 1114
735 891
118 1092
285 899
713 1994
396 770
910 1674
293 1656
670 971
96 149
144 791
389 1953
1578 1685
1447 1545
1275 1286
1096 1885
375 1111
1036 1178
805 1540
1920 1961
188 484
434 1204
678 1026
1194 1623
864 1351
857 1935
494 1352
878 1334
477 1611
778 1688
788 852
237 602
105 836
127 1861
394 1766
1801 1878
1572 1724
1157 1535
1205 1513
1264 1865
375 1112
1453 1711
752 1262
1359 1438
418 575
21 126
137 1064
240 983
96 1761
254 355
972 1048
402 816
544 1778
910 1930
221 1531
1194 1341
85 1173
1210 1666
1571 1781
724 899
1222 1461
786 1901
335 700
856 1644
652 1719
783 1583
473 1178
798 1148
436 1418
337 1577
668 1030
669 1532
911 1949
713 850
1056 1599
1267 1476
521 1989
598 804
253 1605
540 867
294 1308
41 445
983 1794
161 1837
1143 1540
833 1632
385 1583
1843 1927
17 655
1009 1195
771 1199
1651 1992
1249 1706
940 1735
175 885
159 1033
146 1863
11 1621
312 1468
655 1499
123 358
1792 1972
138 1240
982 1334
646 1427
865 1584
215 1816
1236 1473
195 1365
616 743
1318 1904
166 1255
1744 1814
98 878
955 1342
382 1750
207 1325
29 736
774 1454
1076 1246
342 1616
117 1875
1125 1544
337 1357
400 472
1491 1745
132 604
712 1771
507 941
869 1400
539 1558
913 1083
246 1219
570 1815
50 802
1251 1943
1023 1528
1028 1581
169 897
840 1016
315 1603
802 1954
1746 1858
1843 1964
1252 1670
625 1061
660 1511
242 373
631 720
476 1416
707 1458
741 1572
248 933
517 775
645 1477
19 662
682 1176
202 762
699 1637
454 979
1692 1708
1497 1617
45 1466
1246 1673
438 1198
1142 1950
590 1002
489 655
183 936
243 1762
1803 1946
331 1362
16 1000
247 899
146 1320
856 1114
242 1753
1442 1545
1061 1612
344 801
1180 1801
626 714
871 906
420 467
585 1357
508 1417
64 911
90 776
1280 1757
421 739
196 1126
47 1756
44 1786
690 1373
1289 1366
281 1819
327 1485
585 1688
224 469
285 705
426 1310
266 719
142 1305
585 1760
572 1756
751 1178
1396 1531
1699 1828
239 974
329 1606
200 1240
161 1149
494 1068
75 1932
242 1853
1023 1899
1041 1735
1554 1845
1040 1513
89 627
703 1655
328 1556
1163 1538
407 955
775 1986
409 878
340 1317
381 1629
1363 1943
1304 1603
12 70
1140 1513
1279 1963
1025 1680
1556 1891
249 1954
1039 1310
972 1508
677 1171
73 479
611 1263
744 1664
781 1512
444 520
24 143
149 956
1537 1715
995 1544
1581 1778
898 1245
4 595
314 1071
1034 1240
1378 1822
1142 1662
178 1103
903 1256
476 1777
1162 1850
531 1172
96 726
161 1328
426 1260
588 1943
149 1738
420 785
174 1438
319 1941
116 917
470 671
576 720
125 146
1095 1778
391 490
594 1620
763 1459
1130 1688
1205 1737
319 1306
1278 1671
1143 1325
1334 1772
663 1557
1296 1987
1234 1735
145 1982
1566 1678
400 1124
605 1444
776 1378
105 253
1357 1483
429 1261
235 1475
375 1625
650 828
494 1201
459 751
1082 1357
808 1964
605 1248
834 1840
518 1468
1188 1321
899 1950
569 1712
1285 1669
291 1743
1016 1872
166 1504
255 548
567 1092
1007 1773
1658 1900
1187 1566
1202 1628
83 699
745 896
1155 1962
76 618
193 515
990 1252
1185 1448
1074 1701
61 1799
404 769
652 1352
229 1309
615 819
382 833
803 1546
742 1241
194 884
4 384
99 478
235 1584
141 1196
628 1934
991 1563
1193 1718
600 1655
984 1877
29 765
681 1543
698 1436
987 1963
1554 1877
1208 1242
311 424
84 1659
812 1166
820 1297
947 1850
302 1830
380 1026
1109 1501
306 380
1446 1914
1343 1888
1032 1717
505 1992
149 1343
754 1332
1408 1859
238 513
350 492
756 1615
342 1918
373 1850
36 1622
59 1801
1060 1559
554 1382
749 1873
682 879
1209 1336
649 1298
486 898
68 1624
16 1382
19 927
419 1503
558 1024
812 1697
38 245
559 1814
1098 1150
486 1877
1357 1818
1182 1976
128 620
778 1587
410 1733
288 1094
654 864
194 561
371 1073
256 1977
667 1428
929 1505
1576 1671
535 1072
23 503
771 796
1210 1629
222 459
197 435
1922 1941
1567 1671
1156 1839
891 1557
358 1517
218 271
376 1655
481 1093
534 1106
924 1714
147 183
1470 1600
409 1168
823 1934
1239 1451
612 1224
198 1790
1551 1757
466 584
684 816
842 1534
666 861
366 896
1842 1977
1388 1659
151 1316
1377 1769
297 950
364 1439
154 1041
1005 1369
110 1482
218 1880
680 1549
184 300
818 1771
149 987
896 1877
1246 1684
77 332
222 1118
773 1025
769 1710
1244 1763
934 1867
779 1767
515 1021
359 1036
813 848
958 1450
1695 1763
911 975
740 872
1265 1344
979 1052
862 1999
1018 1212
129 1979
72 558
605 1378
329 1443
594 1004
891 1145
365 1269
527 1887
955 1736
462 464
943 1052
150 1552
53 770
1028 1412
1471 1839
336 1485
131 1257
248 859
1018 1924
1029 1351
210 1046
1540 1817
841 1758
186 1425
648 1299
702 880
142 1499
651 1863
577 585
1520 1894
608 1777
480 1200
814 935
139 460
494 963
759 1862
223 373
966 1744
486 1870
1570 1683
1904 1934
1301 1372
818 980
503 1306
1685 1926
307 433
87 1180
203 650
705 1311
6 228
1730 1744
227 1195
1110 1176
1008 1044
857 1509
1429 1699
744 978
449 527
478 1333
596 1305
1368 1520
1914 1920
1278 1487
7 746
418 1994
1077 1370
312 1781
494 1320
1361 1405
140 1086
1362 1569
374 942
875 1881
5 1280
1738 1989
1109 1583
611 1308
442 518
10 1957
417 1090
195 1249
1455 1547
1021 1849
107 725
777 1195
86 491
518 622
930 935
945 1738
1538 1883
117 295
272 557
464 1937
119 1716
183 1941
60 687
1411 1659
732 1888
1398 1762
108 1420
627 1213
173 291
709 1608
278 462
1428 1729
163 322
26 1250
373 1355
772 907
875 1773
892 1538
108 1813
1142 1715
101 390
226 1612
57 1139
268 1320
1210 1564
1335 1378
780 1490
441 1452
226 1529
30 867
1291 1488
427 1544
592 1102
39 1768
254 386
795 1041
557 656
299 1914
342 1562
833 1459
81 622
364 1965
598 1568
1807 1856
888 1954
752 1525
174 987
1236 1252
1488 1638
1553 1882
1319 1688
38 644
52 121
1287 1320
1067 1362
485 1339
395 946
668 1940
5 1903
1499 1795
1470 1916
1694 1720
498 1895
452 1360
306 1857
987 1950
1494 1782
273 1934
451 1194
869 1450
458 1998
758 903
790 1158
745 1953
882 1032
218 1987
1808 1951
779 825
322 1438
862 1843
64 439
1 744
41 628
905 1942
366 1589
379 1157
128 1027
36 945
792 1686
1202 1410
767 1568
1198 1278
1132 1538
949 1807
890 1879
358 1330
1755 1969
1148 1398
1019 1233
103 575
347 467
174 770
271 1170
682 1338
74 1820
89 411
306 1836
1177 1532
1281 1810
762 1151
1337 1736
687 886
130 1043
1538 1613
414 1278
578 1558
1470 1592
941 1107
276 1244
1643 1861
1038 1834
783 1423
1215 1409
1652 1920
35 1216
1092 1594
630 1822
742 1801
1697 1952
1611 1966
230 812
99 1928
1142 1859
647 781
783 1609
13 1089
297 1767
1484 1857
957 1242
1449 1487
166 1323
1081 1196
304 1110
1329 1973
566 975
30 857
1766 1936
220 1471
46 1658
1129 1902
838 1996
1218 1854
1568 1944
872 1962
153 1163
500 945
797 1138
1434 1657
82 799
879 1169
1460 1699
1083 1767
322 1472
522 1479
462 734
1069 1176
797 1905
1187 1798
695 1077
1688 1814
426 1288
216 1567
987 1585
155 189
79 1781
591 1689
63 105
403 1483
120 731
413 831
298 1751
1103 1390
1019 1815
1426 1780
260 456
768 1487
323 1442
460 901
928 1864
624 1281
1313 1756
174 603
293 1510
451 1949
58 706
47 1257
1493 1835
840 1312
854 1335
1143 1454
870 1649
1557 1735
573 865
497 1419
202 1022
899 1959
815 1700
1186 1804
1501 1982
1814 1846
1710 1857
1740 1852
794 1160
110 1154
1096 1716
29 453
480 1153
607 1324
180 248
629 1619
987 1085
72 1384
343 1616
1121 1446
1434 1958
322 779
614 1698
924 1836
109 1132
1516 1970
106 1706
175 725
710 1011
738 1137
587 1644
806 1794
314 746
1464 1681
360 551
1114 1395
701 780
1132 1137
159 1916
136 1141
384 1521
761 1912
449 1405
689 1616
194 833
11 1392
263 1739
1024 1722
658 774
212 769
589 1904
364 1799
945 1788
1181 1620
491 571
1180 1602
183 1884
293 1650
309 724
1757 1978
51 473
1349 1642
1534 1906
835 1999
720 1438
62 1324
1236 1920
201 1049
1032 1801
116 510
970 1934
1738 1906
183 1647
368 1125
951 1375
1226 1291
434 1406
1160 1309
845 1716
375 791
814 1469
316 578
465 1781
1125 1357
1092 1584
296 416
750 1634
43 171
689 938
1359 1503
113 1171
1153 1235
387 1923
101 235
1114 1520
207 910
288 1063
1185 1522
527 637
713 1619
72 1920
672 1595
382 1084
54 895
1292 1771
960 1145
266 392
515 1187
436 1116
346 842
483 1998
271 1531
886 1392
566 1519
855 1888
528 1517
1350 1675
72 1864
487 1193
711 892
810 1307
274 1639
1205 1950
286 1386
108 319
1721 1928
736 1213
333 1876
373 1613
864 1055
874 1422
232 361
1446 1516
657 1550
1775 1959
557 1190
824 1198
1480 1809
500 1514
34 65
409 746
261 549
946 1176
1238 1452
1489 1757
256 269
333 822
693 1661
175 1100
1689 1823
1205 1268
580 1395
48 553
544 1954
357 1950
1707 1769
241 1381
550 1705
33 463
162 857
1041 1555
742 1450
1654 1877
870 1699
791 1831
1081 1748
428 1454
478 1045
905 987
1125 1624
833 1057
1097 1146
972 1637
1170 1726
181 362
683 766
786 1438
1304 1811
820 1690
784 1483
515 1928
475 1054
1017 1860
1402 1762
635 1223
1480 1917
1873 1998
1294 1334
448 1210
159 514
92 1116
408 1728
925 1356
1176 1826
464 1563
341 959
375 410
933 1495
160 807
238 1201
1264 1975
1042 1690
1639 1872
830 1513
1053 1811
1241 1793
233 1438
455 1296
613 1425
812 1794
235 1799
1359 1838
801 1421
837 1762
213 1713
99 1304
183 1611
697 1906
1492 1848
1700 1889
1386 1596
105 739
341 1934
356 1900
1340 1619
1631 1757
1452 1636
478 923
32 521
723 742
1079 1240
1008 1323
1247 1460
443 1517
803 1298
561 1128
586 1441
251 1980
1179 1499
624 934
1641 1780
303 1240
1425 1742
284 711
747 1787
408 1366
952 1864
45 1998
105 547
327 853
493 1374
1227 1269
797 1984
1085 1486
180 1242
893 1182
325 1470
1530 1926
75 962
436 1348
1273 1343
211 1900
999 1900
312 1890
91 668
437 1468
1180 1824
73 1196
1874 1910
221 508
574 616
15 186
468 1207
169 1124
1580 1880
1091 1906
906 992
1435 1759
334 1349
27 670
424 1023
75 1906
726 729
229 326
1640 1960
506 607
1582 1650
646 1283
436 777
318 826
438 1905
1289 1645
1159 1973
99 1540
1309 1657
206 597
1161 1515
700 1304
295 397
357 1802
28 963
1357 1584
1106 1531
135 1379
1676 1882
258 1855
306 1047
907 1931
219 408
248 1190
363 1467
115 1106
775 1829
266 512
821 1830
866 1559
969 1978
530 1986
661 1703
290 1433
852 1969
731 860
902 1520
149 512
1219 1751
406 1955
479 1479
128 376
1350 1552
1425 1754
2 1206
179 526
36 377
1240 1969
820 1517
873 1635
76 1392
287 1228
174 1617
415 498
1035 1127
958 1189
45 476
1208 1948
345 1381
569 1059
541 1836
350 1884
1232 1997
493 1675
95 195
14 96
1129 1280
1226 1898
621 1232
1217 1918
198 1392
1067 1544
572 1969
656 673
11 1630
1265 1702
318 373
435 482
279 1123
948 1939
538 1632
533 938
611 671
478 1250
800 1230
160 1323
542 819
1206 1859
542 686
1077 1926
1256 1598
176 760
555 1785
166 1540
1566 1633
624 1526
875 1995
478 925
321 1253
1019 1077
1387 1517
610 1758
1058 1932
250 1630
619 708
488 1087
1003 1072
75 294
279 966
1282 1398
574 1857
29 1214
1290 1640
808 1627
200 1549
422 570
560 1949
504 1011
45 1303
374 453
1132 1950
920 1247
455 643
1239 1478
1269 1947
516 608
1732 1943
296 1558
464 966
1280 1470
720 1339
651 662
716 932
1662 1830
40 194
22 1493
1041 1093
383 1458
132 1336
282 315
935 1347
266 360
1070 1602
1001 1807
464 1221
322 1561
1506 1766
1379 1538
1165 1783
72 861
259 1205
955 1724
431 1277
697 1687
726 1789
262 1105
1072 1908
676 1300
344 1211
180 1243
634 1600
146 1110
1270 1980
746 832
791 883
59 1532
715 1855
1442 1740
164 1778
165 1991
380 701
939 941
37 1886
265 875
1295 1455
1407 1998
148 1269
788 1886
86 1524
317 888
670 1604
59 1527
986 1668
193 1752
168 1336
781 1010
225 247
555 1899
599 698
188 887
474 617
644 1971
302 412
0 1769
1685 1696
68 906
334 1763
792 945
1488 1916
1559 1859
1505 1959
126 1470
1923 1973
39 208
683 1321
397 1020
1335 1800
3 1801
166 1011
305 891
218 1809
136 968
1395 1703
817 1268
809 1129
1136 1928
1139 1310
791 1862
1284 1787
642 689
1042 1911
88 1475
373 1246
310 1037
139 1985
849 1263
1298 1399
779 1229
1568 1693
360 1851
143 1432
205 1548
672 1480
185 630
463 1016
675 1233
760 1181
80 1586
967 1818
782 1395
102 909
889 1116
207 251
912 956
674 1100
382 609
764 1038
69 444
1744 1891
814 1143
327 1614
180 1939
452 1244
29 851
244 1485
1285 1833
1402 1458
398 1412
247 1172
321 1731
1246 1938
208 352
1278 1955
538 873
874 1108
1008 1897
868 1857
755 1818
810 1142
37 1869
993 1153
1264 1734
1608 1950
76 1974
915 923
1119 1857
434 1928
846 1148
192 313
180 1499
1284 1540
716 1641
1276 1558
391 1807
961 1137
1632 1969
954 1037
1019 1278
20 111
1734 1778
996 1185
49 384
1133 1304
437 633
446 725
1334 1727
220 1164
261 691
262 1688
1391 1579
1308 1404
1316 1653
1371 1693
1612 1906
330 1577
505 1096
205 1603
353 962
180 891
180 1791
126 552
399 829
602 659
988 1002
967 1220
657 1899
1732 1839
180 1023
1132 1186
869 1066
85 916
426 1144
914 1641
1223 1859
388 1794
140 1256
1099 1698
911 1332
408 1573
931 1764
1493 1786
499 801
1674 1931
149 1150
529 895
730 1982
1119 1844
319 1574
319 1871
129 339
157 259
566 1167
473 1050
58 1272
845 1681
207 402
270 1598
72 1403
1022 1456
519 1652
718 897
158 1592
204 1817
1386 1412
611 1840
800 815
1540 1766
1135 1243
391 1428
617 1126
169 1593
522 919
342 382
738 831
175 1132
994 1241
405 737
1704 1967
771 1457
198 1380
1062 1514
231 320
914 1668
728 1610
1460 1882
257 748
903 1909
114 168
1174 1803
182 1591
1287 1742
