2000
548 1966
700 1413
162 1567
1736 1817
110 328
423 1828
1025 1603
375 434
86 1834
334 1411
1047 1513
328 418
85 979
786 1386
468 1092
1475 1491
795 1754
1118 1162
1010 1593
773 1106
672 1386
1668 1686
979 1662
296 724
598 1848
1464 1595
1234 1786
295 1118
1194 1227
198 538
1184 1806
1277 1686
334 351
1468 1936
443 1721
88 1666
950 1554
1382 1442
575 1932
847 1249
761 1195
169 1086
390 1167
1334 1956
389 1256
333 1026
561 1696
1478 1539
1275 1614
1092 1812
1079 1171
1812 1949
493 1513
1162 1648
951 1256
214 1419
90 227
885 1686
710 1016
187 1591
1631 1966
1251 1817
752 1806
761 1488
375 1326
698 1222
633 938
1366 1417
409 1723
478 1956
1127 1755
393 904
88 630
624 1754
1060 1585
609 1686
648 1079
1256 1930
88 237
1168 1962
93 189
347 1118
487 1444
1604 1966
813 1118
330 334
1559 1987
1372 1790
668 1133
901 1086
214 265
813 1523
712 1766
633 1859
463 1605
751 1539
331 1386
1104 1228
1139 1222
180 1848
72 1519
78 135
440 1817
423 912
640 1437
936 1167
187 1940
16 637
54 1025
328 695
1150 1784
937 1600
1012 1275
1194 1624
690 895
813 1640
88 139
134 1491
90 1420
916 978
740 1600
295 810
1175 1593
1178 1513
710 1044
55 663
930 1506
403 435
690 1793
650 1987
84 1491
1168 1187
831 1344
1320 1834
293 1203
718 1867
295 1463
1452 1868
189 1716
1062 1118
311 1723
694 1771
1038 1223
1060 1696
536 1386
690 1353
1863 1949
814 1936
463 624
646 1133
717 1593
522 612
1593 1671
443 1981
947 1194
135 1824
526 1817
718 1837
300 346
916 1589
772 1644
557 1686
10 1949
103 1038
46 522
779 979
1162 1907
1038 1739
858 1949
328 1987
1763 1960
930 1429
492 847
131 165
1386 1687
445 562
147 1723
1038 1212
1350 1695
1592 1723
322 1307
1539 1792
1307 1365
755 1444
1259 1806
541 633
950 1332
326 1848
4 658
1581 1584
423 1689
334 1674
653 712
5 1834
1271 1466
1312 1652
1038 1609
762 1105
405 785
641 1001
420 1001
581 1167
214 1030
1436 1944
189 1869
68 275
979 1974
83 1275
293 1732
1104 1685
280 950
372 1009
1519 1814
958 1382
985 1936
328 1275
4 973
522 1700
347 671
126 1386
166 916
1297 1519
1309 1949
352 1386
1372 1681
90 1590
689 979
1281 1513
1384 1386
110 713
1360 1949
155 1062
343 1754
300 1085
554 1936
1519 1963
403 1357
813 1683
444 1327
1234 1812
419 522
131 310
68 1441
759 1194
509 1001
194 1222
732 1595
345 1038
575 989
308 1437
405 1866
55 1812
637 1027
55 482
1288 1771
181 1754
552 1386
930 1126
175 1771
357 1327
131 503
378 1167
418 1703
375 439
1104 1821
695 794
1888 1987
191 773
1006 1966
334 1289
1000 1417
215 588
690 1299
1057 1754
505 1723
243 1806
1193 1704
475 1771
1466 1583
1485 1778
532 1307
68 102
538 1825
375 1352
1325 1985
79 132
773 918
299 1168
391 1987
831 1902
1444 1909
1466 1517
1387 1944
412 1686
831 1173
218 773
1118 1584
916 1100
537 1256
620 1086
935 1778
1312 1673
544 1755
744 979
746 1784
239 1307
1105 1440
710 1398
406 1038
524 1275
1437 1796
878 1327
135 425
519 847
913 1966
131 1117
1430 1944
710 1284
140 773
608 930
200 930
1881 1949
964 1193
1452 1537
1115 1585
347 1780
366 916
1060 1086
1260 1600
848 1327
687 1723
68 1926
4 319
1513 1898
1316 1949
508 1763
1312 1933
422 637
1024 1771
204 1386
293 1425
110 111
831 1917
930 1061
538 1770
1452 1923
132 970
1325 1347
590 718
21 1340
1062 1813
293 316
1001 1947
1091 1092
737 1519
1040 1806
393 1118
230 1382
583 1695
1600 1788
68 1023
1539 1560
831 1616
11 1168
1167 1805
295 1247
859 1307
223 418
1265 1584
1038 1368
724 827
1162 1219
1595 1749
4 1586
267 393
907 1466
1009 1371
43 1162
883 1723
261 1539
1169 1695
334 678
1729 1784
1306 1382
276 1382
930 1323
59 1038
610 1600
68 1404
773 1118
994 1104
423 1156
1202 1834
350 1001
1346 1686
464 695
328 375
915 1784
1443 1966
1201 1519
393 1650
403 1528
1688 1754
65 695
365 1784
695 1482
486 1817
1062 1349
604 1079
410 1325
543 1784
393 1726
90 430
1857 1936
232 930
7 1696
136 1275
589 695
8 131
22 1951
131 1758
187 665
690 1501
1497 1539
624 1443
700 701
1002 1307
718 1541
695 1534
1466 1678
1167 1516
522 545
1168 1199
551 1009
293 664
347 1467
1102 1539
1513 1810
364 1327
639 1778
333 1706
818 1444
1540 1987
1001 1707
1255 1452
712 1924
585 1466
403 966
1162 1946
110 1237
690 946
644 1763
195 1382
1193 1861
336 710
124 1312
178 1806
1382 1620
452 1167
1452 1719
565 1193
718 1443
763 1234
876 1956
1656 1723
1755 1820
1256 1367
578 690
1594 1848
117 718
991 1009
773 1165
1009 1746
1778 1878
443 839
40 132
696 1784
847 1060
150 1025
405 992
1092 1776
1327 1812
1806 1812
295 1481
209 1009
502 1312
1755 1827
712 1278
538 1988
773 1210
522 943
961 1079
328 1372
1213 1956
890 1755
1256 1690
739 1834
370 637
501 1848
328 700
112 522
690 1392
852 1092
143 562
375 1561
110 1483
470 930
1025 1550
347 1408
289 1009
831 897
375 1833
418 1264
248 1466
562 856
1 724
375 380
66 1539
916 1226
1222 1970
1696 1897
131 652
1001 1122
1062 1410
761 1865
241 1723
1364 1834
208 1105
375 1119
562 1558
1584 1842
12 588
562 879
347 1185
1553 1817
1364 1386
1372 1884
1256 1954
212 1755
950 1291
773 1456
1437 1566
1109 1437
187 1314
106 295
816 1452
1499 1723
559 1695
68 1779
1007 1951
688 1133
187 517
1140 1784
71 1086
189 1545
45 1491
1048 1452
328 690
113 1763
423 594
1225 1234
1132 1466
1696 1777
135 894
986 1936
286 1966
783 813
68 1370
588 1432
1253 1763
775 1754
1312 1676
403 1110
1519 1918
1417 1606
456 1466
187 373
244 1452
531 538
1695 1910
960 1307
889 1491
760 1936
1778 1872
135 1356
333 1330
987 1001
189 1160
995 1754
1642 1771
637 1718
1193 1822
1769 1944
931 1386
1235 1600
312 1104
334 1623
463 1101
187 1308
131 1607
481 724
637 1060
522 624
131 1374
58 68
187 1443
335 1755
1155 1755
588 1266
1074 1763
55 1283
109 562
1328 1585
405 1179
832 1444
1778 1975
441 1133
1250 1949
282 1133
1745 1763
135 731
4 1443
1134 1584
295 1220
923 1567
683 1817
405 1443
1275 1538
979 1682
718 1015
1021 1491
728 773
1417 1785
443 1741
1168 1261
633 720
950 1529
320 1956
700 1363
415 1644
472 575
562 941
506 1686
374 538
1193 1841
950 1613
1009 1364
458 1009
527 916
1507 1584
463 494
761 1840
88 89
307 393
1407 1539
1152 1595
1364 1763
258 1327
950 1097
871 1755
293 574
1092 1995
214 1137
152 1567
1039 1944
4 833
705 1444
132 525
3 1079
334 723
405 1513
21 1800
790 1312
835 1382
1723 1961
700 1318
405 1735
53 1222
954 1079
642 718
700 1394
560 1105
1025 1697
1231 1519
1041 1848
446 1222
403 1914
1234 1829
796 979
681 1001
1319 1695
21 1627
423 807
1275 1819
1092 1665
515 1778
300 1904
521 1513
1595 1811
110 1084
1093 1817
189 287
1713 1944
1050 1372
847 1622
449 1949
132 1073
295 1161
1896 1987
189 836
210 633
1484 1585
90 251
1060 1105
285 403
1325 1355
695 770
1325 1759
161 293
393 1197
1510 1987
633 996
1092 1556
476 1584
131 1635
293 579
1372 1945
68 317
1194 1804
588 990
522 1684
288 1784
423 877
697 1593
588 1022
266 1234
1659 1848
1443 1812
256 695
847 1174
1105 1114
1086 1457
1513 1761
930 997
624 1382
592 1585
588 1847
591 1079
1043 1062
397 1491
394 813
114 690
300 926
1167 1412
603 773
1443 1755
1147 1784
1743 1754
18 463
813 1677
135 273
1728 1771
575 1338
418 1208
593 1001
979 1421
782 1222
710 1431
1715 1784
674 1686
1307 1402
216 333
257 1987
1079 1992
619 1936
187 903
1222 1405
1345 1444
916 1812
49 1763
168 1167
1305 1382
538 1875
825 916
110 1612
1649 1763
1234 1532
575 1533
587 1009
1784 1877
1234 1900
695 917
761 963
1628 1771
724 1067
418 1941
950 1042
293 1733
334 1159
538 1238
300 1143
1372 1535
214 1712
710 1267
575 843
100 1092
1025 1657
334 1663
724 1797
1722 1936
1086 1138
1415 1417
724 1414
32 1327
1493 1567
268 724
375 1500
314 443
1364 1944
711 1086
529 1695
131 417
534 1966
547 1168
1454 1595
293 1636
882 1327
1466 1976
88 1295
1696 1873
522 741
799 1133
1438 1754
1064 1834
806 1784
792 1256
403 867
1162 1789
4 1354
718 893
141 575
398 1193
4 367
186 1966
1128 1567
95 1539
831 1383
1222 1632
133 1256
1194 1957
132 138
76 423
214 1801
910 1312
1831 1944
453 1372
404 575
1372 1747
1256 1953
1584 1587
110 1331
1240 1585
423 1118
405 1969
4 1455
90 1290
695 1241
1584 1906
1053 1585
1324 1723
99 1593
443 1182
242 1834
189 556
90 569
716 1086
355 1595
234 405
1086 1608
1218 1466
1104 1130
21 358
1056 1382
81 1312
183 1585
328 1104
828 1025
396 1444
327 1944
1123 1956
2 1696
613 831
1755 1967
31 1834
21 51
999 1778
110 854
1653 1696
1258 1696
1188 1372
562 1547
842 1513
383 1444
347 354
333 635
1107 1519
1078 1567
690 870
1543 1817
761 1621
1192 1695
90 1870
568 1104
160 333
342 443
379 1491
1644 1679
443 1013
724 896
1479 1600
959 1644
4 563
1036 1168
1730 1848
135 1375
1104 1672
298 1754
734 1275
657 1325
80 712
252 1079
291 1193
575 1470
88 264
432 1686
21 909
1348 1834
1557 1949
1244 1834
562 662
916 1530
1162 1552
513 1600
588 626
21 217
844 1491
1307 1731
588 866
1452 1775
831 1756
636 1755
189 911
1381 1987
638 1817
710 1625
362 1806
1216 1327
70 1513
627 1956
695 1748
27 463
337 1086
260 1778
1763 1839
229 443
1104 1912
405 971
135 437
360 1755
1417 1490
405 1951
74 1001
940 1452
1133 1505
292 1834
979 1364
442 1325
659 1038
1312 1892
220 562
530 1168
637 1300
1494 1585
625 813
187 928
1168 1298
1038 1364
972 1234
132 1191
637 1351
1466 1525
1112 1949
748 1444
328 334
1105 1129
443 880
1373 1595
179 1193
463 1435
131 539
1307 1333
226 1312
463 1578
679 718
942 1162
865 1194
270 1193
90 1286
1269 1593
855 1062
761 1851
328 575
649 690
403 1795
463 483
35 950
849 1763
1696 1787
1083 1519
25 712
68 1702
433 1062
479 1778
159 1966
1495 1600
375 1835
1092 1487
499 1437
293 1450
253 1987
1325 1664
423 1035
784 1234
1491 1948
1214 1771
872 1567
813 1337
764 1723
1437 1943
90 753
369 1417
1342 1686
328 1256
633 677
540 979
0 1519
1009 1929
724 1737
624 1325
1417 1619
1098 1956
712 1060
1149 1466
213 1062
465 1133
712 758
68 863
965 1437
507 575
55 498
1508 1987
1001 1361
1133 1964
669 1817
916 1858
4 101
1584 1807
727 1593
450 700
781 1275
1593 1799
55 891
462 522
477 847
393 1986
1229 1951
588 981
167 813
633 857
572 1584
1025 1087
745 1644
1372 1496
463 1176
214 967
1670 1723
1164 1437
624 1025
614 1025
682 1595
142 1009
633 643
629 1696
144 300
88 1428
69 1009
272 1256
88 1304
284 1949
221 334
1066 1956
1364 1567
1437 1794
55 1142
1234 1385
423 1938
1593 1701
1513 1864
1046 1162
214 1882
1562 1593
1003 1444
984 1222
769 979
490 1817
61 1444
528 1987
690 1744
686 1763
1585 1637
750 1644
172 562
738 1162
485 1951
1120 1491
908 1936
798 1585
405 1321
1055 1944
1086 1979
309 347
633 1186
115 1079
1090 1437
344 1585
1417 1856
518 1168
1386 1448
255 1062
1118 1491
1646 1784
631 1325
1388 1956
948 1275
1519 1852
333 1294
418 955
1755 1846
418 888
170 575
1443 1644
1443 1686
1325 1401
55 797
690 840
1444 1512
182 1951
463 1224
300 685
34 773
724 1812
1465 1686
123 1325
1417 1815
164 1162
847 1273
214 500
52 1133
1423 1593
300 1596
1386 1477
94 847
443 632
246 1695
463 811
724 823
297 1417
4 969
73 1001
1079 1460
418 1080
90 153
403 1597
347 729
1230 1848
1522 1600
874 950
562 670
584 1194
1778 1993
733 1162
1118 1452
718 1582
1060 1519
132 667
695 1725
1327 1329
17 1778
571 1686
567 1686
20 393
1427 1491
830 1806
279 1133
130 1595
250 712
334 1983
214 834
245 1312
347 1905
1382 1651
1086 1403
90 416
522 1462
154 1086
924 1092
50 1584
761 1903
761 1812
1162 1302
607 1936
1513 1853
588 1364
1639 1944
813 1157
804 916
600 1754
96 295
240 443
1502 1539
187 461
846 1162
67 1944
131 1060
324 423
359 1105
28 1062
1593 1768
690 778
110 976
645 1834
952 1372
347 1989
1089 1372
873 1695
516 1372
68 983
323 718
110 1077
55 1058
860 1079
1491 1901
1063 1567
4 1615
263 1222
675 1593
131 1885
384 916
68 905
1275 1740
293 1248
488 1104
4 1832
1773 1806
1060 1443
382 1133
1105 1919
1189 1307
187 510
700 1990
1695 1968
724 1409
466 522
423 899
724 1750
1118 1193
55 886
184 1105
1177 1325
333 454
1025 1826
187 1548
684 1771
271 710
953 1466
418 1536
90 1812
55 1705
575 968
606 1062
1754 1895
36 1382
1205 1696
1234 1551
710 1198
562 624
692 1539
588 1782
21 26
1452 1977
887 1222
189 1008
1060 1222
325 1567
633 1973
710 1443
171 393
363 1956
979 1433
538 1812
576 710
92 1372
13 916
851 1755
1105 1296
333 1899
375 1574
1014 1327
1193 1571
950 1422
1194 1263
1062 1447
496 1386
193 1256
132 438
1519 1978
700 1445
562 1577
145 1307
1539 1812
135 520
132 315
262 1062
624 1079
718 1518
411 1595
1418 1595
765 1104
1539 1952
1336 1593
295 1426
1848 1922
1234 1439
622 1194
1633 1966
333 660
617 930
375 1641
15 1696
301 1771
1116 1817
88 219
1489 1936
332 1452
334 1546
699 1133
1086 1982
90 1675
718 837
21 1054
700 1469
214 1972
1784 1939
838 1417
1017 1696
254 1092
121 1936
214 1359
1645 1987
719 831
789 1951
1025 1760
611 1817
1079 1647
189 201
700 1526
300 349
463 1694
761 1845
375 1783
1593 1692
777 1763
1272 1307
982 1951
538 1893
443 550
944 1234
132 1473
522 1103
9 710
55 1714
1245 1600
754 1193
90 1753
132 862
1303 1491
580 1325
371 1162
742 773
761 1850
471 1944
328 1167
55 1691
819 1086
1695 1883
1167 1871
353 1595
1105 1313
55 949
703 1234
274 1848
132 1396
1509 1754
900 1644
431 1944
1567 1971
403 914
21 998
1168 1935
1256 1453
4 19
403 1855
202 773
1168 1913
135 190
654 1452
290 1951
522 1762
1038 1341
393 780
1830 1944
1222 1471
1020 1817
400 1092
1180 1437
950 1958
1327 1823
418 898
761 1252
214 1504
60 347
1579 1600
714 1584
120 1491
1444 1569
1644 1774
570 1513
132 1397
1135 1193
1118 1443
88 925
1065 1519
403 1520
809 1695
295 1282
196 813
538 1287
238 700
436 1025
21 805
538 722
813 1028
57 1584
39 403
249 1949
1081 1162
906 1417
21 129
847 1791
1256 1874
189 1075
637 1033
957 1695
864 1092
766 1723
1576 1966
934 1695
386 979
1105 1742
21 1503
916 1803
63 588
535 1848
1092 1727
408 1038
950 1204
424 1755
90 377
813 1121
712 1734
1519 1818
98 1386
495 1275
1927 1951
616 1038
573 1987
110 726
480 1025
132 407
815 1771
945 1595
451 1644
90 1451
1060 1194
831 1669
1389 1644
1005 1025
443 1118
418 1049
269 1567
1301 1539
1382 1474
761 1183
197 1275
403 1069
463 736
295 489
1513 1802
135 582
1377 1806
132 1812
718 1459
131 414
33 1513
853 1327
1595 1812
1364 1417
735 831
334 1108
597 712
1104 1196
107 538
661 695
224 1086
4 1764
361 562
1417 1816
1513 1626
448 1372
318 1595
402 695
546 712
1038 1965
347 1379
802 1956
1806 1920
189 1570
135 618
1524 1696
1274 1327
405 413
1600 1862
393 962
1001 1364
588 787
1293 1417
82 695
277 405
259 375
77 295
403 1364
368 1079
55 1446
523 1848
381 637
14 1038
1009 1891
633 708
1711 1834
23 293
4 558
1206 1417
979 1317
700 1393
1158 1386
624 1437
88 1424
817 1696
24 538
709 1834
831 929
1400 1686
88 596
122 1009
334 1461
564 950
1209 1382
847 1765
283 334
443 1876
1168 1449
295 348
724 1262
702 1001
761 1166
712 1634
1167 1767
393 673
228 1600
586 1062
304 1194
137 761
392 1519
1162 1190
680 1771
930 1060
281 1784
347 1602
341 1834
293 1207
637 1311
1038 1916
44 847
1200 1275
1542 1817
1437 1752
1362 1755
637 1515
522 676
542 930
203 1167
295 1029
177 1444
293 1060
1307 1443
623 831
302 588
712 1111
214 1051
347 824
1167 1521
189 1629
922 1025
1095 1539
1088 1105
633 1843
187 1082
624 950
333 1145
1364 1443
712 1268
820 1567
773 1601
1812 1936
339 1452
1181 1695
1254 1949
562 601
225 1848
1325 1580
278 1585
1416 1754
1256 1390
1105 1125
831 1618
185 1437
588 1996
118 1193
624 1133
457 1466
131 776
1052 1949
88 1588
333 1060
724 1486
555 1193
826 916
831 1655
105 1167
295 599
757 1167
108 1600
1600 1708
624 1784
405 1124
491 930
637 1492
41 300
156 575
236 773
222 1966
21 405
135 1059
148 710
356 463
1275 1890
730 1778
421 1806
1133 1630
1358 1784
64 300
1717 1806
743 1256
1452 1572
214 1364
300 927
116 132
426 690
97 930
1270 1944
37 135
1019 1600
88 484
718 1611
1364 1593
1519 1925
1908 1936
214 1170
157 950
633 1709
135 1364
405 1654
1644 1710
125 393
930 1369
847 1921
1148 1437
767 1194
655 1806
788 1696
1466 1812
1062 1942
110 247
575 1638
868 1382
774 1951
575 1246
158 700
847 1838
68 1575
747 1452
1275 1285
55 1959
605 1104
718 1070
110 385
1118 1956
1491 1931
338 1644
429 1754
884 1312
861 1936
919 950
1584 1886
29 700
892 1417
1153 1327
1060 1723
293 1599
829 1312
845 1966
773 1598
1086 1894
1987 1994
135 902
637 1849
340 847
813 1215
1105 1472
813 1915
1104 1880
189 1136
808 930
1937 1949
718 1315
615 1966
347 850
443 1399
163 189
1444 1889
624 1168
690 1854
423 707
1118 1848
173 1168
393 771
588 800
192 538
1168 1680
1476 1491
979 1514
233 295
1364 1778
174 1312
1276 1644
48 1325
1595 1887
1564 1754
68 1443
469 1234
710 1011
869 1133
1141 1951
187 1568
127 1025
146 1595
87 1848
375 1757
303 347
21 1458
921 1593
393 803
1584 1781
295 514
1025 1934
333 1113
704 1778
1034 1386
333 939
455 1956
1146 1949
328 1443
1072 1723
822 1092
460 538
933 1806
463 1335
1312 1844
1144 1951
1172 1956
1567 1738
1105 1511
1031 1079
4 1037
666 1327
293 977
333 566
956 1695
321 443
135 932
1567 1984
562 1860
549 1194
88 1242
1307 1991
187 595
211 1806
1257 1466
119 403
1567 1808
329 633
423 504
1376 1539
916 1343
1372 1531
920 1194
1466 1998
533 1307
1001 1667
1009 1163
399 1307
1221 1763
418 427
621 712
21 1076
847 1950
1168 1243
690 1549
724 875
1644 1836
47 1696
30 1834
1444 1527
980 1966
813 1099
110 1573
700 1094
328 1444
1062 1617
306 1834
189 328
628 637
300 1997
1211 1567
988 1771
387 1325
637 1661
333 1239
588 768
712 1236
393 1699
1068 1585
1584 1724
300 447
401 1763
347 1434
1585 1658
187 188
423 715
633 725
1452 1565
6 710
761 841
463 1660
473 1167
1133 1378
328 1312
199 637
418 1032
979 1280
602 1754
1222 1279
75 1778
55 474
151 418
293 459
56 1104
1292 1944
1151 1771
847 1310
553 1256
756 1079
749 1644
793 1234
1222 1720
305 950
428 1936
300 1060
693 1009
522 1131
1045 1194
68 706
110 395
1693 1987
881 1644
110 235
313 1513
1233 1644
423 1698
695 1018
104 1105
375 1071
132 801
791 1437
1406 1763
1217 1763
205 1806
1480 1686
651 724
176 979
91 522
1563 1956
1395 1585
624 1817
721 1382
761 1809
463 512
773 1380
633 1004
333 511
1778 1879
916 1154
418 1544
1222 1772
300 1798
633 1060
443 691
423 656
1096 1771
418 1928
1234 1980
376 700
1643 1951
577 710
1038 1322
1498 1755
634 1194
1062 1999
1771 1812
647 1001
821 1222
418 1911
974 1848
1955 1956
497 1778
21 207
624 1695
1585 1610
38 1104
128 1966
131 1339
1232 1966
333 1751
1443 1600
187 1555
206 300
294 761
975 1382
575 1391
68 231
88 1118
214 812
388 1327
538 993
62 1092
334 467
149 1193
42 1567
624 831
