2000
902 1792
617 1004
271 636
1708 1804
744 1781
146 593
662 1960
1708 1867
785 1729
1522 1675
593 770
581 1755
304 932
305 401
1394 1893
72 1805
500 1790
711 1438
1108 1600
1465 1949
512 759
1423 1479
833 1675
1665 1821
630 769
1107 1399
125 696
1643 1815
519 1454
813 1325
155 701
460 1259
520 783
891 1116
520 1220
1233 1359
206 742
311 1375
443 1809
160 1676
616 1174
1059 1299
1182 1820
1733 1942
892 1184
92 1847
140 1455
872 961
665 1837
112 1272
21 339
507 1662
1558 1852
486 1750
521 1192
988 1081
1609 1900
799 1588
51 774
906 1057
14 1300
641 1225
1325 1850
168 931
1208 1319
997 1980
73 500
1480 1830
553 1355
1903 1913
1144 1588
1207 1694
1375 1852
138 1002
702 1291
541 570
674 1187
265 332
341 1163
811 872
1008 1627
860 872
261 1026
262 1717
1690 1836
655 754
583 1702
852 1585
386 1467
293 1799
297 715
780 1919
168 1435
1497 1686
1127 1161
1296 1632
959 1656
135 582
873 883
777 1579
385 1241
33 1484
463 774
922 1373
94 1708
1632 1859
367 1500
6 1422
1600 1903
631 662
538 1765
661 801
908 1671
84 1675
189 1568
1268 1312
536 1594
157 240
490 1054
1607 1846
319 1192
279 1030
266 648
1418 1917
856 1365
990 1119
1423 1719
1199 1430
1249 1635
821 1250
535 943
976 1191
1262 1792
722 1052
1367 1699
506 1347
447 1835
622 859
1146 1950
869 941
71 1477
442 1948
68 924
653 1868
331 1621
1190 1696
1445 1833
380 1030
405 661
299 1116
715 1153
577 1192
1096 1768
785 930
806 977
1495 1766
51 805
64 882
33 1652
711 1262
486 857
339 1749
1519 1893
606 1506
86 570
465 1432
614 1159
1126 1175
1621 1646
356 849
361 1060
475 1511
648 1260
486 1195
1581 1743
230 1478
1008 1797
732 1933
22 868
554 1043
358 837
983 1256
1873 1942
341 1692
613 650
638 1700
653 1728
399 647
1123 1377
851 1411
677 1211
428 1616
1620 1914
575 774
168 308
140 1693
749 928
1000 1072
373 1834
1218 1994
1475 1844
388 1147
687 915
725 1025
199 1676
107 1838
527 725
373 1712
735 1886
497 1304
1600 1956
1482 1487
1527 1820
232 1730
295 1672
783 1843
1453 1479
210 514
373 1485
632 1174
868 1116
705 923
460 783
782 1531
499 956
990 1884
83 1856
13 447
1832 1910
312 1322
131 358
1215 1368
708 1518
1173 1324
189 1889
242 1254
711 948
608 1528
981 1464
962 1830
68 1710
994 1097
1060 1774
435 500
832 1233
776 928
287 1549
650 1877
1363 1767
529 685
511 1776
590 1359
174 609
218 674
709 1540
1684 1712
126 203
481 1585
358 1440
1449 1560
310 379
1266 1316
382 1124
836 1862
199 1770
2 422
740 1567
155 310
674 1290
13 1353
326 668
306 1155
539 1412
443 1887
519 1965
92 1537
44 113
64 1512
416 1797
440 1830
302 531
329 1230
111 185
185 561
1085 1860
198 1307
740 1466
404 698
674 1248
1500 1523
74 1671
13 876
609 1098
206 313
1096 1417
511 1162
533 915
1 1882
559 813
1140 1673
1061 1823
1979 1980
1261 1938
1427 1676
1139 1292
612 968
927 1479
1270 1852
1145 1769
712 1393
1100 1839
248 1718
420 527
1176 1599
403 1445
298 1510
72 1782
537 1150
443 826
267 1932
131 1028
4 1292
1397 1933
496 1363
394 431
25 245
1268 1404
53 1145
846 1423
476 1996
823 1788
276 1046
1015 1949
204 1095
649 772
125 392
506 928
1888 1893
272 1877
694 1274
500 661
1016 1289
1058 1181
310 1362
791 1008
151 1913
713 1355
734 1599
790 856
626 1943
936 1663
199 858
472 909
271 1039
298 1520
298 1722
1578 1874
1200 1374
818 996
51 546
629 1043
1119 1854
27 488
81 130
1500 1923
233 1763
87 1141
831 1944
36 1723
78 994
450 1475
207 1234
1173 1468
1632 1815
641 1676
388 1082
908 1424
72 640
989 1196
282 1689
1801 1938
579 909
585 1050
298 1987
1736 1948
209 1298
38 161
1837 1916
1580 1635
990 1046
251 989
880 1603
180 851
579 1285
470 608
185 894
102 1594
184 1555
754 1703
1392 1975
1614 1934
650 909
861 1619
949 1746
200 1938
651 1368
10 1842
521 1412
64 602
605 614
475 1131
1335 1745
151 1084
655 1031
210 223
244 326
363 1292
1504 1829
542 887
230 820
307 1256
672 1752
591 880
406 1984
193 1516
1014 1891
1017 1290
250 1081
7 1140
401 1497
431 775
762 777
304 1221
219 1743
549 1730
1409 1867
580 1271
826 1747
1303 1939
469 860
290 1710
619 1368
479 1467
1431 1488
447 1611
1355 1365
44 1202
1117 1360
608 1542
570 657
1142 1903
1023 1500
1067 1394
1375 1666
617 1723
1104 1405
533 1224
671 1778
1744 1950
215 1869
520 1785
1662 1999
376 1714
217 1557
317 1473
33 1218
465 1576
22 1024
268 700
110 650
1178 1694
457 1424
51 528
1586 1870
649 1828
737 1588
1151 1692
715 1512
827 1373
34 1778
70 84
1422 1476
72 1078
433 1218
1053 1745
426 1797
1189 1723
369 1057
899 1919
127 677
107 1974
606 1735
415 703
609 900
1127 1177
518 1617
612 1464
852 1092
414 1594
1635 1915
278 339
293 376
1000 1442
492 1517
747 1277
1350 1854
53 565
515 1000
905 1070
453 1384
154 1921
458 601
245 487
46 382
78 667
358 1289
794 1284
797 1095
1304 1849
37 868
107 308
1070 1764
571 836
959 1228
576 858
1043 1318
309 1443
1058 1665
354 1247
140 460
1144 1499
582 1875
574 1422
208 1734
458 840
155 490
782 1914
341 1458
551 758
852 1751
293 1226
1089 1844
541 877
231 245
704 1464
132 1778
1610 1701
607 1369
141 1661
714 1502
249 1298
1534 1782
746 1815
265 1021
1945 1951
782 1229
1170 1199
49 1379
1080 1529
210 929
967 1508
801 871
67 693
589 1300
537 1295
994 1991
382 1379
180 1941
1060 1462
769 1836
348 1872
717 823
1486 1826
460 598
710 967
470 1037
635 1057
399 1529
45 498
1093 1279
367 1444
626 1782
87 1179
87 1036
527 1315
1298 1743
368 614
1743 1894
1665 1724
199 325
593 1858
68 106
494 747
1059 1705
1319 1515
1105 1683
1782 1985
1507 1938
686 1587
740 1544
1282 1377
64 1011
299 935
896 1345
992 1325
1223 1792
403 1143
1095 1950
194 571
680 1570
686 1174
637 1085
1186 1466
1730 1906
459 735
963 1674
562 899
885 1870
196 882
458 1756
1185 1488
538 1590
176 485
113 980
241 1070
574 639
448 747
351 1671
758 1786
20 284
1109 1233
643 1061
18 1479
31 1253
575 1402
407 511
847 1379
612 1009
1086 1594
921 1545
505 521
495 715
533 1820
490 1691
1174 1926
1328 1394
1419 1820
1576 1910
415 793
99 583
263 1238
302 659
1140 1370
541 1008
1367 1597
262 1490
937 1512
243 1822
511 1964
1204 1749
707 1709
1192 1358
1062 1919
11 1401
186 465
1323 1702
118 1964
843 1289
333 930
1265 1934
1596 1842
1316 1630
1509 1996
860 1300
1132 1932
1117 1441
558 683
53 1386
60 1540
441 818
1290 1890
90 1235
1056 1741
229 355
163 1900
976 1551
423 1738
960 1385
296 1094
1105 1257
1258 1683
1595 1733
57 1801
107 1635
1687 1709
436 1316
892 1209
802 1300
281 1512
366 1113
61 1206
233 1517
33 1745
836 1741
282 477
182 1160
24 546
1469 1747
176 927
363 1989
609 1936
1523 1787
1271 1896
140 269
672 1802
40 570
404 1535
523 1839
488 1742
337 1630
292 774
402 601
525 1424
1837 1893
427 1486
397 927
287 614
533 1118
1316 1839
75 612
556 924
1107 1338
260 1981
188 1424
392 886
1288 1325
581 703
1019 1819
1040 1070
777 1336
751 1722
658 1512
769 819
1309 1747
959 1117
1572 1822
1012 1467
930 1166
744 1073
566 574
451 581
326 444
483 1059
381 740
44 1283
1152 1241
1085 1298
747 901
1712 1945
1377 1471
1019 1668
466 1504
1497 1842
395 677
583 1662
174 1977
88 1615
404 1639
683 1434
263 1005
248 794
1218 1242
67 1165
1497 1606
525 1541
535 546
907 1749
212 861
1514 1566
1722 1739
1241 1870
1355 1474
304 318
155 1812
683 1521
62 1502
1214 1387
604 1882
377 1649
423 1901
1137 1950
554 1232
919 1079
339 538
308 1660
456 712
1885 1918
1094 1175
947 1626
1286 1822
464 1712
1709 1907
42 184
985 1247
554 1871
796 1577
967 1418
752 1931
244 1461
639 761
1662 1704
131 1286
925 1445
76 1226
653 1855
376 1494
108 1527
244 1559
244 1138
399 1401
622 1789
1341 1766
484 1289
242 1505
55 1640
479 1083
134 1676
1061 1545
1000 1694
1235 1749
654 915
1422 1486
1113 1369
1359 1806
1256 1980
421 601
526 1173
810 887
1398 1405
242 808
554 692
1047 1492
913 1242
626 1995
445 730
1032 1504
262 527
648 1608
285 883
895 1272
942 1735
1226 1293
234 512
205 324
639 686
1599 1677
1321 1852
52 794
681 1304
928 1317
1730 1933
192 392
766 1696
545 790
304 1938
291 304
31 213
863 1579
392 1401
828 1135
688 1683
1482 1600
168 471
661 1613
578 801
1639 1958
1058 1725
119 1667
577 725
901 1200
359 1247
176 1647
1642 1867
316 949
836 979
1001 1839
117 154
335 1250
391 1127
1277 1628
1242 1326
1081 1241
123 343
193 314
1229 1817
131 1561
752 1588
45 1932
102 1188
168 1277
1069 1533
718 983
170 1667
111 1060
1337 1644
341 1953
1457 1791
373 439
268 916
733 1808
493 1356
360 977
963 1201
415 1667
1098 1968
575 1369
926 1625
1664 1897
963 1743
1776 1959
1244 1807
1761 1808
334 1577
600 1992
989 1244
206 1918
409 1274
512 994
480 1144
986 1047
1844 1881
889 1192
490 1808
44 963
84 719
1029 1874
131 516
1425 1962
730 1140
601 1380
1050 1467
869 1340
29 500
268 818
282 800
147 1864
1379 1655
180 682
342 883
1258 1554
1226 1504
838 927
215 1540
677 1268
408 1167
324 468
1318 1910
1241 1538
608 1199
306 378
1371 1981
922 1605
489 1234
113 1133
253 295
41 1061
157 1041
1364 1692
1002 1045
1245 1570
1115 1975
731 858
882 1825
45 1727
65 790
1348 1903
470 1950
308 787
560 1321
1006 1094
855 1226
1255 1527
655 1575
864 1999
224 1105
211 1747
406 1367
950 960
1466 1470
577 1136
84 1892
537 1842
157 215
1063 1856
202 796
769 1098
1694 1908
809 826
551 695
1020 1552
779 1234
151 903
22 1919
535 543
1240 1318
940 1262
1107 1355
151 1993
56 355
888 922
417 1094
404 823
1715 1900
38 1698
147 410
91 401
851 1565
483 1203
547 685
1377 1949
1101 1540
458 975
1256 1329
1517 1776
459 683
213 1706
225 1517
537 1279
1327 1640
230 327
1049 1803
525 1929
459 1280
239 1625
453 945
422 912
47 575
1330 1365
462 709
1263 1545
899 1088
1047 1924
1784 1815
729 1059
600 1692
1906 1976
343 1122
483 967
697 1621
140 1653
548 685
582 1720
89 382
280 1782
918 1096
213 289
525 666
324 712
206 675
425 1040
174 1883
1840 1913
872 1456
478 1836
1194 1963
1856 1963
227 1630
1766 1797
1055 1482
377 815
783 1798
323 1975
520 709
699 1768
453 662
1215 1498
1233 1778
413 1600
72 210
126 180
122 414
679 1473
574 1308
67 1120
315 703
0 1842
459 1406
291 728
343 1701
404 1106
233 991
504 1067
818 1872
1696 1955
503 1271
54 346
852 1331
1322 1583
1359 1722
104 856
1702 1757
370 1095
1363 1375
30 355
81 1663
176 179
512 1258
551 1050
187 1910
102 620
934 1683
610 1369
295 438
71 744
268 1451
757 1279
1292 1740
373 1625
641 1332
1010 1964
1373 1644
437 1030
547 824
401 403
856 1633
1271 1944
892 1866
1177 1304
126 540
767 1692
1272 1529
261 983
1733 1793
1044 1747
215 1911
1664 1702
977 1626
105 1981
814 1948
154 189
282 958
214 994
77 1632
1852 1961
638 750
1682 1689
142 1877
470 771
103 547
506 1103
252 1710
38 1094
129 709
978 1616
520 1539
571 1651
171 1058
217 1387
1040 1212
1229 1236
870 1298
269 350
345 1373
1164 1363
154 755
362 901
411 712
967 1125
88 1909
324 1307
1433 1877
189 677
1771 1776
1773 1914
272 970
684 689
68 911
689 792
510 609
547 552
1560 1623
473 1625
384 899
54 344
973 1019
363 1368
1573 1801
778 1043
330 1401
453 1661
794 1322
92 1033
71 1648
727 1854
513 1918
869 1810
901 1361
785 1604
1797 1983
1870 1935
1305 1689
782 1990
538 976
686 890
1311 1365
431 1635
858 1735
233 922
125 1247
1582 1681
45 788
712 1621
673 808
593 1250
431 474
901 1022
1387 1857
706 794
54 1563
383 1942
355 1963
419 1473
1210 1775
887 1297
708 1234
1659 1776
856 1841
1701 1870
153 1903
527 1068
1469 1503
643 1301
583 786
1410 1529
1200 1219
387 1663
1322 1546
432 1464
1013 1582
431 614
954 1527
622 1818
622 1570
182 1391
813 1322
291 1827
715 1932
423 730
491 1466
1616 1944
298 1174
881 1616
367 1154
155 670
908 1110
1046 1783
230 260
93 356
23 1469
101 1473
532 1906
796 1314
465 660
1002 1637
61 1726
842 1867
414 1403
577 1589
66 326
356 722
683 1325
459 1429
31 352
208 970
193 1607
257 1135
147 1002
672 1689
1250 1657
1147 1354
796 1105
347 1791
355 923
339 1957
151 1307
220 1844
730 1760
628 1803
764 796
184 1933
31 1874
1177 1366
594 1307
1421 1482
976 1904
1135 1920
299 1149
221 499
1242 1545
883 1346
453 739
669 1999
260 1157
645 1958
419 1611
261 1372
1791 1922
1830 1999
753 1791
58 747
1768 1973
213 634
208 216
581 1087
152 1497
1291 1945
82 157
15 493
182 479
646 1949
1418 1975
583 822
158 1422
1079 1272
328 708
1046 1616
399 1937
754 812
149 1775
429 1801
201 1735
340 1964
447 1217
1173 1488
535 1777
374 1576
377 1745
87 1443
78 744
443 887
1334 1701
248 676
836 1553
265 1831
530 1981
9 1611
522 1020
1321 1598
1469 1491
1061 1501
403 745
45 271
64 183
236 579
1934 1986
639 1483
1661 1949
226 1689
1090 1177
924 1709
69 1723
465 689
125 222
20 1671
570 1914
245 1621
601 1475
300 1316
1351 1663
116 858
957 1942
419 1753
534 1588
375 808
423 461
1514 1969
1129 1872
430 1116
261 825
217 723
959 1377
554 1664
269 1130
96 1891
1733 1758
248 597
782 1251
966 1412
709 884
1381 1502
736 1644
191 725
124 1630
499 1057
302 482
388 869
1238 1574
1379 1502
592 1577
649 1447
571 1536
989 1814
178 1119
1030 1199
8 1290
454 1570
114 1000
939 1932
519 753
678 1423
133 1442
38 247
398 753
1820 1978
1607 1650
147 1900
813 1670
1099 1467
661 1066
1238 1732
121 725
1302 1359
358 624
868 1489
341 535
488 1514
1175 1958
447 987
579 1964
1294 1683
306 1878
593 724
1445 1640
157 1518
531 1762
850 1866
277 1368
1134 1944
1262 1436
708 1446
120 376
98 711
287 1234
518 984
804 1945
68 763
285 1612
81 1482
44 618
596 1662
896 1967
611 1244
1425 1513
269 599
768 1837
353 1906
95 285
403 1624
293 974
263 1067
35 125
54 1502
568 1085
703 1845
406 1543
233 1051
830 1277
904 990
479 1168
826 1947
295 1599
574 933
1069 1244
1042 1585
1111 1576
801 1059
909 1472
174 235
893 990
1286 1759
1238 1971
343 1378
1737 1836
303 1540
848 1486
643 972
61 648
525 1464
627 1518
982 1117
638 648
656 1199
396 1523
722 1618
71 816
1227 1665
1523 1803
1050 1128
1560 1585
265 1135
964 1585
248 1268
193 1400
260 1267
146 1390
273 880
865 1523
400 722
1175 1895
371 1098
854 1939
1640 1930
452 1790
1733 1882
291 754
977 1836
392 1027
147 969
892 1035
363 1970
790 1696
1562 1664
1173 1560
518 617
896 1428
1389 1854
1250 1412
897 923
1233 1407
144 1218
909 1584
501 1792
61 154
275 1708
989 1906
930 1867
567 1594
177 1177
977 1383
367 1772
509 1639
87 1095
511 1954
299 1874
156 1741
213 1002
730 1448
166 1242
882 1902
399 1795
752 1593
422 1030
50 1046
896 1665
807 851
1167 1405
389 1020
653 1644
1113 1880
208 1003
655 862
17 758
606 621
418 1079
983 1853
1420 1822
265 1939
521 798
588 608
48 184
1966 1996
467 1096
970 1074
285 582
175 1573
1180 1882
512 914
109 415
874 1321
128 1671
324 1269
573 600
626 1579
1349 1611
643 1792
606 1289
1148 1866
174 1570
238 1365
51 1912
866 1405
781 1268
357 1639
228 1175
1079 1527
531 1443
262 393
959 1452
1710 1891
1216 1442
960 1713
272 1339
1069 1882
1043 1796
169 308
1630 1696
960 1274
32 1425
401 789
367 915
625 1291
1065 1443
1034 1256
1576 1754
321 1145
674 1019
1664 1851
382 1948
320 1918
54 662
823 1591
326 475
773 1514
493 928
182 1504
486 1975
575 1460
752 1982
302 1779
823 1020
1442 1866
1418 1547
538 555
1321 1667
970 1287
1147 1237
100 1573
878 923
963 999
993 1573
531 1252
1081 1304
1872 1996
1144 1382
1286 1313
310 1300
288 531
689 1918
803 1119
1156 1518
1113 1352
22 246
650 1198
43 1529
1145 1775
322 1394
638 1571
1235 1900
716 1200
483 952
726 1307
1107 1496
22 1716
1963 1998
664 1081
493 1813
642 708
622 649
818 1376
193 1144
753 953
908 1794
1262 1748
190 1958
302 600
3 443
376 882
255 460
79 81
744 879
861 1271
908 946
285 1811
115 1230
572 1127
1085 1319
1481 1741
1147 1741
703 1281
365 1866
844 1418
139 1910
343 869
765 1712
537 1342
1197 1919
164 180
13 1876
424 551
1768 1800
493 1892
85 949
740 1020
1815 1891
1373 1678
927 1548
414 1222
795 915
1514 1675
519 1848
176 1238
336 1582
419 1645
282 1486
722 1290
524 808
1632 1942
564 774
88 244
422 1405
582 785
173 1424
390 546
1145 1707
753 760
488 1948
1775 1927
215 1463
910 924
533 971
377 1830
406 486
39 1803
111 1344
541 1592
287 1865
1766 1790
1058 1230
242 1934
1075 1939
338 1286
499 1408
1625 1844
419 563
217 364
586 1119
268 1573
53 1040
71 230
415 1064
508 860
483 1526
1040 1697
920 1661
81 569
84 652
449 1098
1077 1913
1258 1679
271 841
388 455
955 1945
306 851
557 1999
1167 1822
63 1661
711 1319
1116 1416
1231 1745
310 1861
1167 1388
283 377
1235 1273
517 1274
541 756
896 1019
286 1790
587 1892
388 829
584 1369
293 965
1264 1892
626 1925
53 1205
263 301
446 1235
479 1158
1135 1640
26 272
615 813
59 1892
735 1599
1018 1244
808 1469
1564 1933
653 1607
206 1808
976 1291
197 754
146 1996
422 1972
299 817
1183 1914
107 372
181 924
521 1343
506 1048
748 801
1569 1639
475 1638
519 923
1038 1958
518 880
5 20
470 944
271 1709
148 758
600 853
643 1711
33 137
579 1320
785 1601
518 1556
242 721
1493 1611
1663 1854
1626 1685
143 930
1291 1863
78 1193
306 356
1067 1658
488 1169
995 1518
606 1816
19 1675
1306 1801
1071 1891
412 1067
1375 1437
769 1631
92 638
185 1768
264 617
1426 1856
78 1439
949 1279
423 547
1363 1425
237 272
1172 1215
167 1626
1047 1057
269 655
686 1997
31 1680
892 1423
1688 1749
649 887
1333 1893
672 1577
434 1560
184 1582
150 1701
550 1475
546 1940
1475 1669
1414 1980
639 1276
208 245
16 1667
113 1856
20 1839
111 159
835 1607
644 1730
1394 1524
685 1357
612 1292
1167 1525
1171 1258
291 1243
97 861
922 1091
1695 1874
146 1112
189 875
603 970
571 1047
758 1473
1007 1944
998 1517
261 1274
20 1654
1113 1803
195 1401
784 1445
1215 1905
88 1387
743 1722
777 1396
263 1988
1229 1899
868 1114
1443 1928
260 633
113 720
295 414
165 1367
28 1710
951 1279
146 349
691 735
672 1121
406 845
1808 1946
880 1934
1318 1641
581 777
663 1735
689 1459
287 1550
1488 1636
126 899
690 1500
738 1272
641 1939
111 544
61 1278
162 1877
917 1790
741 1069
938 1579
551 1721
274 356
145 1702
502 790
136 1872
883 1778
1246 1545
182 1450
12 1479
623 826
1247 1466
1229 1488
872 1837
834 1050
475 506
1879 1963
577 1532
1319 1824
1626 1791
852 861
490 595
499 1117
256 783
88 254
92 210
38 1708
641 1415
185 1213
217 1230
1413 1579
662 898
458 1582
1412 1898
752 1775
1277 1622
1200 1367
67 1981
867 983
13 1425
126 1310
1147 1602
172 199
1102 1442
1395 1644
839 1008
1731 1766
1318 1629
1230 1952
102 960
80 1079
685 949
262 1723
259 1577
270 860
363 1239
1060 1980
617 1275
1069 1634
1127 1140
1780 1913
735 1530
1076 1105
1070 1096
102 294
67 1215
258 1387
