1999
516 1751
760 1597
875 1120
209 1018
51 1603
1051 1773
766 1610
646 934
796 821
1059 1662
1094 1747
264 1052
1988 1992
1028 1393
1141 1781
842 855
543 940
304 1984
496 526
1279 1387
1484 1912
307 1465
1226 1983
442 1723
562 1114
672 1224
332 934
626 1699
381 1624
159 681
641 1994
1188 1732
1753 1883
603 883
147 1602
328 353
1015 1447
746 1442
316 735
1160 1681
332 1098
248 421
159 1836
1221 1254
743 1398
78 1338
610 1252
1033 1776
1169 1487
1185 1239
1637 1641
19 898
384 1397
915 1188
18 294
1025 1663
1428 1839
621 1086
964 1101
258 700
179 519
202 1570
838 1107
271 1648
1492 1561
162 639
1272 1277
2 436
680 1698
1459 1909
407 630
1023 1218
400 1985
310 1048
514 1896
176 273
1189 1402
1135 1261
1148 1213
837 1246
1042 1854
1168 1223
192 294
975 1225
1306 1520
1453 1740
239 513
146 1425
582 717
119 1093
614 1945
625 1667
400 1032
59 198
829 1131
1508 1648
152 1447
13 1246
131 1784
1853 1910
252 948
739 785
1456 1594
664 1778
380 1230
136 543
1297 1556
499 1428
698 866
415 684
1021 1935
1067 1208
1359 1781
257 792
315 1205
487 1521
531 1961
293 1099
554 1450
1422 1748
219 1533
1278 1723
1123 1130
1172 1764
158 1106
166 1903
954 1214
1086 1393
554 1872
1073 1931
992 1582
146 1183
379 1852
137 1692
386 1718
270 1736
907 1893
357 1490
578 1287
111 1402
707 1958
547 1944
508 1229
375 1093
909 1571
300 1899
1072 1224
601 1802
81 281
1050 1526
259 1381
931 1828
317 1014
204 1344
552 1507
358 726
719 1587
710 1987
785 1985
1905 1950
1209 1313
494 1627
577 679
8 952
1337 1432
1752 1865
1268 1660
1367 1627
473 1375
876 1396
349 404
137 1562
258 781
1259 1761
821 1932
1008 1270
814 1555
686 1573
36 1419
896 1411
820 1858
143 186
118 1591
78 1763
1146 1587
1163 1748
1842 1952
585 655
1226 1433
1148 1993
1504 1998
364 1825
363 1248
341 1694
955 1401
1417 1937
1191 1788
73 1924
1296 1816
604 1593
1456 1755
715 949
85 674
458 1931
1323 1846
12 1674
892 1712
836 1817
108 597
768 1247
485 931
502 1388
715 1788
1012 1430
1030 1679
274 1130
593 1888
471 1180
1169 1484
421 1731
17 1326
932 1945
534 1215
723 1837
201 1742
314 1327
1301 1717
262 543
101 808
511 1901
752 1304
102 1535
289 1321
190 416
491 1014
260 410
854 871
577 1719
1128 1753
942 1886
1079 1550
733 1167
959 1766
791 1287
1007 1409
223 1840
189 877
1527 1792
1159 1433
1088 1922
749 1179
1070 1157
818 905
379 1417
33 174
1378 1993
553 1090
849 860
1027 1483
43 539
965 1219
1599 1714
1335 1530
721 930
1049 1678
612 1448
263 809
552 1953
1027 1270
234 1765
1475 1541
41 369
155 1293
1367 1653
398 1900
282 640
443 449
130 1376
21 1451
884 1629
538 926
618 1759
1735 1948
109 1715
476 862
1173 1716
71 1121
1681 1920
607 1983
419 932
464 1139
640 895
278 1992
930 1275
679 1528
864 1614
503 935
665 1197
1288 1616
1114 1489
1476 1997
203 1312
897 1320
772 1394
510 1897
715 1578
563 723
71 1385
1206 1650
986 1068
805 982
292 492
734 1365
476 758
309 1103
722 1970
73 330
102 1666
533 1749
644 1702
422 1287
429 738
212 1807
140 1081
1130 1429
1332 1677
1651 1749
392 798
695 1444
1200 1400
581 946
41 414
1271 1971
1210 1699
1464 1704
57 1989
50 1408
476 1653
967 1161
1489 1776
1198 1615
587 1715
1008 1035
696 1609
596 598
357 893
772 1554
1411 1640
453 732
1050 1965
234 649
449 1722
46 1092
925 1753
1797 1972
810 1598
872 1916
1038 1269
1662 1870
1247 1686
1120 1404
65 1134
758 998
548 552
331 1298
1216 1497
1126 1544
427 1102
950 1936
1180 1864
742 1570
654 1290
475 1890
1268 1790
1811 1874
250 1702
756 972
870 1273
233 889
542 826
401 1481
354 400
986 1876
738 1755
820 1751
598 1661
420 1341
200 1365
468 981
1175 1494
197 1935
206 367
1678 1809
677 1961
181 1297
308 655
82 1108
467 1118
789 1920
671 1944
823 1391
879 942
500 1672
250 972
338 1583
1021 1908
276 1991
318 667
178 1281
289 778
14 1950
1580 1988
1694 1881
79 432
659 1809
687 729
236 1513
945 1703
1283 1595
1507 1675
74 332
1797 1969
101 1155
334 363
1774 1898
979 1487
1089 1541
178 1757
519 1209
545 1153
289 1556
315 1709
803 1625
829 1052
972 1935
1322 1382
623 1275
431 1214
1674 1697
353 523
542 1188
39 871
583 1264
75 1211
473 578
918 1426
340 554
1307 1636
1437 1669
1430 1777
693 1171
1688 1995
1709 1710
631 1202
157 1381
874 1038
434 1371
23 441
269 285
711 1187
55 591
212 1493
214 638
98 1737
290 1192
195 506
303 906
1369 1994
340 687
455 1101
479 1922
750 894
1157 1564
515 1181
769 1435
1734 1914
148 1136
1133 1764
373 1707
338 764
340 1202
1279 1419
190 774
751 1244
212 1592
63 951
344 1226
697 1776
712 1332
96 390
809 1771
231 1920
1090 1572
1149 1452
806 1350
40 659
221 1805
1562 1826
102 1321
460 1377
1331 1408
71 1891
343 478
90 253
38 1349
349 1009
975 1539
765 1647
224 502
485 630
1135 1147
1167 1271
1401 1976
1437 1733
1530 1664
79 164
422 439
412 757
55 266
481 1230
604 1446
410 933
208 956
494 1051
134 1779
1688 1829
153 327
1233 1913
917 1977
67 1978
888 1315
336 1980
63 1669
1380 1804
475 1671
360 1463
1702 1949
378 1555
920 1635
600 888
1290 1374
1114 1186
1614 1884
210 1616
1478 1837
1067 1963
413 1737
161 615
485 783
1473 1951
1685 1800
395 1730
277 1918
1184 1390
6 1438
613 1820
1167 1389
637 1720
588 999
1840 1927
122 1686
411 730
199 1968
434 936
42 1605
457 1157
307 615
1500 1861
939 1460
626 1992
348 1626
1397 1865
1018 1537
696 1047
724 994
501 1150
425 1038
1004 1340
1474 1573
1177 1638
202 882
819 1987
995 1997
1415 1537
1350 1729
343 418
1540 1969
833 1069
431 1719
292 1938
351 638
67 1513
189 460
851 1940
203 1191
1236 1366
1668 1829
1348 1715
830 1060
1663 1892
312 445
488 1574
694 1852
1303 1500
324 961
243 1611
828 1779
810 1685
728 777
1158 1613
191 756
1756 1812
1462 1771
106 1893
826 1406
95 999
522 1423
1443 1983
1217 1841
248 477
769 1916
1118 1780
696 1255
700 1223
88 1540
1 1902
703 1285
32 1082
105 1059
420 1851
616 712
465 1835
130 883
104 147
496 1059
510 964
377 1998
886 1172
269 630
182 309
959 1844
113 346
126 1442
748 1678
555 1634
303 1599
548 1804
169 1521
735 1617
34 347
240 1609
196 417
768 1143
4 1337
657 1902
1223 1383
308 1398
928 1838
1257 1939
579 811
293 1234
256 683
621 1237
76 1350
140 198
869 1633
763 1938
479 1477
402 994
825 1793
277 504
587 995
428 679
113 1436
567 1577
1586 1791
1239 1690
799 1932
482 1859
1343 1831
778 948
691 1761
412 1556
1029 1209
648 1872
1731 1917
1636 1680
1178 1185
898 1924
486 1432
386 652
708 926
1466 1525
303 1302
250 474
325 1453
243 479
649 1251
536 1063
741 1731
1603 1880
437 1927
862 1826
880 1972
375 1198
206 1557
168 540
817 1710
928 1891
791 1472
1080 1915
205 1372
1065 1085
122 1538
495 1076
812 1468
422 800
118 267
641 1491
1363 1806
1757 1900
783 1473
856 1387
70 1633
1244 1916
755 1540
550 1981
206 1207
142 420
61 871
1150 1700
266 1491
1036 1670
596 1760
57 1017
127 1238
801 1372
792 1885
347 376
791 807
955 1192
438 956
684 1245
122 356
82 1477
288 1664
1171 1291
116 1409
766 1026
6 595
344 351
1172 1687
877 1553
1456 1876
81 1319
395 618
758 1238
557 1297
1425 1663
1166 1509
1290 1464
803 1560
689 1388
449 936
240 1147
1100 1419
393 1418
1692 1824
213 1458
82 944
48 257
222 901
647 1332
208 1811
1522 1672
343 641
78 509
128 827
510 1006
226 1637
960 1295
1292 1950
1331 1734
291 1021
713 1657
910 1560
1493 1822
385 1057
818 1655
799 836
184 1913
744 1681
1778 1818
655 1420
310 363
698 1908
329 1852
1365 1667
191 1941
913 1769
863 1058
1643 1898
185 1583
728 1908
301 1885
1086 1423
76 1423
592 1109
1529 1934
930 934
85 1575
186 1426
1113 1936
270 795
1179 1301
444 1329
1416 1809
855 1741
125 1712
406 1274
1213 1410
1041 1457
770 1975
1308 1760
984 1082
211 1026
506 1124
1094 1879
79 1585
820 971
528 680
370 643
565 759
313 620
765 1140
327 1242
651 1945
1169 1627
1142 1572
1170 1252
172 1102
381 601
16 1110
322 1417
575 1248
611 1282
143 484
905 1156
7 358
380 1316
1281 1616
234 1165
814 1151
31 1390
1547 1794
1248 1276
38 1063
306 1289
191 1682
848 1905
204 793
330 1653
38 690
294 1490
410 1660
446 1436
509 1137
873 931
403 1703
106 1820
319 1294
465 853
117 1110
59 835
150 1461
0 56
1193 1217
1397 1440
648 669
275 1108
550 1294
1480 1725
24 1786
508 639
103 823
1314 1989
376 384
365 1014
113 845
318 1902
1571 1997
325 816
830 841
121 1842
351 1603
1150 1192
857 1461
471 1127
576 1158
1061 1699
851 1531
682 1224
1149 1466
452 1946
385 571
52 118
345 1242
638 1959
1001 1264
599 782
247 718
300 1546
576 1440
1221 1613
761 1636
945 1906
1153 1986
49 1210
939 1541
176 533
63 605
1239 1249
629 1307
537 946
692 856
653 1004
545 1062
221 1788
540 1589
1125 1955
518 1803
229 965
1573 1951
672 1568
544 1960
35 1499
28 1853
272 1257
860 1434
1716 1754
844 868
626 1148
1040 1194
522 1440
1459 1751
210 509
290 298
867 1735
756 1563
1499 1555
396 912
1001 1274
865 902
860 1969
536 1286
990 1707
708 1298
183 623
1019 1418
788 1370
805 1063
843 1864
185 224
314 472
137 1384
287 513
469 1674
166 1197
1784 1940
764 1748
333 859
919 1782
1694 1919
632 1141
242 780
222 1191
667 1367
33 1783
880 1084
127 795
258 1267
390 666
1051 1373
897 1986
171 651
353 1872
1508 1597
436 1281
811 1359
405 1218
790 1264
1625 1769
64 417
1527 1995
700 1432
772 1613
608 1781
874 1458
725 798
217 1495
230 1814
435 1644
1563 1847
567 1656
89 1227
105 881
1042 1284
20 171
91 1375
219 973
362 438
462 624
728 893
1236 1449
321 1413
495 673
609 1587
782 1232
541 1309
178 1680
295 1828
130 614
173 493
1043 1293
388 1571
593 1498
1206 1968
264 776
764 1638
1574 1911
170 967
230 1445
1064 1530
133 813
46 1845
24 1309
123 659
111 1995
1395 1637
108 1477
530 1846
29 589
342 605
687 974
245 1874
1204 1720
62 1822
1550 1928
1459 1799
361 507
36 207
937 1202
573 1412
987 1654
520 716
512 515
1071 1285
1370 1990
719 877
335 358
539 658
131 989
1341 1478
1353 1897
628 703
224 231
1104 1381
553 589
625 1034
136 1359
1740 1843
326 1460
14 52
819 901
567 1337
1342 1958
923 1361
382 1176
619 1279
1002 1452
747 1879
370 1061
259 958
103 1618
625 1489
1623 1646
482 737
323 1648
25 489
912 1364
989 1821
259 1309
256 1690
1071 1785
230 1180
616 1891
187 1810
1272 1441
128 1883
482 1625
587 695
1380 1931
1151 1510
1601 1683
318 946
802 1439
480 787
1600 1816
208 437
503 988
524 1187
1235 1534
1376 1657
678 726
276 1671
1349 1859
1650 1735
912 1690
1247 1736
722 1527
1460 1974
535 1772
1111 1736
235 1451
1604 1624
1356 1738
653 1111
58 560
1361 1558
678 1355
896 1399
747 968
527 656
1827 1975
154 944
254 1175
874 1200
460 947
1096 1249
770 1399
1469 1513
52 386
37 1316
464 1336
1612 1922
171 456
533 723
580 822
246 633
387 1437
1549 1551
89 1403
540 549
1176 1626
693 882
682 1415
1446 1970
203 238
1515 1559
149 623
1056 1496
1328 1770
257 355
525 534
1615 1958
72 681
327 520
419 461
873 922
786 840
1403 1943
451 958
804 1176
455 1453
414 1288
976 1476
69 1609
12 735
1216 1305
162 1826
379 737
536 1962
642 1957
448 832
308 574
955 1985
247 1525
602 902
1037 1954
1243 1482
213 223
852 1978
139 489
4 389
211 244
637 1314
101 499
339 1468
529 1376
55 299
430 1386
524 593
614 1598
1162 1634
1504 1572
1511 1921
112 1823
1399 1425
120 1815
284 1978
202 384
144 529
924 1846
822 977
350 446
721 857
6 431
145 186
314 473
866 1873
568 603
1534 1869
525 1792
1561 1953
12 377
463 1740
612 929
1156 1695
893 1825
474 1220
634 1559
194 1954
1206 1632
1122 1676
1111 1698
1026 1614
1072 1370
108 831
1292 1506
1090 1800
201 1849
1082 1643
297 582
1042 1590
465 1794
77 1307
414 1803
146 1877
67 1976
896 1142
799 855
1285 1462
380 1426
521 560
873 1819
917 1380
193 1960
288 1801
901 1881
560 768
1466 1635
100 1482
1391 1479
321 1769
125 559
924 1458
851 1318
413 446
241 373
839 1200
251 1759
1354 1885
237 1964
378 784
951 1593
334 1353
486 862
665 1610
391 570
46 771
371 1100
792 1411
789 1196
1698 1721
29 763
266 1601
1093 1505
1201 1392
1103 1462
163 1630
138 586
731 1721
1441 1961
594 1727
398 1875
403 811
14 1353
368 1166
1154 1900
718 987
86 374
248 1097
572 1431
1534 1798
606 648
1050 1190
738 850
1020 1964
179 777
1065 1689
8 1464
1067 1576
153 1787
381 1691
36 660
1329 1775
409 990
1343 1347
1765 1968
115 989
502 1709
150 1357
539 1881
642 1409
359 688
1473 1764
11 1156
223 548
424 1737
65 651
45 1199
621 1116
412 1013
534 914
985 1808
570 847
442 1717
640 1497
306 1728
1345 1670
586 1726
1291 1944
905 1704
1322 1387
143 551
302 1994
1154 1762
365 1396
997 1213
939 1547
1008 1862
998 1553
279 1866
689 858
433 470
1594 1784
1560 1956
515 1689
1198 1450
364 1921
555 1791
779 970
361 1906
1185 1873
1429 1691
615 1866
175 1749
1442 1590
1517 1662
54 419
1040 1145
161 1046
1094 1203
133 1537
49 1549
94 1975
72 1079
84 1980
838 1565
313 1345
197 524
582 1507
566 1980
667 1052
579 1501
1316 1929
1253 1478
766 1493
1421 1650
288 1016
529 1795
5 1041
180 291
980 1244
517 1004
1011 1027
1230 1516
1003 1550
133 1280
561 1942
1482 1643
309 1222
128 797
433 1301
714 1384
474 1512
103 305
836 1031
496 1701
44 1793
1187 1258
688 740
830 968
522 1416
50 1504
1129 1476
541 902
97 545
426 1634
904 1723
222 270
1346 1610
564 785
695 1250
702 1810
167 1633
1433 1486
829 1743
278 1542
1253 1430
1246 1688
158 1490
231 1689
1670 1845
890 970
1341 1639
1535 1793
50 1932
264 1379
981 1036
148 1886
39 1218
1508 1680
1669 1806
668 1759
650 840
532 594
349 1461
32 1390
442 838
83 125
148 1502
8 1241
87 917
639 1496
84 1986
831 1412
1523 1943
1166 1632
544 688
129 826
1339 1724
249 398
818 1454
885 1549
454 513
617 794
798 962
541 1282
70 1786
918 1346
68 1601
1080 1895
1361 1811
47 1639
415 773
763 1194
605 1913
1102 1667
645 1256
2 1401
913 1996
1066 1993
999 1910
240 437
1331 1463
594 883
856 1427
770 1559
373 834
92 1815
1649 1911
180 1105
1630 1863
527 745
963 1126
392 527
857 1526
65 1796
1174 1657
762 1447
385 500
434 1488
390 941
1164 1262
649 1596
377 1883
773 1717
945 1403
189 1431
662 1274
69 1744
1536 1946
777 1957
928 1195
445 1923
698 961
815 1372
57 1567
448 718
217 943
197 1712
1054 1481
589 1771
1100 1581
255 276
376 1446
475 775
646 1260
1568 1652
782 1087
942 1311
480 1149
1510 1857
397 1963
1408 1798
1154 1608
430 1334
1510 1745
483 1563
307 1138
160 1679
1638 1832
24 882
990 1628
1304 1887
1355 1704
996 1568
1640 1984
205 1236
75 1979
682 1927
407 1299
612 1951
199 1525
872 936
1024 1834
616 1583
1415 1533
1696 1874
1079 1326
415 823
156 1396
1142 1321
394 987
215 608
399 1597
311 603
75 111
843 1714
584 1137
805 1503
27 1133
693 747
706 1041
205 210
577 1823
759 1816
1716 1906
342 1300
1231 1375
1268 1848
932 1595
177 565
1071 1768
561 599
1960 1966
493 497
681 894
76 277
645 1926
1080 1818
1467 1828
880 1212
1153 1679
520 1904
897 998
140 887
964 1450
803 1812
846 1391
1105 1582
819 1481
453 1893
1468 1787
0 81
861 1896
965 966
59 685
153 1034
701 1808
261 508
493 1072
597 1036
201 1615
1967 1984
1724 1938
881 1491
544 1320
970 1533
959 1207
330 344
2 1594
374 1631
1018 1856
70 1118
601 824
188 348
127 1840
1393 1750
239 1645
164 1808
1664 1864
590 870
60 1242
573 675
457 870
445 1194
938 1310
265 1141
919 1291
99 1262
366 822
1245 1265
408 919
1257 1294
9 348
1501 1810
466 1298
903 1108
618 737
30 550
22 357
678 1219
721 1553
636 1151
1199 1253
374 1345
1295 1789
1110 1635
22 246
211 1471
1034 1865
1270 1957
280 1201
397 1470
599 1210
468 1418
462 1640
34 324
888 1787
131 975
1096 1325
978 1791
1620 1812
730 1455
500 1714
1757 1963
283 1921
216 636
712 1630
1589 1955
375 1834
796 1333
397 1514
1112 1199
666 1761
636 1091
802 1077
944 1115
141 1010
643 773
291 574
263 1779
1646 1924
3 433
1429 1946
1358 1421
226 868
765 968
180 1910
300 1794
911 1526
796 1524
227 1326
352 1143
1659 1734
613 1711
403 1970
1552 1834
1271 1936
570 1755
951 1547
900 1272
219 1982
802 1457
435 1548
680 1569
984 1691
1022 1216
218 1675
556 1646
506 1845
1351 1988
72 742
436 1685
105 365
891 948
136 464
417 1972
908 1721
1484 1833
334 708
742 995
699 889
986 1543
33 1015
1075 1853
643 1837
1770 1878
42 1083
642 1356
158 1045
1293 1953
927 1911
881 1873
161 1907
306 563
661 920
32 1770
1706 1829
1622 1987
110 1898
66 1595
1135 1713
226 1171
26 325
370 1006
898 1039
89 1266
324 1800
794 1632
269 1584
1074 1724
1407 1480
753 1165
23 1360
916 1955
1665 1823
488 1660
480 899
310 337
347 1238
1000 1905
73 198
578 1752
840 1989
1822 1882
561 1947
256 1693
705 1398
225 407
238 1424
859 1416
604 1346
145 383
1629 1879
663 938
10 761
22 1964
488 1101
1561 1607
637 1109
1451 1820
279 430
926 953
1645 1867
1217 1388
217 1249
1786 1886
499 574
84 85
1228 1428
179 421
220 1803
364 535
361 736
320 1529
622 780
486 1866
41 459
132 333
124 342
1182 1452
23 726
0 889
645 1876
232 1292
861 994
1480 1535
350 1897
238 670
1010 1436
165 1463
676 1165
1320 1441
1497 1825
861 1971
1096 1705
511 1368
448 1053
1566 1720
243 1352
435 1599
573 727
185 810
684 1122
1143 1871
1675 1973
619 1570
525 1529
221 286
247 977
907 1621
1355 1593
392 455
279 1815
1122 1619
778 938
918 1971
293 1574
789 1519
1798 1842
315 546
93 1245
319 1752
553 597
495 1686
106 213
319 1589
619 872
199 795
769 1044
911 1362
204 690
69 635
1275 1954
1312 1933
672 1295
921 1179
961 1006
462 490
4 1330
239 1562
494 1126
1095 1312
80 1692
164 1804
1105 1262
1356 1545
1137 1405
831 1707
542 1178
450 608
503 924
278 1767
814 1703
253 1666
313 423
263 863
292 1518
767 1487
1219 1343
579 1207
555 665
1629 1739
453 1579
1117 1943
866 1859
338 1626
704 1760
290 957
1055 1710
56 576
969 1806
15 535
859 1252
1521 1666
754 958
759 809
843 1598
783 1061
150 1263
1384 1532
145 1132
722 984
1119 1672
1040 1240
558 1431
147 1412
1322 1855
1197 1500
703 1414
268 1499
516 1349
53 598
159 1317
627 1402
1496 1658
378 1889
39 1792
878 1639
730 821
107 894
505 1421
863 991
166 1894
689 983
176 569
1778 1860
1109 1324
967 1501
913 1850
596 1178
690 1175
49 586
720 1896
1103 1201
489 653
1069 1588
1001 1976
372 1624
471 1925
440 1582
1520 1673
719 1069
447 1645
468 1329
321 1758
498 1133
162 1590
296 761
42 519
253 1708
892 1144
29 1797
1282 1813
907 1485
151 613
1719 1998
977 1304
333 1684
780 1147
114 892
135 438
981 1671
516 1015
1221 1868
956 1120
1010 1152
646 1005
246 1642
1457 1765
511 1940
56 666
993 1065
350 1314
190 413
920 1930
457 1288
395 709
911 1746
868 1606
228 794
565 1078
1214 1830
1158 1818
563 1520
