2000
340 1614
176 466
175 690
1617 1788
556 1224
223 1923
729 1421
1448 1740
1038 1260
452 1120
302 1387
1039 1256
1193 1523
644 1663
521 744
1291 1981
805 835
418 710
1159 1404
1388 1650
212 1530
1169 1571
533 1271
619 677
594 1898
1013 1343
1117 1957
1267 1655
509 551
824 980
933 1026
285 296
69 1412
561 1267
382 738
783 1282
689 1666
678 1229
203 1710
395 756
147 1471
283 546
313 618
502 877
1192 1525
411 897
959 1588
920 1542
5 1558
1391 1742
1346 1815
585 680
1235 1401
616 635
821 826
87 922
127 1662
1160 1213
810 1716
1151 1159
1384 1698
350 893
137 1900
1186 1489
701 772
626 1714
354 1839
800 1306
125 1869
798 1733
97 630
168 704
1189 1460
974 975
961 1814
78 441
1075 1446
407 1834
1238 1702
552 1725
201 1602
344 380
359 662
37 1788
307 1346
41 872
287 536
400 940
59 314
491 1870
1633 1821
1072 1176
173 1741
916 1570
926 1963
24 642
935 1380
541 1605
634 1173
126 366
890 1099
897 1157
1078 1082
870 1338
990 1181
483 1427
31 1064
969 1969
625 1439
1190 1501
140 1648
514 706
760 1362
135 540
197 914
879 987
1207 1982
1070 1884
11 343
983 1166
1305 1888
1208 1870
898 1950
1554 1793
83 985
217 1868
977 1502
122 152
988 1801
79 202
962 1200
3 1342
1045 1771
340 1103
354 802
100 1752
1651 1846
784 1783
1566 1573
445 810
1095 1343
1441 1553
1338 1538
75 1888
252 409
725 811
318 824
1209 1621
1013 1699
1150 1514
1009 1948
1326 1517
283 1134
220 1835
98 332
605 1717
235 1254
291 1576
679 768
944 1837
39 645
1222 1507
303 506
954 1915
404 1641
1038 1040
170 685
288 1433
700 1606
570 936
611 1397
138 941
224 1507
1935 1992
1154 1630
775 1882
1059 1062
346 1646
350 1259
180 1782
1120 1173
597 1626
44 1768
874 1427
806 1161
506 1647
106 1555
1485 1783
356 731
515 618
798 811
1022 1785
73 572
816 1891
91 1294
348 1136
1282 1744
236 1070
163 1468
19 69
309 1794
143 1980
700 930
776 1444
1223 1759
644 1828
988 1043
181 210
467 1536
446 1596
390 1596
754 1438
432 771
845 872
300 1436
161 515
224 643
372 1787
742 1907
872 1736
1391 1919
594 1930
942 1966
427 1699
1112 1129
504 1911
940 1949
474 1876
829 1005
1187 1569
721 1429
508 1026
815 1875
1555 1761
88 1923
1029 1493
286 604
352 976
978 1428
619 1546
421 1950
434 1963
1110 1782
239 1230
253 1858
1074 1117
1241 1551
707 1014
842 942
1001 1467
1424 1533
399 986
1472 1809
37 1074
1355 1643
494 1583
346 1667
1022 1897
1299 1579
269 349
386 1735
352 1977
42 1439
303 1344
1386 1521
1090 1722
747 903
597 1755
85 1092
434 821
1568 1881
210 906
835 1482
588 1554
1181 1541
240 869
441 1855
296 1263
746 1698
724 1670
645 1256
0 1401
25 89
454 1226
973 1917
30 1967
895 1436
185 1093
1471 1568
791 920
132 414
40 1109
1362 1530
656 1489
573 1092
80 1794
62 956
820 1635
870 1353
1829 1959
1519 1639
603 1425
587 1650
274 1657
551 1511
1312 1365
585 649
540 775
112 601
102 1190
1607 1903
301 878
377 1505
475 1304
1042 1964
1250 1741
305 1633
207 906
508 790
744 814
380 1928
290 1653
213 1722
1414 1677
951 1934
1688 1997
621 691
123 1831
208 1122
1122 1734
138 1929
1581 1613
456 568
505 750
514 696
119 367
1378 1610
620 1452
1616 1904
1036 1055
1252 1956
450 1504
695 967
609 1384
1132 1603
728 840
26 881
846 1206
21 757
1090 1465
903 1542
823 947
1615 1834
341 1405
1110 1996
347 1932
141 219
604 1292
364 1521
674 1848
682 1189
9 1138
187 612
1941 1969
547 712
787 1596
233 752
163 363
827 1473
430 1965
811 1976
1311 1695
1037 1310
1428 1874
121 571
1605 1839
293 319
141 482
141 995
718 1939
1087 1156
1274 1852
526 936
253 1807
246 1556
304 788
172 1767
412 475
1129 1847
781 784
1417 1613
665 1530
1128 1838
302 602
913 1615
142 719
740 967
1629 1792
586 859
841 1188
82 1627
1178 1757
1514 1985
614 1215
236 1475
631 1368
668 1091
648 933
749 1265
388 1224
193 1385
570 1559
937 1124
1100 1899
741 1494
501 1649
509 1464
40 1305
33 348
234 1168
64 681
316 1661
774 1686
279 1680
1050 1378
683 1539
418 1497
40 1099
748 1880
74 858
31 1262
1768 1777
921 1188
1709 1722
81 1394
278 1826
640 1732
139 874
112 589
409 1195
1433 1936
126 1417
1164 1765
1115 1665
780 1640
218 527
38 514
1138 1439
383 850
902 1773
611 1570
227 613
768 951
2 776
158 238
387 1320
1266 1904
937 1457
140 1950
802 1989
114 660
575 959
453 974
1219 1899
905 1342
480 1345
1572 1686
103 1649
17 97
68 1162
390 477
368 711
187 1664
59 1051
98 652
1531 1852
900 1037
436 1638
1401 1501
322 1801
943 971
1531 1927
1071 1549
59 1726
1117 1752
725 1298
884 1889
310 1824
779 1089
359 1516
275 1367
433 1787
187 538
1331 1545
8 1414
276 765
1453 1916
6 459
935 1218
843 1578
586 1637
1061 1644
867 1334
80 1574
1219 1777
1305 1988
385 1775
517 1063
339 764
472 1221
558 1873
1015 1806
1528 1795
189 1684
871 1496
892 900
312 886
476 1007
503 1062
701 1000
1271 1909
43 1549
447 1661
176 791
175 622
1357 1737
282 1799
215 1926
1085 1431
143 1086
453 908
722 900
529 1641
853 1628
101 693
283 1531
460 1562
851 1398
799 1157
930 1877
18 981
404 1103
128 1986
349 1991
323 813
1225 1634
383 1153
879 1373
1376 1730
315 824
1309 1765
785 1850
279 535
671 1641
1874 1961
903 1437
195 347
163 1127
1213 1621
924 1296
510 653
190 1788
1163 1563
104 1244
345 1984
604 805
995 1715
1386 1945
1018 1780
210 1020
1110 1626
1040 1459
395 1655
1429 1703
434 596
924 1435
447 1204
292 1878
408 843
194 840
126 658
1011 1050
1461 1928
238 260
1270 1780
714 1246
58 1277
397 1272
249 1490
424 1600
261 1725
1197 1634
1099 1223
610 1028
289 438
42 1250
359 1179
151 1038
185 1008
256 1405
381 588
781 1729
202 309
559 1884
1528 1920
1405 1757
546 1155
290 449
1537 1694
314 336
1232 1580
1041 1381
1172 1218
1750 1969
603 1036
198 578
326 1696
635 1804
236 1497
590 1453
98 524
306 1623
499 1836
379 668
275 1223
314 816
627 1103
1322 1529
491 996
901 1421
198 535
55 1371
1078 1708
1138 1900
238 1946
377 922
806 1522
624 1906
242 1903
158 1083
445 1443
1123 1139
1212 1582
26 1437
772 1483
369 1144
545 1989
1162 1582
685 1098
1199 1387
800 931
1403 1683
1131 1599
410 798
547 1019
6 1704
264 834
867 1241
716 1575
910 1986
613 1659
770 987
516 1425
584 1472
1503 1767
1232 1420
355 1850
573 591
856 1412
381 1693
203 715
393 564
557 1156
1512 1668
245 1123
613 1180
1072 1735
777 1190
1207 1363
179 1665
257 583
402 1784
16 1418
698 1132
138 1092
56 1516
814 1975
544 675
917 1511
1181 1921
705 1843
262 1751
415 465
484 1829
110 842
531 686
164 1113
831 1322
388 1507
1429 1577
606 1465
676 712
437 1436
1697 1941
108 1412
1295 1762
437 1695
102 1499
1547 1707
1635 1979
263 858
854 1720
1174 1789
16 968
1561 1677
1062 1638
1233 1538
1479 1560
1410 1800
958 994
1058 1907
218 1396
1622 1699
373 838
105 744
337 825
1005 1761
1049 1579
365 917
379 1340
33 131
256 1374
1508 1826
23 1261
905 1460
394 1137
148 1039
190 390
607 1080
1102 1612
667 1450
91 1949
312 1951
1183 1572
192 416
996 1593
525 1114
1938 1956
669 896
848 1827
234 688
500 677
380 1498
1671 1714
703 940
1738 1905
544 1765
67 242
428 1766
1547 1932
48 262
542 753
617 727
946 1605
680 888
1551 1913
369 1962
55 539
1246 1711
1324 1783
280 637
622 893
989 1087
157 464
930 1892
93 356
266 802
287 1293
206 653
780 1198
237 565
501 1764
847 1875
1858 1983
1215 1243
1053 1056
32 1479
286 333
371 1590
159 952
1028 1754
503 1896
540 713
757 847
147 1585
463 1328
188 354
637 1869
216 1624
243 787
334 1041
313 1010
260 1184
644 899
711 1283
682 1848
680 885
867 1861
586 1929
671 1563
1121 1428
506 705
251 1614
666 955
275 1034
104 871
178 1645
324 1793
1497 1597
139 256
1046 1687
585 1973
487 656
367 1235
68 461
1620 1652
495 1608
944 1191
618 1910
1084 1704
78 1242
289 1842
1427 1846
564 1486
176 722
14 1752
653 1743
1291 1385
133 1790
1340 1619
315 442
520 1806
401 1944
226 1913
936 1515
444 530
740 1657
114 564
393 1594
485 1954
1193 1865
1470 1844
850 1406
726 1289
962 1360
409 1060
636 828
123 589
1824 1951
848 1094
1097 1767
84 702
246 1541
1560 1817
1143 1620
1144 1442
616 1535
377 1239
285 1524
796 1313
402 1131
64 1517
782 954
554 1241
31 901
259 1420
234 1643
130 297
1177 1563
650 841
651 1353
1382 1993
455 1757
29 1020
197 709
1125 1286
980 1906
1154 1851
460 1354
792 920
896 1513
1141 1795
1253 1892
478 479
1196 1542
35 1131
531 806
1527 1948
1706 1955
557 1430
1075 1227
709 1147
1668 1971
440 1645
1623 1829
1532 1535
1052 1375
455 937
225 568
495 762
1682 1985
429 1949
272 1653
450 869
264 1400
84 1414
97 1122
532 762
101 801
1357 1383
432 1257
555 1938
754 913
1090 1413
1034 1198
1321 1725
1364 1468
1592 1749
989 1362
423 576
1493 1838
839 1353
1206 1786
325 1558
1280 1431
1240 1438
1822 1993
392 1210
417 1425
1540 1917
77 1524
1276 1816
343 818
574 1468
591 1878
427 636
450 1257
1592 1883
221 999
24 641
1203 1538
838 967
129 363
208 1140
287 797
92 213
999 1676
959 1402
103 1201
315 1789
1130 1338
1623 1832
291 1721
1782 1887
18 666
978 1303
486 1511
371 945
753 804
71 677
1008 1896
1106 1892
649 657
258 1072
391 939
1727 1744
143 244
658 1372
270 276
111 727
651 1853
574 1747
1047 1929
1665 1669
684 759
1453 1523
282 1123
979 1027
113 1449
22 262
801 1232
278 825
1158 1675
488 808
90 813
312 988
617 889
633 1124
157 1510
640 1268
541 1750
643 1317
139 1933
363 637
635 1114
184 1742
1080 1148
244 1052
809 1456
57 1394
352 577
647 754
201 1173
651 1420
415 640
883 1796
925 1820
84 1200
739 1278
845 1790
51 1074
416 1575
353 1219
797 1535
1039 1525
435 507
791 1506
149 1568
355 1403
355 1076
277 345
655 856
164 1970
279 1434
576 856
1200 1359
127 692
200 1754
772 1792
1210 1572
165 1217
608 844
875 991
27 1811
1217 1238
927 1018
383 1107
868 1101
1057 1787
550 738
250 1978
582 778
57 265
249 1952
1410 1825
704 1477
516 1395
526 1512
1198 1445
87 543
865 1833
427 1871
291 397
953 1250
657 1636
199 1639
481 593
1021 1706
194 1989
41 457
928 1398
215 1886
448 1260
1455 1984
776 1434
433 1524
1301 1672
1815 1924
276 675
472 865
122 423
1571 1743
577 1490
455 1284
426 1655
739 1926
503 595
516 1045
52 1800
783 1901
587 626
1061 1667
1768 1934
581 1156
1492 1922
722 1724
726 1521
694 1664
1789 1835
584 1234
784 1705
177 1264
843 1358
703 1850
423 1216
626 993
478 852
481 1075
1266 1857
37 247
667 1770
954 1465
1061 1661
923 1152
605 859
1642 1794
295 517
1309 1379
522 1400
1137 1625
804 1245
357 1567
1764 1861
1589 1653
15 938
1485 1740
1065 1177
206 1772
1202 1215
265 1908
1800 1880
945 1068
463 1146
654 1954
615 1496
517 1015
246 1363
191 497
1145 1299
169 467
1008 1701
1030 1688
1474 1626
541 1495
745 1943
983 1053
154 1934
46 1335
232 1253
374 1785
288 1652
533 909
1614 1842
172 204
142 1808
115 1091
1785 1815
779 1148
242 571
629 1411
730 1157
221 1591
342 1227
79 646
1450 1469
1048 1900
149 1481
420 1750
1111 1595
499 657
1022 1151
475 1214
273 1751
485 1111
422 552
419 697
1182 1377
1731 1936
957 1687
1546 1753
490 1082
620 1441
167 1151
171 616
693 732
721 1583
1 1251
1257 1841
320 629
1115 1746
762 899
1422 1631
205 769
421 1818
793 1437
46 1823
750 1016
915 1589
1381 1553
369 1004
739 1327
105 1313
1299 1489
99 1679
371 950
817 958
1663 1942
511 1281
1537 1962
1756 1839
7 1810
480 1323
818 1958
615 1992
346 1520
1528 1539
480 1679
63 1692
1302 1703
874 1849
1692 1862
338 408
707 1238
360 1171
1177 1771
823 1589
1540 1873
96 1930
107 740
1231 1440
727 749
617 1666
974 977
464 1119
667 1939
1251 1600
357 1393
794 1816
1332 1712
873 1381
638 852
470 1225
443 1820
1704 1911
746 1832
69 565
614 966
146 980
782 1681
538 1165
997 1879
520 1259
412 413
28 1210
629 1291
109 1512
579 1069
531 1001
376 893
572 1057
93 290
501 537
724 1735
150 1503
807 1016
217 628
4 1282
211 692
896 1098
15 1266
178 512
1369 1896
592 1139
1309 1741
931 1111
1158 1225
918 1824
425 1978
95 910
1171 1688
922 1953
17 53
854 1565
362 1926
387 1714
698 1006
1774 1962
1290 1720
1057 1866
895 1205
573 860
570 1627
1728 1803
749 1858
783 1044
1012 1329
367 1730
1490 1601
241 520
1112 1763
402 1053
1354 1416
343 1943
113 1192
751 948
787 1613
623 1938
538 884
254 1643
923 1033
1575 1703
172 1498
335 1501
901 1350
474 706
509 1060
42 880
985 1384
500 580
351 1458
361 1433
1030 1571
428 552
706 1500
330 368
269 1549
778 1848
214 1228
685 814
235 1884
528 928
34 1244
1102 1473
656 1748
1094 1552
608 807
190 882
478 933
850 962
15 1820
322 1678
1387 1948
1267 1639
692 800
1277 1566
579 1456
7 1803
493 1912
415 1036
838 1213
1045 1895
1082 1573
444 662
1630 1718
825 1365
387 447
348 1906
1135 1951
535 1925
199 737
746 1194
1447 1964
1527 1555
48 298
1237 1541
325 1206
1088 1438
474 1666
327 1112
1026 1426
203 816
876 1463
484 964
1180 1456
1403 1663
986 1280
213 1493
773 1459
255 1498
985 1153
1170 1777
1418 1902
112 1033
536 1635
87 1911
1048 1781
66 1451
182 987
560 1417
775 1795
310 1998
185 1907
120 1148
693 1621
711 1463
878 1314
1271 1846
518 1748
1012 1562
325 1769
1024 1551
1050 1341
62 463
669 1796
189 349
1398 1912
705 1175
174 1821
258 1674
1108 1447
157 1100
304 944
1259 1279
641 846
1001 1650
859 972
208 1116
132 1102
249 1337
1365 1470
1576 1834
720 1868
1377 1463
1146 1668
1063 1821
317 491
1749 1813
733 1071
30 1351
1094 1691
778 1316
701 1285
327 1598
347 546
64 1249
310 1418
709 970
405 1162
1710 1995
917 1964
20 1552
1080 1516
30 1440
907 1419
433 549
169 699
619 1999
1323 1780
1407 1449
805 1685
978 1889
855 1854
605 1543
1422 1852
1073 1808
759 1627
1548 1692
878 1928
90 331
74 1526
914 1689
396 575
1470 1664
381 636
845 1968
1775 1940
72 1434
1005 1228
863 1058
1743 1894
379 1255
1034 1791
253 1814
1139 1548
698 855
375 1060
1276 1711
1371 1390
1226 1400
914 1229
55 1260
548 703
239 691
1389 1921
697 977
951 1987
1901 1931
140 222
910 996
508 1936
1297 1862
1321 1885
35 403
569 671
870 1330
180 1462
385 1449
562 1054
1269 1588
524 1720
147 1480
155 1161
1399 1615
1002 1817
134 1451
321 846
1505 1837
458 544
216 1748
284 1471
1192 1288
888 1129
162 1737
1228 1917
575 1712
54 292
118 1625
216 1114
1100 1339
202 1067
1188 1313
1120 1187
1544 1869
393 862
1396 1632
65 1331
485 659
735 1335
1654 1764
1488 1553
134 302
403 712
752 1262
1308 1659
631 1803
304 572
498 801
260 1386
1032 1878
864 891
1790 1977
574 608
397 1124
696 997
928 1855
511 1175
285 911
1208 1582
153 1211
196 1726
123 652
1337 1793
557 1340
425 513
117 555
864 1985
212 1185
599 1214
1193 1357
1557 1979
499 1301
587 1797
1656 1667
1363 1564
1422 1808
444 994
32 1830
231 668
61 1243
425 1158
134 519
164 813
105 963
818 865
745 1187
1105 1771
297 887
1052 1941
153 1537
766 1351
437 1660
759 1888
536 822
496 1441
584 983
1552 1905
49 1760
994 1739
101 1518
1251 1913
700 1054
205 868
1335 1476
1570 1816
768 935
1229 1733
949 1801
782 1020
412 855
590 1171
1308 1366
1550 1842
1719 1855
196 222
136 1567
258 932
79 357
326 1371
931 1819
453 971
664 1382
104 1319
54 894
672 1554
432 1557
1432 1806
62 296
929 1480
1275 1477
36 1146
179 821
398 1385
1673 1956
271 1649
942 1561
984 1832
299 1523
219 1994
183 401
887 1220
1300 1943
1046 1634
907 999
418 1308
122 1825
492 1040
1576 1859
1341 1732
658 1706
1015 1077
568 945
1566 1779
992 1240
267 1837
884 1972
14 1142
2 1620
113 758
632 1525
454 1922
1125 1712
166 883
313 1382
13 1980
1584 1861
534 1659
934 1673
191 1007
196 1723
127 907
1657 1838
615 1023
864 1954
661 1070
1217 1930
1018 1965
666 1638
795 1321
939 1154
230 1046
199 751
1514 1679
16 691
1012 1440
248 622
1249 1628
205 726
524 1812
183 1435
350 1031
35 1258
358 1505
5 282
68 713
500 902
33 223
831 1710
804 991
13 823
1091 1451
27 368
103 1391
456 614
763 847
1037 1058
57 439
484 697
998 1711
24 565
175 1792
177 757
278 1587
688 1604
481 881
89 895
89 879
582 1609
734 1562
1161 1243
60 1342
229 1825
1315 1442
1027 1625
682 1776
1079 1496
939 1686
871 1863
189 1737
594 1520
1248 1323
840 1687
125 1700
74 971
264 467
611 1904
1410 1947
340 1392
1348 1726
10 1033
563 970
268 576
309 1487
17 751
502 1744
743 932
406 669
1153 1347
293 1394
78 1442
831 1864
1477 1742
60 1218
378 1594
1760 1817
507 1378
351 991
392 1424
116 1732
1104 1520
997 1749
91 835
144 1341
244 370
398 1986
832 1970
736 1140
1041 1421
180 1071
339 1740
294 1256
392 1273
989 1370
819 1278
620 1159
110 1690
159 1411
799 1431
579 1618
1069 1611
311 454
590 639
883 1027
215 254
1754 1992
925 986
292 1454
462 913
460 767
1354 1905
848 887
48 808
142 1578
385 1713
224 389
550 1628
6 583
94 1473
345 1494
289 924
566 842
32 1054
1325 1435
583 1912
837 1175
1890 1980
1301 1480
269 723
1276 1361
789 1899
265 1868
707 932
1028 1346
156 1063
206 571
145 925
551 1336
197 1126
1048 1940
2 308
854 1017
965 1955
222 786
1333 1479
1253 1963
159 1873
960 1561
441 755
1149 1195
852 1322
408 1447
995 1978
1207 1633
523 1411
169 445
724 1484
675 1466
70 861
132 218
591 1287
473 1249
652 1914
27 1517
1545 1802
1115 1503
1069 1762
735 1424
1337 1872
1180 1491
708 1013
1880 1901
905 1066
897 1862
217 1670
94 1349
1025 1796
50 807
5 124
923 1826
47 223
643 1730
950 1118
428 631
1546 1984
810 1579
600 1677
1351 1835
7 511
70 1331
149 1630
582 1277
673 1977
670 1189
221 1240
288 1856
550 717
384 456
254 1247
721 1096
1547 1922
177 795
209 1717
328 1889
662 1745
70 752
687 1652
1459 1970
1343 1939
899 1860
1534 1733
735 1133
869 1539
401 950
588 1318
1645 1760
194 1167
13 849
1244 1955
780 1132
1236 1940
14 54
781 1583
153 1695
1087 1415
286 1007
547 597
339 356
178 191
80 1203
770 904
495 1717
93 857
725 1377
239 1278
649 1840
567 589
750 1594
327 1993
421 1396
598 795
555 1261
1030 1758
533 1814
704 868
212 293
468 1557
1195 1586
326 1903
281 1262
198 1592
469 1000
60 471
902 1762
41 158
1226 1408
322 1017
76 404
12 1698
388 833
603 1798
696 803
297 1140
18 779
1588 1965
761 1280
1423 1932
799 1356
179 1409
663 1098
526 1893
770 1450
1494 1921
1016 1509
395 858
577 1867
110 645
26 1478
507 1545
888 1081
808 1923
641 1937
489 881
912 1558
1845 1870
235 515
301 1805
753 1472
1548 1974
270 1224
1003 1485
228 713
1137 1567
1560 1778
1035 1979
1307 1586
160 1540
958 970
431 1527
301 1673
102 1875
1125 1261
329 1670
1352 1578
472 1874
1144 1918
836 1460
219 1214
738 1246
45 403
125 841
830 1208
553 1761
183 1960
1775 1990
982 1017
866 1203
90 114
1078 1600
270 812
86 398
688 906
745 1658
351 464
416 502
1000 1751
451 1573
186 797
919 1235
201 303
94 1227
