299
10 212
34 69
97 294
124 186
135 288
52 212
77 140
71 108
100 241
19 94
220 294
101 204
204 285
1 135
19 72
184 294
117 147
18 19
124 158
96 124
80 207
11 124
114 291
124 211
57 120
53 120
32 124
143 220
63 100
124 191
135 286
128 135
0 80
23 137
71 164
120 267
100 162
65 71
51 171
51 75
100 225
252 291
154 291
124 223
58 294
47 291
68 140
105 135
100 242
24 51
98 275
71 115
272 291
100 144
23 121
27 204
115 181
19 197
115 228
34 85
51 178
194 212
17 291
80 116
34 177
42 115
115 141
39 212
80 281
90 115
98 103
204 256
134 204
12 212
135 219
140 235
71 129
48 143
51 293
140 247
98 264
19 216
8 140
227 294
100 279
55 212
14 98
124 220
92 120
143 226
23 89
13 34
19 283
135 245
33 291
236 291
204 220
51 220
98 239
76 143
140 217
183 291
98 220
149 212
34 130
135 203
150 294
117 131
34 123
106 120
34 54
133 294
34 115
34 152
117 155
204 263
19 274
79 98
117 261
51 298
5 212
26 124
2 98
120 220
98 290
98 297
71 234
51 289
40 71
23 198
125 140
115 220
34 166
120 215
135 233
35 120
117 220
23 284
170 212
46 117
98 161
175 291
143 295
78 120
61 120
115 118
67 117
23 232
19 107
66 204
80 258
9 140
212 220
117 222
19 270
117 230
44 51
117 292
119 120
43 120
22 294
143 202
51 145
37 143
87 124
143 296
19 115
19 262
80 251
269 291
124 146
25 140
19 82
120 165
64 100
30 117
51 151
74 124
135 280
98 214
80 220
23 190
143 229
80 173
110 117
143 180
148 294
28 291
115 257
51 243
185 212
71 195
100 268
201 294
117 187
71 73
34 142
204 282
34 93
4 100
45 80
204 249
113 115
23 81
71 199
212 224
19 56
51 174
23 255
140 182
196 294
34 159
204 259
115 244
143 168
212 273
124 160
100 250
120 271
60 117
204 221
23 220
50 140
99 143
179 291
127 294
98 112
138 140
176 212
126 143
34 266
23 163
124 132
156 212
6 291
36 80
19 218
23 209
23 95
135 220
21 294
71 253
287 294
104 204
34 83
23 86
80 188
62 117
135 206
70 71
51 102
80 153
140 278
204 260
16 100
220 291
136 294
100 109
31 212
98 213
19 49
19 277
98 139
100 115
29 34
91 120
51 111
41 80
135 237
88 204
115 254
140 265
80 172
7 117
115 193
71 276
135 248
38 204
80 84
143 189
140 220
23 200
15 71
80 157
124 246
100 122
143 231
100 210
192 294
140 208
51 240
98 205
120 169
59 143
20 291
135 167
135 238
3 23
