2000
835 1860
370 996
290 1386
116 832
213 789
91 267
297 1474
468 732
53 350
1075 1323
512 1611
1260 1629
1188 1512
1614 1722
170 388
170 1769
561 698
176 197
569 649
61 1499
575 1034
1455 1718
56 649
220 1371
297 493
297 1360
1609 1944
1253 1475
1398 1724
445 1790
949 1115
94 445
1110 1130
5 331
1730 1910
54 801
116 1838
788 1610
208 1182
383 1837
474 1285
1342 1378
696 1771
869 1749
1044 1605
698 1429
1029 1771
739 829
533 1771
737 895
1092 1718
192 1062
1211 1741
542 640
734 1584
41 184
1476 1609
1182 1460
754 1824
1332 1722
290 1872
278 1745
500 1333
404 1628
1260 1377
391 1409
323 1641
375 1913
141 485
132 133
523 1130
264 865
1094 1508
199 490
425 738
606 1214
213 1118
213 1550
1253 1939
321 522
0 209
566 682
1024 1108
192 1851
1 34
361 1988
542 1659
505 1573
82 788
504 1478
1173 1324
83 1024
527 1024
199 1532
290 1735
182 460
1001 1524
429 507
1028 1440
69 1584
132 1903
141 1723
225 1363
42 1188
1034 1453
572 1786
1110 1796
827 1043
374 1193
132 196
1031 1170
1082 1397
1394 1911
512 1955
1260 1740
213 408
422 522
872 1911
132 1317
1531 1966
784 1324
141 1657
192 340
482 687
777 1988
354 1056
741 1609
633 1910
13 403
536 1878
141 1287
1034 1515
552 1056
627 1834
941 1184
1142 1999
277 842
1066 1501
800 1607
2 375
280 536
1638 1852
1269 1458
61 1876
368 1818
1102 1115
828 1371
827 1356
1182 1315
1115 1215
1766 1988
522 774
72 1044
836 892
320 1409
13 584
1260 1952
223 335
1347 1859
313 827
391 1178
68 335
883 1044
112 358
1323 1707
506 1299
164 1609
3 925
542 637
756 1324
38 1297
375 810
33 649
39 422
542 952
382 732
449 634
375 1742
329 627
272 827
1024 1728
154 1204
445 1801
1252 1609
185 1636
213 848
482 1081
245 1110
1153 1260
256 425
153 703
861 1268
1409 1983
0 745
1138 1744
93 1203
1603 1701
1324 1353
865 1523
618 1832
1177 1193
627 1094
1308 1773
141 1501
971 1558
1481 1643
739 1573
1609 1683
827 1262
1810 1911
447 1858
727 866
252 1685
793 1603
941 1573
363 1094
983 1573
1156 1427
1744 1753
22 1253
203 1546
865 1533
407 1584
970 1832
170 1020
323 1117
97 1180
258 1249
1044 1794
425 706
868 1832
1711 1749
93 1142
1462 1718
198 942
297 642
43 482
717 1463
329 495
1500 1718
1417 1722
653 1718
132 956
125 1502
1094 1924
836 1144
545 1839
0 119
215 1131
1214 1558
728 789
192 1058
290 608
1324 1421
1162 1749
61 145
1662 1989
424 691
649 1230
132 437
1471 1860
36 157
836 1561
522 1804
378 1911
335 893
1358 1832
787 1524
516 1863
1467 1771
692 698
79 335
170 1281
1019 1057
1245 1771
0 1987
192 430
297 1300
424 1129
1188 1442
1241 1786
689 938
522 1198
1100 1440
290 520
51 87
199 846
318 1786
836 981
955 1094
645 1545
62 1094
816 1021
370 429
791 1145
447 1878
1833 1966
339 1590
300 1837
1389 1807
116 423
192 1286
540 800
61 762
985 1875
339 942
539 1137
812 898
375 397
84 234
897 1749
170 1749
516 787
1174 1911
1039 1193
93 1556
1890 1894
672 1323
979 1260
1722 1768
115 422
1324 1920
284 566
323 1942
707 1117
13 1426
608 713
519 629
225 379
60 1911
124 1238
267 649
49 560
170 184
141 1046
427 739
1115 1855
75 965
476 849
30 1188
368 625
84 334
655 1531
1440 1626
645 1308
462 1609
213 1989
1749 1865
1115 1219
1454 1501
192 343
847 1573
422 1452
649 1288
861 1584
199 512
170 1842
516 1450
1034 1902
645 1782
117 645
445 1507
267 1973
377 1531
1443 1603
924 1789
553 1110
13 1558
290 1171
342 1232
813 1859
539 1034
1543 1544
61 260
788 1817
188 371
401 1989
93 1668
1409 1504
1221 1786
1324 1465
836 1265
433 698
732 1186
365 1115
84 834
801 1095
1603 1615
934 1154
84 1731
621 1531
192 894
514 1786
274 1409
671 1062
449 788
422 1425
649 1237
400 827
698 1712
732 937
1213 1574
21 1722
1024 1182
962 1193
344 1878
170 662
1412 1440
1251 1647
787 1835
636 1000
253 425
627 1128
93 1074
836 1608
513 732
1232 1249
1432 1584
1182 1589
698 1621
664 1718
1130 1285
370 534
873 1744
732 1843
1508 1882
249 270
960 1024
536 1584
213 681
149 1703
1516 1949
649 1127
889 1609
225 720
28 659
335 1575
1024 1371
335 1002
87 179
218 683
184 1176
100 1258
339 1201
522 1755
1050 1967
184 755
87 562
645 1050
61 914
624 801
340 1905
92 1409
445 931
61 919
536 1166
416 787
1372 1771
1860 1885
93 1182
182 1639
1025 1744
116 1989
1491 1573
122 445
1744 1959
25 800
213 1161
135 536
1552 1931
447 1070
570 938
836 1280
267 1139
837 1722
541 1469
686 1878
607 836
1531 1847
415 659
1697 1716
788 1666
547 564
548 1056
865 1134
1573 1600
199 338
0 535
1633 1898
182 804
522 758
708 1343
156 425
1541 1832
424 747
410 512
770 1989
270 659
1130 1517
641 1249
739 874
963 1598
761 1989
568 1749
719 865
47 1213
907 1592
801 1826
182 877
1310 1603
182 345
13 827
425 1637
1440 1446
84 458
323 1861
13 857
368 396
789 1531
309 789
827 1459
73 787
1067 1182
1477 1911
1029 1167
1732 1911
84 652
564 566
444 1609
231 865
100 170
182 1819
496 1749
769 1084
184 1404
271 1603
1112 1665
482 1655
159 1260
87 712
936 1422
567 1235
297 1859
954 1910
536 1416
102 1558
184 817
824 1859
732 1722
368 516
370 1409
44 1193
186 1364
516 1163
398 938
1200 1837
635 1253
1260 1573
199 1379
357 1524
680 1558
170 571
448 1703
1031 1860
788 1708
801 1227
525 1260
1083 1110
610 645
0 1204
1101 1249
659 1097
1253 1850
9 922
84 612
182 1488
213 583
445 1797
1086 1710
368 465
542 1675
1193 1551
87 332
902 1584
375 1569
800 907
933 1786
218 800
788 1391
528 1573
87 1900
192 1880
132 1253
698 739
95 1390
512 541
1222 1718
265 1260
542 1249
1359 1636
184 1624
1837 1953
908 1524
71 1837
323 1495
392 787
261 323
128 537
145 1547
1110 1111
1933 1974
182 1930
55 642
126 195
13 1424
608 1868
878 1193
93 1301
739 905
822 1409
522 574
614 1771
168 1182
1438 1621
811 1193
160 1323
242 445
565 1859
1056 1290
558 1933
1115 1991
86 483
1053 1744
371 1670
276 355
93 1023
243 335
192 1925
170 1778
1695 1910
1035 1786
482 1091
698 1857
1642 1936
1130 1338
157 425
283 827
307 1980
364 1832
548 1978
81 172
148 447
536 1273
1231 1744
674 1744
1418 1636
447 923
339 1260
87 1373
1345 1832
1568 1594
739 805
375 1110
729 1558
865 1019
315 938
938 1084
225 1976
93 1079
788 1293
938 1970
800 1803
411 1404
445 1871
608 737
182 760
482 1566
1082 1253
1271 1860
1041 1198
1065 1989
425 1744
335 1246
869 1567
636 1933
582 800
1331 1477
422 735
58 1375
445 1643
371 638
428 789
267 1562
1004 1859
375 549
1175 1930
998 1323
248 1859
61 118
297 1771
107 141
599 1094
510 1188
830 1744
648 1409
1524 1634
631 1249
512 1854
235 1249
184 511
184 212
1719 1940
290 515
302 800
290 668
87 1910
1024 1165
938 1538
865 1371
116 1324
934 1034
405 1253
649 1072
743 1878
328 1049
1249 1684
425 1275
947 1214
80 1832
1249 1408
98 323
371 1829
1749 1800
13 775
370 1841
368 1498
61 566
482 1364
865 1703
542 1727
647 1182
225 1746
1213 1619
323 597
1632 1792
1576 1814
424 963
789 1255
347 1859
1625 1988
255 566
566 1270
269 375
308 1910
221 1249
151 1110
498 801
1124 1877
370 483
953 1056
84 973
536 1054
372 739
627 1375
422 1211
1034 1762
1094 1209
1130 1183
0 1519
177 1157
649 1261
266 787
375 425
836 1323
204 1253
1774 1991
360 649
975 1933
368 715
432 1193
717 1609
1024 1143
88 627
1182 1244
366 1874
1558 1750
800 1525
413 1044
512 1407
399 1989
17 447
800 1056
645 1351
556 1501
1272 1934
1509 1618
1431 1749
87 1719
466 1722
1636 1717
524 1646
137 1188
1760 1881
1573 1956
1182 1813
213 974
424 1422
659 1392
326 1558
1110 1548
1298 1860
659 694
972 1524
464 1531
190 199
414 827
170 443
1578 1989
436 1726
116 594
486 1260
522 1585
84 1536
1034 1811
1064 1603
323 1893
1027 1248
654 1703
542 718
482 1986
141 1613
516 1627
1371 1963
787 1661
566 1256
447 1323
1322 1911
368 545
1106 1744
1213 1927
0 1653
163 1933
355 1859
812 1786
130 213
1718 1780
627 1151
1105 1213
0 1115
112 339
566 994
816 1988
739 1852
267 1928
608 1048
385 698
1213 1595
237 323
1253 1401
827 1962
1671 1910
516 1690
93 1243
1036 1986
516 887
141 1869
1878 1954
825 1214
848 1367
739 943
1249 1449
422 1034
1696 1989
479 1573
467 608
120 536
473 531
860 1158
6 1840
368 1026
291 339
8 422
165 225
103 1524
138 1933
1311 1976
800 1656
1044 1136
659 1636
679 1911
464 939
1234 1584
1115 1192
1188 1821
530 1524
1001 1848
339 585
147 382
348 865
623 1558
1686 1989
1756 1910
961 1603
371 1706
373 627
0 1361
431 1501
881 1193
951 1024
66 267
0 1305
132 1384
1094 1284
13 1520
267 1329
1832 1892
1044 1923
482 1156
787 1822
330 1214
1037 1371
87 236
1088 1164
926 1703
1130 1276
323 1743
116 821
30 1553
121 1094
15 1301
1188 1250
394 1110
1878 1926
1188 1705
1225 1786
627 1307
694 903
1564 1718
1094 1330
1110 1758
141 1313
836 858
412 1859
1194 1440
1440 1699
116 1888
425 454
140 1603
651 789
199 436
1697 1703
836 885
445 629
184 1493
210 698
1056 1767
970 1355
182 1995
267 1604
1527 1950
957 1910
201 1988
295 1501
76 1521
192 1965
1146 1837
827 1098
447 1763
678 1837
487 1718
1009 1860
836 1692
371 1398
418 512
167 940
1024 1996
732 1693
1636 1679
192 1133
170 875
447 1224
84 368
863 1056
459 648
0 1757
1216 1440
132 646
10 13
1188 1235
368 1400
424 1506
938 1891
581 1130
1519 1669
615 1182
593 1878
1160 1371
627 1918
322 1024
1010 1371
111 865
290 833
920 1371
1609 1729
491 1213
1609 1853
323 1440
801 1399
290 557
1485 1989
359 512
1188 1921
1044 1440
1130 1490
645 1964
96 1860
310 1937
688 1531
1188 1815
16 241
1602 1609
146 1548
170 275
263 1584
13 1123
110 608
938 1292
320 1529
1316 1718
440 935
199 1860
1744 1875
445 1609
1274 1323
1368 1910
1099 1201
375 1247
801 1674
339 1785
64 1409
509 1193
701 1024
1789 1910
422 1419
645 1295
827 1933
470 1492
520 1327
225 1919
220 563
104 1771
1403 1440
670 739
13 603
1213 1909
261 809
335 1056
604 1213
53 1989
211 1744
116 251
522 1169
16 132
423 879
980 1825
852 1249
1546 1744
225 1116
297 1932
732 965
225 1430
371 1444
1549 1988
87 1439
132 1193
335 1582
45 424
693 836
497 542
1005 1115
26 1558
1024 1879
319 522
714 1214
335 1395
311 445
279 1151
870 1371
1080 1500
800 1365
1182 1597
502 1558
1130 1864
206 1772
827 1164
1304 1933
54 544
1115 1570
267 435
1006 1860
13 819
797 865
371 1405
542 1145
141 1069
370 1969
375 573
1115 1185
247 1214
480 865
521 1933
608 1644
267 1357
13 77
225 814
1591 1603
827 1985
35 1771
46 788
213 1387
536 1761
187 1501
29 788
945 1177
790 1627
536 1873
335 1718
150 512
841 1530
771 1531
1464 1878
771 929
317 1531
197 1253
386 1591
191 1988
1501 1899
132 619
339 1747
801 922
608 1736
297 452
501 1988
993 1056
339 441
380 1911
645 1947
461 645
305 1524
482 862
901 1524
1312 1837
127 1878
551 801
84 1126
938 1786
6 1524
1501 1588
199 630
162 1744
859 1603
1584 1715
649 1266
1034 1754
788 1917
1253 1825
779 1563
722 1182
801 1150
233 1910
742 1749
108 323
312 368
1033 1603
543 698
323 1677
328 1324
184 1635
522 1344
864 1860
482 1992
659 1242
578 1636
649 1409
445 576
482 1213
421 1878
732 1349
1024 1413
537 1260
1042 1603
827 1577
23 1214
371 512
424 1480
1435 1832
1324 1552
1505 1722
700 1911
87 1603
67 371
1379 1993
199 324
1415 1573
732 1682
232 767
87 990
516 1326
368 508
463 788
424 1650
306 1214
451 1034
422 1830
976 1162
424 1576
227 370
482 1771
778 1584
916 1744
1323 1897
1447 1703
1324 1938
663 1572
301 566
370 932
288 546
912 1371
1681 1703
184 1003
659 1623
732 904
789 1518
542 1032
1220 1851
801 1402
19 93
492 536
213 1191
0 732
1214 1555
192 1603
1189 1214
645 1328
18 1573
517 811
116 1528
1037 1061
522 1979
422 785
339 1113
999 1236
52 87
292 865
1501 1820
1630 1837
161 1564
1130 1646
25 169
761 1456
1034 1781
341 800
116 580
645 1922
290 1594
87 697
111 1239
1044 1482
252 1524
84 1884
827 1688
424 977
1253 1694
225 783
1052 1118
1233 1836
787 1187
1323 1704
1051 1573
61 1324
512 991
783 1908
1530 1703
1461 1988
184 1593
368 782
645 1912
1044 1972
842 1094
370 1240
827 1660
639 789
542 1793
390 938
836 997
566 839
307 1558
14 1371
3 199
0 1606
835 1306
1448 1703
389 1221
1104 1109
304 1249
339 1040
370 506
587 1722
669 1056
1599 1694
213 1366
781 865
205 1988
1501 1784
1018 1718
298 1501
693 1181
116 628
13 724
1047 1988
1665 1832
1213 1264
1278 1933
871 1115
192 1294
1823 1989
84 1457
1205 1878
297 1341
655 1971
381 649
1148 1859
388 598
181 536
710 1034
87 152
1090 1603
698 1188
789 1812
1094 1744
918 1602
806 1214
1060 1182
1030 1860
368 1103
789 1867
81 1094
477 1056
37 659
173 1771
1076 1860
759 1933
371 1617
282 1110
395 1324
222 1703
659 1283
371 420
512 716
61 1296
158 370
259 422
1223 1440
447 661
1663 1963
171 1584
1044 1816
362 1878
240 1110
516 796
199 257
136 1722
798 1324
225 1044
886 1689
1377 1738
731 1901
730 1910
447 1521
516 1572
371 1226
177 516
656 1703
1450 1889
1423 1989
87 314
1497 1531
579 1249
789 1038
732 808
801 1318
1094 1676
736 1837
659 786
1369 1573
213 1904
422 1007
349 1393
1056 1651
673 1933
228 1015
627 1981
1672 1989
268 1323
709 1911
658 1409
123 199
1107 1437
659 802
5 801
482 820
644 649
155 1860
31 1130
1188 1233
959 1409
542 851
1371 1473
1486 1589
1110 1514
370 964
1513 1609
170 352
445 1445
297 1267
896 1573
0 622
170 1248
244 1216
290 1580
267 1808
447 602
1056 1119
34 698
206 1371
1411 1895
800 915
1110 1348
801 1336
116 844
48 93
1859 1910
113 1636
758 792
199 1479
1014 1786
1024 1217
425 1055
339 772
424 1214
445 1342
698 1071
1323 1748
1260 1303
620 1130
987 1371
61 1350
440 1253
645 1034
384 1105
488 1193
789 1907
1718 1791
216 1044
296 297
1832 1887
1282 1722
853 1933
659 1664
339 1089
800 801
84 1149
192 484
1189 1957
659 1104
1087 1910
18 143
518 1911
134 1703
192 966
1428 1786
446 482
262 447
213 982
1207 1988
1636 1798
180 1832
390 748
395 1783
789 1845
425 944
512 1168
369 1228
129 1324
595 1718
106 1749
1524 1916
225 890
512 733
1213 1828
215 938
273 566
536 1678
1352 1771
141 426
371 526
803 1130
667 1681
928 1414
370 645
522 1478
1056 1197
850 1558
93 601
182 938
61 773
199 1866
1510 1636
184 968
70 836
588 1558
290 617
611 1933
516 1881
182 457
1878 1895
1492 1636
1501 1929
1413 1470
339 1961
739 882
536 666
866 1878
807 1542
649 1269
739 1496
371 768
1362 1440
250 1323
590 1832
823 1110
132 1314
1077 1703
61 1631
12 789
1044 1687
195 1573
801 1722
84 1846
632 1944
1340 1584
789 876
536 1557
1072 1586
445 1911
455 540
1214 1554
27 1718
1527 1832
1691 1989
536 1949
865 1870
1130 1441
178 339
1213 1914
938 1382
938 1896
826 1988
787 1647
425 1583
1213 1511
101 1249
375 1337
294 1182
225 1616
297 1563
1056 1190
132 316
921 1636
659 1883
516 1383
1085 1409
175 1501
865 1984
93 626
406 1989
132 1777
1376 1453
370 978
375 815
323 752
450 1859
1410 1636
1068 1933
335 1451
516 559
516 1179
61 1779
1722 1849
89 1135
967 1531
184 1721
182 591
865 1059
659 1837
142 1328
1125 1487
613 1878
542 1622
375 1539
425 1016
289 1538
1188 1388
293 425
375 799
592 1260
608 1994
78 368
442 1182
1636 1689
73 469
1182 1862
475 1409
87 1155
1799 1979
800 1135
182 1941
141 1618
659 1737
290 1937
1238 1749
1122 1878
13 831
0 1212
20 1115
90 297
1059 1764
958 1249
303 787
1603 1877
1381 1636
1202 1323
711 1501
1094 1147
213 740
370 489
1120 1253
61 183
938 984
608 1786
290 1945
281 614
325 1044
608 1652
425 1645
132 499
447 1195
353 1130
1524 1642
1096 1714
116 238
141 1140
1522 1860
1558 1739
986 1636
57 692
339 1218
0 1537
84 439
764 938
948 1749
359 1998
800 884
1044 1827
645 1406
59 1260
141 246
226 698
616 1323
1290 1484
254 1440
424 723
1086 1609
95 267
586 938
339 542
744 1440
109 522
705 1878
371 1975
182 1253
225 1249
290 650
290 522
351 1558
150 471
1440 1713
546 739
698 1489
374 1935
229 1371
424 1333
704 1859
800 1886
335 1257
225 1649
788 1325
608 1334
1034 1152
228 1837
751 1584
184 1159
566 1720
1526 1749
627 1770
371 794
93 1559
24 192
336 1409
230 1161
159 911
566 1673
13 1946
424 1792
880 1860
788 1321
182 1894
74 566
944 1915
116 1633
153 1214
13 63
538 1771
1609 1960
900 1353
1493 1709
287 554
337 787
403 1259
675 788
116 1158
836 840
182 1856
323 1601
1213 1933
441 888
542 1013
170 207
132 1434
609 1506
298 1765
0 481
370 891
731 1094
1531 1806
1501 1787
193 447
1260 1534
1208 1771
566 1535
93 1279
85 608
192 1837
144 512
836 1017
763 1056
1240 1319
600 1213
542 1951
913 1837
370 1272
105 424
1718 1749
787 1254
849 1440
189 422
1389 1573
139 447
627 690
32 787
1533 1581
757 1771
670 927
749 1440
542 843
1214 1571
267 1343
438 1749
776 1324
608 1302
346 1771
529 620
677 1722
1115 1654
566 1543
1132 1887
84 1193
1426 1943
1612 1911
184 836
368 1420
1213 1277
950 1744
422 1309
425 478
1045 1703
1837 1968
766 1371
219 739
267 1667
1860 1997
553 1958
702 1524
765 1988
627 1188
627 1680
116 1751
566 1073
422 596
199 1752
93 695
335 1483
131 732
199 1433
297 1948
753 1786
1249 1906
1008 1722
1700 1786
1034 1596
1370 1722
1494 1558
200 1115
739 845
99 696
649 1733
356 1933
1005 1809
685 1094
917 1260
712 1466
1107 1703
482 818
608 1012
1776 1843
1121 1718
1339 1786
522 1648
375 434
1658 1786
732 1210
456 787
194 335
1501 1587
906 1531
482 1702
267 1795
512 1620
750 1294
445 1487
323 699
1056 1289
726 1193
367 1351
516 657
170 909
946 1859
141 409
555 1933
1115 1199
335 1063
995 1786
453 482
739 1354
577 1213
290 940
129 780
503 1531
746 1988
801 1844
1911 1988
1335 1558
447 684
1409 1714
286 788
665 732
217 627
1069 1540
608 1579
213 404
376 1531
472 1044
989 1409
1374 1644
1044 1206
1436 1584
202 447
754 1024
627 838
605 1749
285 422
1324 1346
368 1831
132 969
1180 1188
1414 1837
141 1531
725 1603
1320 1771
419 789
387 787
214 297
7 1034
1228 1253
402 1130
297 1502
759 854
855 1910
788 1988
516 1468
174 645
371 1636
4 1837
1210 1802
333 698
225 856
297 299
84 1874
1022 1636
589 1826
560 1253
739 1788
1093 1214
1505 1565
1214 1745
11 732
787 930
1229 1323
512 643
531 1323
1380 1859
999 1193
50 1324
182 910
1141 1193
1196 1323
393 608
1805 1859
796 1990
522 1078
166 1531
114 698
867 1524
1297 1524
566 1524
139 721
795 1536
40 375
61 287
417 845
335 660
327 1911
65 1910
719 1982
1110 1472
1188 1759
1584 1725
267 1832
807 1703
224 424
649 1385
627 1775
141 494
1110 1698
676 1371
1115 1501
536 899
349 1034
550 1024
1060 1114
1011 1747
757 1560
1503 1584
267 992
1130 1860
1837 1977
532 789
116 988
1193 1263
184 239
1734 1910
1640 1722
1291 1832
323 1609
93 1584
788 1703
767 1859
61 1396
225 1172
