300
59 259
72 136
138 231
87 126
128 148
70 189
199 284
100 118
125 185
190 278
92 99
129 267
241 270
139 160
89 189
234 236
23 84
100 212
110 186
27 198
258 277
45 164
172 299
10 286
48 135
92 255
125 227
49 263
39 141
29 130
95 298
5 296
211 250
76 223
98 189
183 202
132 137
54 157
112 291
210 245
45 75
131 152
14 108
61 66
232 244
42 103
126 266
10 256
74 119
161 173
122 294
51 153
98 235
224 290
100 167
112 141
91 171
147 237
30 65
261 269
218 274
73 102
43 216
17 218
26 260
103 273
14 146
105 240
4 178
88 202
281 282
22 106
29 180
159 259
195 208
143 260
209 267
70 262
51 215
79 250
249 261
158 196
33 103
151 263
219 270
140 215
222 245
160 232
56 278
2 78
110 178
121 291
53 290
37 238
41 284
11 47
68 99
78 286
228 251
19 89
14 151
32 73
91 133
61 150
227 288
93 107
113 126
140 262
35 175
116 213
102 269
106 288
121 147
141 265
18 200
274 284
11 268
6 285
179 273
34 204
32 176
98 226
86 138
6 50
244 295
15 40
201 293
36 197
97 191
80 244
35 62
30 115
81 163
168 243
29 249
266 293
275 296
253 256
83 165
11 280
65 163
40 52
99 195
112 278
72 157
116 276
28 194
212 221
43 264
267 275
96 148
35 77
51 256
109 152
53 214
90 195
40 281
22 170
223 289
63 163
34 69
232 285
12 272
247 263
122 257
84 203
147 220
5 166
72 128
25 78
37 254
65 123
68 77
18 21
27 73
84 121
68 292
7 144
32 207
71 95
111 229
242 259
58 253
85 169
8 260
162 179
165 172
91 145
166 288
243 246
157 230
8 152
93 297
36 58
82 215
191 233
110 119
159 173
58 169
156 165
142 223
217 258
45 287
48 77
86 243
132 257
88 111
64 272
252 277
34 124
236 275
38 89
123 213
79 221
82 188
148 291
86 128
158 184
155 173
13 136
24 218
53 123
0 204
93 289
36 177
114 239
289 299
96 188
153 299
212 248
217 257
153 282
268 296
7 172
150 285
186 262
272 287
261 266
16 30
134 236
105 283
70 151
92 149
61 279
102 171
48 104
5 276
0 88
136 225
159 253
178 271
18 249
44 251
20 227
50 287
239 286
43 171
117 179
205 214
27 192
8 186
60 277
245 258
213 221
10 193
191 193
127 160
31 248
188 276
9 214
22 120
94 248
193 270
57 290
111 154
67 239
182 293
116 269
1 7
106 158
55 119
37 79
3 169
140 292
50 274
46 132
187 202
194 281
217 292
6 96
204 251
101 138
181 250
122 174
194 206
0 166
105 150
273 282
95 268
