300
83 89
145 259
133 149
255 277
203 269
226 241
102 262
83 183
149 191
83 285
70 160
248 262
36 277
259 263
139 200
104 228
146 226
99 228
183 218
97 228
16 40
30 218
123 149
214 277
122 262
131 139
269 290
149 229
9 40
183 259
160 183
54 286
62 83
125 269
37 83
28 136
149 242
38 160
110 259
95 259
96 142
28 82
96 107
168 226
40 43
262 268
61 226
160 162
51 218
216 262
83 209
83 215
96 161
77 259
116 149
160 185
140 160
59 121
28 224
79 226
192 277
41 96
183 228
28 39
143 218
83 128
17 218
28 75
74 149
160 164
48 218
121 180
83 151
155 226
150 218
139 153
183 269
148 160
262 280
55 121
258 286
246 269
28 49
69 96
40 175
121 190
286 292
139 183
233 269
139 257
103 149
96 186
29 160
220 269
139 275
24 218
26 228
19 83
236 269
40 183
259 297
112 149
113 262
4 228
98 251
27 262
101 218
96 271
228 282
28 173
247 259
204 218
195 228
96 183
147 277
149 296
121 244
139 221
47 277
1 139
222 277
7 149
73 96
139 207
139 171
40 182
121 169
160 249
96 135
28 237
98 206
149 295
239 277
98 199
98 183
58 83
93 160
184 277
28 219
40 159
33 98
212 218
40 217
160 193
262 264
40 208
44 218
25 286
40 129
139 189
228 289
172 277
119 277
87 160
226 238
40 198
231 259
5 286
188 269
98 210
64 160
40 245
46 83
28 71
96 279
34 277
105 149
6 121
92 160
163 228
259 260
28 230
234 259
166 277
28 181
11 226
127 228
98 174
81 277
15 228
194 269
21 149
66 269
223 226
225 228
250 259
156 218
96 111
90 98
226 278
98 158
187 262
121 177
53 139
3 286
12 149
0 218
98 170
28 183
40 52
183 286
178 269
98 154
8 226
85 139
121 205
144 262
40 72
232 269
218 298
157 286
139 288
98 293
109 139
121 276
126 259
45 226
56 262
98 283
40 88
149 183
252 259
108 286
67 228
115 160
65 139
274 286
28 118
83 270
68 121
183 262
63 269
100 226
132 269
86 218
121 183
83 201
83 94
78 277
96 197
160 265
32 98
83 213
23 96
10 149
138 226
80 121
183 277
98 179
196 218
121 202
2 40
254 259
83 291
121 211
13 98
228 253
228 287
240 259
120 149
139 176
96 267
28 57
121 235
96 141
20 269
259 284
84 262
28 31
28 165
98 130
76 286
117 121
218 261
227 262
40 243
269 299
60 259
114 139
183 226
40 50
256 262
18 28
106 262
14 96
96 272
160 266
228 294
22 277
134 262
91 228
124 269
35 226
137 226
83 152
121 167
273 277
42 98
226 281
