2000
150 643
607 1264
914 1857
454 482
1110 1950
904 1383
740 1370
1029 1335
1678 1946
1469 1912
678 800
1239 1506
1065 1257
1011 1396
782 1416
711 1370
320 1167
1624 1847
1743 1804
783 1031
339 860
1630 1747
1233 1684
34 1285
105 1073
614 982
256 657
906 1408
247 657
1566 1950
34 648
439 1179
1179 1812
244 1656
229 1892
667 982
223 1892
34 1939
620 939
1804 1991
500 568
969 1910
939 1041
939 974
61 678
494 1134
67 306
559 1179
248 1697
1393 1884
607 1543
107 481
1749 1851
18 85
273 568
1257 1847
177 508
301 920
1488 1910
811 1387
64 216
262 1241
933 1888
69 1876
1514 1888
568 1438
335 1281
1142 1176
27 1440
1280 1945
1316 1382
628 1370
85 1692
122 811
283 301
1328 1656
1611 1804
223 488
959 1506
136 1563
586 1578
837 1352
1011 1594
178 678
420 683
1287 1911
198 1651
1071 1456
1349 1897
107 516
198 1006
474 1751
292 1181
20 1011
1312 1590
939 1354
341 935
508 1688
1102 1656
1598 1624
121 601
111 384
1097 1403
478 1366
27 1631
552 1313
292 1496
206 722
41 1813
1161 1986
196 722
67 682
602 978
446 1298
196 607
899 1449
1329 1578
16 262
496 1257
1231 1578
994 1511
1782 1994
85 195
531 1946
51 1093
874 878
67 1816
538 1842
1097 1612
1073 1322
41 1395
388 1950
136 869
791 1298
1149 1888
805 1161
281 821
137 270
94 1443
27 1019
1298 1457
107 830
1011 1048
51 1584
1079 1897
74 482
688 1257
1153 1911
771 1082
1036 1435
237 1036
1262 1494
1518 1684
190 1945
935 1243
305 1062
647 1294
131 678
111 221
1668 1842
713 1227
198 1172
208 301
67 196
108 1469
209 1732
868 1071
643 799
968 1161
1156 1449
678 701
495 1842
941 1212
362 1467
307 601
657 1874
262 1552
924 1863
262 846
498 556
982 1570
420 1338
643 1451
1382 1998
730 1382
643 948
137 1701
72 534
301 745
741 1950
111 429
1054 1088
216 751
982 1405
534 1787
125 1945
732 1897
292 966
646 1751
617 1383
330 1604
881 1842
488 589
1383 1729
1294 1643
934 991
67 1424
298 1656
15 860
41 1197
1656 1839
67 1017
1036 1971
136 1148
1096 1449
1134 1847
66 281
41 1882
831 1134
335 683
1050 1946
175 1382
34 434
417 575
301 355
6 906
301 828
1370 1886
262 1275
924 1564
782 1943
643 1172
1064 1506
1134 1448
335 848
248 1586
119 301
782 1790
1073 1958
242 556
556 1914
279 1911
1428 1684
335 1183
782 1740
314 1950
690 1804
892 1352
1469 1524
41 1458
35 209
137 610
482 1621
301 1135
1683 1749
860 1795
179 1382
504 1011
34 705
112 878
783 1576
392 1751
1247 1266
601 793
151 782
1198 1370
534 1028
1635 1680
942 1383
1471 1578
713 1603
851 1506
717 1684
625 1382
10 994
534 683
323 1382
982 1005
713 1682
780 1994
370 1876
1132 1160
1073 1476
1158 1911
1604 1639
585 1449
67 1277
182 607
348 747
209 246
545 934
643 1004
1179 1192
1062 1151
507 675
1694 1876
643 1267
268 301
241 860
204 1950
212 783
380 1624
875 1262
906 1840
41 99
1033 1134
462 643
1319 1590
1011 1162
1142 1975
420 1188
325 1088
1214 1352
939 1847
152 643
994 1948
324 728
692 1656
228 747
508 835
728 1797
469 678
1142 1690
545 1036
982 1533
417 1597
1892 1962
1365 1366
941 1642
782 873
335 1131
1160 1596
910 1747
1602 1604
1778 1910
1835 1897
488 833
1088 1373
747 1452
654 1366
426 1656
1741 1946
23 1970
607 1420
301 1091
1335 1990
914 1725
1294 1748
715 1635
180 1388
468 1011
1751 1786
292 1704
136 258
84 994
281 519
626 906
159 508
508 517
849 1062
196 1383
95 978
635 1804
368 1167
1128 1449
1071 1734
422 556
197 1624
1294 1763
321 941
975 1945
34 1024
1474 1869
859 1062
452 1897
765 1161
678 1260
924 1527
1088 1864
281 836
552 889
249 1590
286 556
263 1082
230 1888
207 1071
941 1806
281 1847
233 1469
262 1446
1011 1521
534 908
36 1804
451 675
1073 1880
811 1719
362 505
0 678
166 1073
663 1247
601 1526
1499 1945
1619 1892
142 1161
603 1747
1873 1946
455 1604
1172 1366
566 1247
209 1755
552 1542
438 556
1036 1145
885 982
209 1508
1071 1657
336 924
914 1574
607 1325
939 1185
107 1089
545 1604
1071 1559
180 932
1335 1616
13 860
1382 1772
725 1082
1380 1945
44 1469
703 1888
655 713
276 1842
785 1062
1866 1911
675 1972
111 1182
226 1383
75 811
541 1978
671 1876
198 1497
1097 1172
1134 1254
981 982
728 1323
372 1590
641 1842
257 713
723 728
421 552
939 1818
180 1152
1253 1382
878 1730
940 1884
443 1011
1062 1728
1097 1966
445 678
1484 1656
137 1716
406 1749
1039 1751
51 373
202 1994
714 1294
223 1994
823 1749
967 1443
248 1976
315 1335
303 1604
136 1677
342 488
662 1970
532 1294
545 1578
1336 1946
281 1498
1558 1945
657 1832
935 1608
1538 1747
420 895
1071 1770
728 1356
994 1535
595 1449
1250 1888
1167 1190
1837 1945
651 1088
675 1890
772 1590
792 924
1780 1804
556 829
34 802
262 1069
180 1944
1567 1946
27 509
417 1018
556 1268
728 1307
277 1449
1107 1167
1142 1377
172 1804
1656 1775
1370 1627
170 747
1167 1893
1681 1876
1689 1888
216 683
636 1892
450 1945
941 1095
935 1133
1062 1879
535 1946
281 1174
630 1884
349 1751
482 1666
1751 1937
360 1474
728 1573
607 1137
782 1895
608 1257
253 1751
34 515
1288 1859
189 939
482 1640
362 683
1727 1859
534 1444
299 1747
285 1684
742 1978
1412 1950
1581 1970
508 1735
1172 1179
51 1413
301 1150
1537 1590
626 1946
1036 1357
1160 1610
402 747
545 1294
739 914
1489 1910
941 1715
141 994
642 1994
1366 1406
684 713
38 556
1298 1828
1765 1892
1722 1994
1011 1856
643 1101
1097 1708
425 482
420 1927
420 993
296 534
783 1544
490 1604
196 248
459 782
1443 1625
555 1352
514 1876
1082 1634
67 806
1749 1883
1170 1656
657 1878
168 1011
906 1756
376 1247
1495 1978
906 1988
675 1432
1219 1262
181 713
265 417
386 982
301 677
753 1578
309 1088
85 1430
196 1298
362 1718
607 734
683 783
262 1501
27 1468
1820 1897
1172 1970
1238 1684
856 1635
311 1011
1474 1985
1121 1370
420 588
783 1577
118 675
331 1071
1047 1604
1257 1493
978 1311
1649 1842
40 728
1143 1167
978 1310
362 1256
365 1088
727 1950
775 1911
180 1628
488 1124
583 713
1294 1819
338 906
978 1057
879 1082
107 196
528 860
939 1070
852 1298
466 1247
292 1848
678 1980
269 1474
533 1888
1384 1635
130 1751
1506 1891
569 1950
215 420
59 262
978 1282
962 1590
85 389
1427 1994
722 1713
448 1352
978 1831
1097 1404
461 601
335 1769
568 737
601 1554
794 1073
343 1097
413 1978
272 568
941 1261
21 1071
657 1781
503 1946
375 1994
346 1684
289 1011
41 1622
412 1449
49 1910
1298 1679
76 362
906 1757
216 665
552 1136
598 1946
921 1749
568 1200
941 1376
683 1749
398 1684
1386 1859
34 1959
51 1433
878 1609
678 1571
1469 1605
111 1400
604 1624
1443 1606
1410 1842
1578 1941
120 1859
783 1306
145 1134
223 935
136 1125
292 1309
568 1663
782 1411
57 906
1366 1529
906 989
488 1932
678 1500
417 916
158 1910
878 1934
1747 1899
631 713
1443 1724
1503 1945
433 878
760 1082
643 1833
418 1888
475 860
1347 1946
271 1749
1784 1910
722 1938
1366 1907
262 594
934 983
1049 1298
198 549
629 728
914 1271
1038 1298
482 1997
626 1910
107 1014
672 1036
601 1742
842 1335
180 890
51 809
135 198
308 1804
656 1749
192 1945
511 924
420 1754
136 1887
726 935
371 1888
1142 1551
85 442
11 1911
34 752
404 1073
1443 1481
1751 1926
972 1469
1172 1847
281 1935
1160 1992
683 811
1698 1747
1892 1909
573 678
712 1298
350 1749
1062 1276
335 1273
1366 1588
568 1417
816 1911
85 1340
592 1469
196 994
1002 1082
107 847
27 1120
1699 1897
116 1335
216 1027
73 281
292 676
978 1177
67 866
470 782
626 1888
140 1160
301 1232
487 1443
584 1888
362 1463
613 1897
103 1071
58 508
609 1506
661 878
747 1965
397 1366
67 1293
287 1578
754 914
126 1036
934 1339
340 1945
924 1173
903 1161
673 1161
290 1352
746 1247
87 1469
568 1168
1062 1194
939 1111
767 978
85 1375
209 231
154 1474
107 997
953 982
424 1474
180 1658
938 1036
245 675
274 1382
41 626
769 934
358 534
552 572
137 652
958 1624
1129 1892
137 1850
1067 1247
267 878
1099 1352
1327 1950
929 1994
776 1859
552 912
1240 1749
722 1528
960 1335
624 1590
165 1073
97 216
756 1179
626 982
27 312
822 1892
291 1167
437 1804
935 1414
935 1337
441 914
811 1105
310 1506
90 198
51 551
1590 1675
680 934
48 1449
626 1847
51 223
1589 1876
390 1382
417 1930
167 1257
906 1477
78 941
998 1298
1262 1330
529 1179
65 1088
1469 1875
67 129
399 552
637 1859
808 1352
107 1230
556 1894
313 678
686 1257
1317 1804
344 482
600 1167
722 1534
34 779
1106 1892
747 1345
238 906
1 924
1383 1767
1235 1624
626 1751
1223 1892
556 1838
1055 1747
570 811
552 1353
162 1656
978 1618
1262 1901
681 1474
884 1443
292 1847
534 1523
292 1378
137 1206
545 552
302 1888
946 1950
147 198
499 1179
137 188
1747 1796
773 811
50 508
1160 1593
950 1970
79 1590
2 722
653 722
545 1747
1179 1390
1590 1629
1739 1978
1320 1747
335 1774
415 941
420 561
863 1073
633 982
281 539
748 1469
683 1335
180 391
39 607
666 1294
222 939
213 301
545 1945
878 987
482 708
724 1624
970 1294
185 601
196 1884
564 1624
815 1298
1561 1945
777 1910
22 107
220 1469
1167 1555
811 1421
1398 1635
60 137
1270 1876
1550 1859
51 536
183 1352
1911 1974
657 819
1225 1884
472 1910
417 1172
488 1480
51 1114
834 1161
1172 1684
33 1383
939 1674
136 626
53 1970
626 1859
506 1749
41 1244
1549 1751
1160 1686
1246 1970
1483 1911
1159 1994
395 1097
110 657
683 1897
292 1963
32 1262
89 420
67 1801
678 1076
77 1506
553 1751
93 722
1614 1978
217 1449
986 1134
530 1062
46 1370
914 1422
488 1662
275 607
1294 1441
683 1352
293 1082
1661 1892
720 783
534 1870
196 482
316 1366
886 1624
479 1859
643 1871
728 893
1071 1995
1370 1485
416 1884
996 1247
248 1318
107 1245
978 1224
1898 1946
211 1578
133 482
841 1352
113 1082
335 1599
1008 1366
34 1652
30 85
1073 1672
417 1582
180 931
476 643
1284 1624
292 896
913 941
941 1877
144 601
85 408
1402 1443
1134 1201
107 300
1842 1904
1082 1431
262 1009
1172 1876
1171 1978
417 764
417 1669
351 1946
867 1469
678 901
675 1532
545 1979
137 1645
994 1332
1578 1889
855 1161
149 924
1193 1876
905 934
626 713
722 1723
565 1684
1092 1443
626 1011
248 1896
216 554
417 1829
143 1859
51 900
1449 1933
826 1578
911 1474
552 597
248 1961
209 1228
622 675
1167 1169
838 1751
136 1324
728 1486
1372 1897
136 762
187 1294
1749 1922
576 1635
91 1088
480 1970
698 934
67 990
1530 1897
7 1635
223 1506
410 1097
137 1473
1167 1426
420 581
67 1799
567 935
128 1097
1046 1884
362 979
219 934
782 1080
534 803
362 1084
545 1073
67 1374
675 1847
180 1545
545 1160
1088 1172
51 1205
156 1443
335 1746
1685 1911
173 362
68 982
41 919
223 1062
906 923
1684 1902
200 1352
508 593
435 1262
1134 1560
199 643
545 1656
973 1970
810 1970
537 1888
513 675
759 1506
552 1425
965 1474
811 963
353 1970
788 1474
1030 1073
488 749
1383 1762
1082 1504
679 1443
935 1505
1292 1635
657 999
1647 1684
1032 1474
227 1590
42 1062
1160 1655
284 1946
865 1294
1892 1952
1620 1970
209 1548
1215 1946
209 252
1469 1847
107 484
356 482
1355 1910
774 1842
362 526
1161 1706
645 657
757 1950
812 914
697 1160
210 878
1103 1142
696 1911
1161 1601
366 1910
545 1289
534 1450
456 1443
1172 1842
186 607
763 934
782 1671
111 700
364 1366
201 1073
488 1075
1040 1294
248 883
295 1994
657 880
935 1646
978 1591
978 1673
670 1911
209 378
982 1130
301 894
216 1010
319 1167
85 1925
713 1712
1383 1392
906 1667
878 1847
941 1139
747 1191
627 1842
419 1635
1051 1262
161 1684
601 1434
1062 1632
947 1910
626 1911
216 1777
137 1465
552 1885
51 117
540 1897
534 1515
27 440
357 1884
180 1641
51 1825
860 1834
1073 1350
578 657
239 1160
482 640
1361 1506
510 607
27 1956
1179 1607
902 1590
88 1945
1226 1257
107 1272
782 1984
216 489
488 1750
194 1751
111 1175
1015 1884
1060 1298
1083 1604
43 482
318 1262
101 1888
783 1709
1161 1676
1359 1604
111 1809
657 1216
814 978
337 675
180 1737
198 574
292 385
728 1442
707 1247
483 1071
1302 1635
417 807
223 1247
783 1794
1218 1994
1590 1987
675 1691
674 1382
26 1335
486 568
1112 1179
234 1604
1088 1203
1140 1656
3 675
994 1207
1443 1764
223 1847
1068 1383
994 1867
820 1352
1011 1711
1569 1859
37 534
683 860
1142 1369
562 811
198 1460
601 961
25 1624
292 1568
508 545
196 924
1016 1656
941 1085
1234 1635
722 1196
818 1897
508 1670
417 766
1082 1237
1370 1687
599 1994
545 1847
417 1665
1653 1950
1013 1179
1097 1821
248 1940
136 164
1257 1923
362 465
722 927
935 1539
107 218
1000 1335
1259 1804
1262 1472
449 1134
1684 1953
24 248
1383 1447
607 1969
137 1213
728 736
1144 1910
728 1479
34 1172
1097 1407
333 1142
86 941
41 394
994 1502
1088 1510
939 1615
417 758
1034 1335
1012 1071
471 534
1587 1804
668 1097
111 1862
1082 1798
747 1789
55 198
334 1167
878 1475
949 1884
414 939
250 1382
111 1172
860 1394
1635 1721
713 1423
327 1142
596 1294
935 1810
288 1142
34 1752
1167 1341
618 1884
196 782
853 1449
1298 1726
1189 1578
914 1066
255 994
262 1109
1022 1352
136 1957
45 1160
1333 1859
508 1964
136 709
492 1134
501 924
482 1304
1199 1946
783 1286
527 1842
918 1088
488 693
67 235
926 1082
1157 1247
862 1590
1474 1849
1142 1758
420 1960
568 877
174 1994
556 1419
713 1633
111 377
262 743
878 1779
738 1167
944 1506
223 678
216 1117
278 1160
1118 1892
193 1910
860 1209
781 1247
782 988
209 825
251 301
939 1733
934 1637
548 657
1298 1638
453 1751
924 984
941 985
407 1257
1098 1335
420 1043
136 956
209 626
1557 1804
1326 1370
1062 1180
223 556
1382 1466
1247 1437
1695 1876
747 1025
262 1977
1636 1656
80 1911
922 1298
601 1836
127 978
687 1167
1011 1855
924 1808
281 1147
1590 1761
1684 1993
423 1262
223 1161
104 1604
67 936
534 854
41 1556
657 694
82 1945
1257 1368
568 1409
1346 1370
328 508
292 770
335 1166
1257 1343
1352 1462
31 934
783 1648
1595 1950
722 1202
523 1036
420 1210
750 934
545 1167
857 1134
34 432
92 1859
840 1382
216 1791
294 906
111 804
643 1439
27 427
787 1294
362 1865
216 843
1036 1947
157 728
56 1262
669 906
722 1575
281 817
607 1308
420 1007
552 1263
473 1897
431 1911
209 685
1062 1830
106 1804
8 1160
420 582
860 1664
51 184
1366 1967
176 1262
335 1178
1295 1804
292 943
1071 1847
477 534
292 1513
845 1888
731 934
733 994
1747 1841
111 1583
977 1978
1824 1950
935 955
591 607
606 1294
134 262
109 262
444 934
367 1382
362 1920
1364 1950
735 783
1578 1696
1100 1262
85 778
1469 1906
136 1090
430 1474
934 1315
1279 1842
534 1464
137 891
223 262
1179 1278
1335 1546
85 1562
248 326
1290 1604
67 1045
1113 1474
1342 1469
27 332
643 1258
417 428
1186 1383
1383 1512
379 906
1635 1900
660 675
458 1160
403 1036
1644 1884
1020 1506
915 939
683 1142
544 657
254 1257
153 607
790 1383
811 1793
683 1590
1122 1911
301 1172
638 1036
860 980
155 713
5 1335
488 797
1082 1086
54 248
1126 1247
683 1474
1036 1242
41 1303
1248 1892
691 1751
542 747
1443 1613
223 1804
4 1624
196 1847
601 626
85 1592
547 1247
1257 1860
12 248
1745 1876
85 1108
1352 1919
114 1071
1749 1858
52 568
795 1262
1454 1859
1370 1817
216 502
1506 1516
729 934
675 1918
850 939
1062 1915
978 1172
982 1826
878 971
107 1525
1247 1363
907 1335
924 1814
136 976
924 995
1449 1846
232 1262
363 914
27 1291
216 359
520 811
180 545
374 556
747 1847
1351 1749
546 1366
813 914
1449 1800
556 1744
216 543
107 1540
683 1847
650 1635
382 1335
587 1994
557 747
623 782
488 1509
699 1179
568 1119
1088 1844
909 994
876 1097
568 1928
675 1348
361 1352
1474 1845
634 1506
728 786
1073 1600
362 1531
1257 1321
522 601
994 1924
205 722
1314 1876
1776 1859
137 1087
1449 1522
123 607
71 1298
85 1565
887 1382
1062 1788
180 1702
811 1705
1134 1204
789 1970
747 839
191 1884
460 1179
1897 1999
1011 1868
248 1358
982 1731
1617 1859
260 1142
1804 1955
914 1714
1747 1768
607 695
878 1035
198 393
100 568
1578 1822
223 914
282 914
111 354
47 335
1097 1459
1072 1134
1071 1989
63 1945
96 1747
81 248
248 1520
1470 1892
1146 1888
1903 1994
27 1541
1553 1656
335 1519
601 1490
497 1142
1172 1370
964 1142
870 1352
1179 1367
1366 1536
580 1684
798 1897
1305 1370
248 615
945 1370
1859 1954
1578 1917
1160 1547
83 1071
1163 1383
139 1179
508 1949
556 1154
248 1827
411 1747
335 1155
744 935
552 1951
198 1274
488 1579
552 621
747 1220
558 783
639 1469
488 1843
1749 1766
878 1296
1703 1876
1301 1888
1257 1815
27 1003
784 1247
111 1921
1088 1461
1585 1884
860 1996
180 882
577 1062
132 1994
1269 1624
34 304
62 1134
508 1252
626 657
954 1161
401 482
292 381
1443 1707
335 1044
209 716
1179 1803
1379 1635
347 994
1165 1876
1161 1491
1059 1970
280 1097
180 409
937 1469
352 1751
858 1011
70 301
1624 1807
878 1773
51 102
124 552
1257 1929
1635 1823
196 941
601 1251
9 811
1360 1474
281 1042
713 1164
1061 1161
860 1507
1088 1517
616 747
782 1063
1283 1897
467 878
545 1978
872 994
675 1115
550 552
612 782
643 1436
236 643
297 508
728 1908
209 1221
329 1978
556 928
491 860
27 1916
644 1747
223 568
601 957
146 1161
1684 1785
136 930
383 914
721 1970
1876 1905
29 1160
861 924
1021 1134
405 417
225 1578
952 1604
1036 1300
362 844
138 1298
163 1294
906 1037
180 718
335 832
27 1792
683 728
488 1418
464 783
115 1747
1415 1842
214 292
713 1344
1366 1391
85 525
1443 1720
508 1717
19 935
136 664
436 1578
801 1247
1371 1747
914 1783
137 196
281 1074
579 1842
1073 1081
34 148
1624 1805
611 1910
1366 1753
387 1036
216 1385
488 1659
524 1370
281 1399
917 1161
203 1506
1429 1994
281 1931
85 196
266 1624
556 1397
657 689
482 1453
755 935
1023 1142
1167 1654
259 1604
198 243
41 563
710 713
860 1052
1123 1449
722 1982
261 1073
1604 1854
335 396
702 860
420 925
1071 1626
1104 1970
264 1383
626 1449
41 1710
1872 1892
362 1381
560 1366
493 1474
111 1802
678 1094
51 1623
1265 1978
216 1195
223 1382
198 1389
28 1884
196 1443
888 934
935 1580
485 1950
41 1981
51 761
41 1492
768 811
719 1134
463 1449
1127 1945
704 924
521 1506
98 1624
783 796
1255 1370
137 1401
1097 1222
1506 1881
1482 1842
457 1604
400 811
27 626
322 914
262 1053
14 1911
1604 1852
1236 1910
1172 1950
196 1262
41 1759
1335 1455
169 747
198 1738
706 1876
683 1635
1884 1936
508 1942
512 568
1082 1299
281 1078
17 34
1771 1859
198 1736
281 1331
1487 1842
223 1082
362 447
1142 1572
317 978
982 1229
111 224
994 1983
111 1660
1160 1913
417 871
1138 1335
590 1876
783 1297
747 1650
171 198
345 722
939 1478
783 1058
1088 1700
713 898
1578 1861
1445 1884
619 1910
1116 1656
978 1811
1036 1760
1897 1973
632 982
1217 1749
240 1142
1383 1968
209 658
1056 1970
180 1001
1036 1211
601 897
605 1635
107 369
824 1656
941 1853
659 1082
827 1262
482 1184
951 1970
811 1026
209 1208
1187 1946
1334 1884
571 924
1362 1684
992 1749
722 1693
160 1590
137 518
209 864
1088 1141
1249 1892
1077 1097
27 649
