2000
1512 1523
1428 1438
727 729
1196 1200
1486 1490
1820 1836
1151 1156
252 267
1196 1212
608 622
461 470
587 589
1250 1258
117 123
1525 1534
1445 1455
1644 1659
412 414
351 363
1605 1611
782 786
798 802
1021 1033
1250 1259
1250 1255
1122 1136
333 347
252 254
1918 1931
391 398
1411 1427
1 17
1543 1547
1078 1082
1428 1445
1898 1914
692 698
1566 1578
1543 1546
1740 1756
234 247
528 542
782 803
0 8
472 490
1000 1011
925 938
566 580
671 684
430 440
1196 1206
1230 1236
1230 1233
982 985
1428 1437
1196 1210
1009 1018
944 958
1918 1921
782 795
631 632
608 609
861 876
1175 1179
215 223
1486 1487
508 521
1605 1613
1505 1506
925 935
884 893
490 497
1780 1787
1585 1594
1428 1435
1391 1402
1486 1492
1760 1780
709 716
1802 1808
1213 1225
138 151
1139 1147
1161 1174
451 456
904 911
215 224
1230 1237
1860 1870
1918 1937
1802 1810
1566 1577
608 631
1139 1153
631 651
1348 1355
1486 1496
1975 1977
547 554
671 674
1685 1688
1566 1571
1543 1552
1270 1279
1703 1712
1605 1620
1665 1678
370 373
1411 1414
1739 1742
745 751
566 569
925 927
1083 1095
1644 1658
1348 1349
528 535
1703 1715
1820 1830
1139 1148
944 949
1369 1372
333 348
1820 1838
709 720
1878 1894
547 561
1739 1754
40 49
117 124
651 656
78 89
528 540
1230 1245
451 467
1369 1377
1021 1031
1952 1955
40 43
1842 1855
884 890
727 730
117 119
98 114
1369 1373
803 808
1445 1446
272 285
1720 1725
944 959
227 232
709 711
764 779
1468 1469
884 897
1382 1389
215 230
1458 1465
60 63
631 634
1780 1788
745 749
547 555
1064 1079
291 304
412 420
528 534
904 917
587 598
1175 1189
1369 1384
1898 1904
1665 1668
472 486
370 372
1428 1443
1665 1669
782 794
1372 1386
1157 1170
1083 1089
1348 1361
1644 1665
1083 1086
451 452
1411 1419
1230 1244
1838 1846
1064 1073
78 84
1685 1687
1139 1144
20 35
1411 1413
401 410
177 192
724 726
1652 1663
1310 1319
1543 1566
925 929
745 760
1860 1875
611 625
651 654
925 939
1613 1622
1044 1048
412 427
215 226
1369 1370
686 691
651 664
40 51
1486 1491
1665 1675
78 91
1044 1052
20 33
20 27
1468 1477
782 790
1102 1122
40 54
1937 1950
861 873
430 443
1270 1281
351 352
1605 1608
1250 1260
291 298
1310 1323
566 587
291 307
0 6
692 696
1780 1791
1937 1949
925 941
1377 1387
472 478
1760 1772
138 139
1122 1139
1543 1549
1122 1123
1525 1543
884 894
897 903
234 250
1566 1585
1064 1070
215 234
196 205
1741 1757
1760 1766
842 855
1486 1502
657 669
631 645
1788 1800
36 39
944 946
1685 1691
1196 1211
1044 1053
1543 1550
1329 1337
1000 1005
587 591
1196 1199
1585 1586
1505 1511
0 5
803 812
861 872
1102 1118
1626 1633
117 126
1175 1191
1975 1986
1525 1541
727 742
671 672
1468 1472
1918 1929
709 722
904 908
1644 1660
1975 1995
1760 1774
797 801
782 787
1213 1215
1064 1078
1605 1618
764 768
782 791
1468 1480
1391 1392
78 82
156 160
1175 1188
1157 1159
1956 1961
1445 1454
1318 1327
1918 1926
351 361
1064 1067
925 937
1445 1456
333 351
40 56
935 943
1615 1623
333 339
430 437
582 586
1329 1330
782 798
1794 1801
1044 1058
1644 1657
637 648
333 345
1139 1146
60 67
1021 1036
538 545
1348 1353
782 796
861 867
1411 1417
1780 1796
1838 1854
490 495
1585 1589
861 884
351 359
1780 1793
1605 1606
508 515
631 646
351 353
412 426
1252 1267
1357 1367
20 30
451 463
1369 1391
1369 1380
234 238
671 676
513 525
291 296
391 399
1760 1764
1989 1994
430 438
1122 1132
823 824
1703 1713
1703 1718
1348 1351
1000 1014
98 107
1665 1685
1000 1016
608 611
138 144
508 511
651 657
1878 1880
1445 1450
963 964
1787 1799
1937 1956
1428 1442
1329 1339
1995 1999
1026 1039
313 319
1175 1176
884 904
177 191
1329 1338
0 10
1428 1444
925 931
1820 1823
1310 1325
1445 1461
1083 1099
0 1
651 661
1505 1513
98 104
1083 1084
1289 1304
1802 1809
98 117
293 309
944 947
1196 1201
1956 1964
1310 1312
333 344
884 898
228 233
1196 1204
745 752
196 206
508 516
1064 1080
1975 1983
1543 1557
1157 1173
608 610
1369 1385
884 889
692 699
422 429
431 447
842 852
1139 1143
727 743
1566 1575
764 774
1270 1289
803 819
754 763
587 592
1820 1821
1213 1229
177 196
608 624
1838 1849
528 533
1428 1432
292 308
861 863
252 262
643 650
412 416
78 85
16 19
1102 1103
1054 1062
683 689
98 113
1918 1924
1083 1096
1064 1083
1956 1963
412 422
1739 1740
1354 1366
1474 1485
451 465
1951 1954
430 441
1411 1428
1820 1831
963 975
333 341
1626 1638
1030 1040
1898 1906
1329 1334
1760 1765
138 142
490 492
1411 1422
138 150
370 371
925 926
78 79
1505 1521
1739 1744
1860 1876
177 184
508 513
98 109
925 936
1665 1681
651 655
1468 1471
1348 1369
768 781
1644 1648
370 378
1665 1676
430 451
1820 1829
1021 1026
587 600
1348 1354
745 746
803 805
842 854
1270 1277
1838 1850
391 395
1445 1449
1391 1405
782 783
1083 1097
1044 1047
1956 1958
1348 1363
823 836
132 137
567 583
196 197
60 69
1878 1881
1085 1100
1445 1451
982 992
631 644
568 584
1937 1941
1044 1046
709 710
996 999
1918 1930
1391 1399
272 273
1428 1433
1566 1569
454 469
1122 1126
1543 1555
782 789
1361 1368
1196 1208
1820 1824
904 920
1802 1812
196 212
1384 1390
1937 1953
1605 1612
196 198
272 277
333 337
313 315
764 773
1898 1907
138 153
1685 1690
1230 1246
587 597
183 194
370 374
351 358
1250 1270
886 901
745 755
1975 1981
528 544
1270 1274
252 256
1196 1202
1428 1440
823 830
1820 1822
60 74
1428 1436
1802 1805
1802 1816
727 734
631 638
117 128
671 682
861 868
654 668
1139 1145
1547 1561
1566 1572
566 573
1000 1008
375 389
354 368
291 297
842 851
252 253
651 671
1348 1364
1230 1242
126 136
925 928
490 501
671 685
1329 1340
1685 1696
391 406
78 86
1918 1922
1888 1897
300 312
963 966
20 32
313 316
391 396
215 222
1157 1172
1898 1918
709 723
1956 1969
138 143
891 902
283 289
1820 1834
1918 1933
1720 1729
1760 1775
20 23
1626 1640
1820 1825
803 823
1428 1431
1585 1596
1820 1832
177 186
1860 1873
692 704
313 324
803 811
508 522
1270 1283
1157 1175
0 16
1428 1429
234 242
78 94
272 281
1021 1035
1270 1286
764 766
1139 1157
40 53
1348 1362
1838 1852
876 883
1122 1134
60 66
1411 1415
1605 1616
803 818
587 602
1914 1917
963 973
692 705
1685 1701
858 860
1739 1741
522 526
391 394
472 484
823 825
1270 1278
925 932
1175 1181
587 593
0 12
1468 1470
1913 1916
842 861
60 73
156 162
1956 1971
1461 1467
1021 1025
671 687
412 413
1585 1591
291 295
608 613
391 400
1781 1797
1898 1913
1270 1275
982 988
490 504
451 459
651 659
861 877
1585 1592
1230 1238
490 502
333 334
963 976
396 409
823 826
1289 1301
1878 1886
842 845
651 653
1411 1418
588 604
1956 1975
1605 1617
78 90
391 412
272 287
547 560
1391 1395
631 642
1780 1802
1585 1588
313 314
196 203
1703 1714
1369 1378
764 767
709 724
1445 1452
430 434
472 487
884 885
587 608
1780 1792
812 821
709 715
548 564
963 971
1310 1318
490 494
156 159
861 875
508 514
540 546
1585 1593
1866 1877
1626 1629
1289 1292
787 800
1044 1064
861 869
1525 1538
764 776
692 694
1860 1865
842 850
1956 1968
7 18
1802 1817
1937 1939
904 907
1391 1403
252 259
1802 1813
78 88
294 310
1122 1128
589 605
865 880
78 98
528 531
803 806
1543 1544
1650 1662
1486 1488
1665 1672
1468 1483
291 294
1553 1564
547 557
782 784
651 665
566 578
946 961
1428 1430
671 678
1838 1845
547 548
508 520
745 757
1196 1198
709 714
1083 1094
351 356
1685 1692
98 110
391 401
1175 1182
40 42
982 987
1566 1574
86 95
963 967
1904 1915
1056 1063
1505 1525
234 243
1703 1704
1618 1624
1975 1989
692 697
1000 1006
1566 1573
1180 1193
1559 1565
196 215
1844 1856
1329 1341
830 840
1626 1634
1937 1938
1369 1374
925 934
904 919
823 831
1525 1530
906 922
1411 1420
1445 1460
1566 1570
944 948
1760 1768
1720 1739
1766 1777
1310 1314
1102 1105
268 271
1739 1752
1878 1888
904 906
1703 1708
60 61
1329 1332
764 769
547 551
1566 1576
963 969
1703 1706
1391 1398
1230 1241
370 380
151 155
1956 1970
177 187
1937 1945
1310 1326
1720 1721
1008 1017
1245 1249
1378 1388
138 145
430 436
1044 1059
1213 1230
631 635
1329 1348
566 571
1250 1253
60 72
20 40
1175 1190
117 132
1270 1282
98 106
1548 1562
969 980
1122 1124
623 630
1348 1360
547 556
412 428
803 816
1964 1973
117 121
1000 1013
1289 1298
1525 1527
904 913
1937 1952
1139 1142
1157 1165
272 274
1665 1666
1175 1184
1975 1979
272 283
490 491
98 101
631 639
692 693
1283 1288
472 480
1525 1540
391 393
1486 1493
430 444
313 325
1044 1049
1696 1702
1122 1135
272 276
1566 1579
1975 1978
333 336
764 771
764 765
272 275
1860 1866
215 225
547 562
490 499
1329 1335
1037 1043
566 570
982 983
1898 1910
1655 1664
1369 1375
764 777
313 320
1802 1815
1585 1595
313 333
1685 1698
904 909
982 996
597 607
547 566
1780 1784
1015 1020
262 270
1780 1781
1644 1652
430 432
1405 1410
1720 1734
67 77
884 887
215 221
1290 1306
566 581
1213 1220
1881 1895
333 335
392 408
631 640
1369 1383
1838 1839
20 34
1918 1923
391 392
1411 1416
1585 1590
1213 1222
1187 1195
1644 1647
60 65
1270 1273
196 199
1184 1194
1573 1584
1021 1029
1266 1269
291 299
1310 1315
1445 1453
1685 1697
20 21
884 888
1626 1637
1213 1228
709 717
745 753
692 695
1044 1057
944 945
252 255
1102 1117
1102 1113
616 627
1975 1976
234 252
1543 1551
40 44
313 327
1601 1604
1525 1537
1956 1959
177 179
1369 1376
685 690
692 707
861 865
1230 1231
963 978
157 173
1175 1177
1289 1296
1739 1743
1918 1927
1102 1106
1486 1494
252 272
1310 1322
451 454
1838 1860
745 747
490 500
451 462
524 527
745 764
1289 1303
234 248
1114 1121
823 835
1304 1309
1536 1542
727 731
335 350
1122 1133
1739 1746
385 390
1157 1168
1720 1735
472 476
651 660
1545 1560
566 579
651 652
1045 1061
1139 1141
1348 1356
764 775
1139 1152
803 804
490 493
463 471
119 134
944 963
1486 1498
1505 1509
1543 1556
138 149
727 741
1732 1738
1898 1902
1802 1804
1348 1359
528 538
1760 1770
1068 1081
0 20
490 498
1860 1878
842 856
508 509
748 762
692 701
117 127
1289 1299
20 36
1122 1138
1878 1889
1428 1441
1860 1874
1083 1098
60 75
412 424
1739 1750
1113 1120
1644 1650
20 22
24 37
982 984
373 388
508 528
1983 1993
78 81
430 442
317 330
1644 1649
291 303
171 176
370 379
1878 1891
1122 1137
168 175
234 249
1585 1597
944 954
451 460
528 532
1196 1213
327 331
490 505
982 1000
1330 1346
587 599
1044 1055
1667 1682
117 125
286 290
782 797
313 318
641 649
1846 1857
764 772
252 263
1720 1730
727 745
412 415
1665 1671
1605 1619
1505 1518
1665 1674
1157 1166
1122 1131
1665 1673
1975 1987
1665 1679
1898 1899
1213 1227
60 68
982 995
1505 1507
1289 1302
671 686
587 596
291 292
472 479
1021 1024
1585 1605
295 311
1780 1790
1351 1365
0 3
566 567
272 288
60 64
1083 1088
842 858
1975 1988
1289 1305
215 219
1665 1667
1783 1798
1898 1912
566 568
40 47
313 328
842 843
709 721
40 41
1626 1644
117 130
1780 1786
547 550
1760 1769
925 944
528 543
98 108
1585 1600
272 280
608 618
1590 1603
1445 1448
78 83
1348 1357
1956 1972
156 168
351 365
861 862
861 871
692 709
1321 1328
1157 1171
291 300
1157 1167
1310 1311
1289 1290
177 189
528 541
351 360
1270 1271
1821 1837
528 547
506 507
823 834
313 317
196 202
1391 1404
1293 1307
1720 1726
1505 1514
1196 1209
1739 1749
1000 1010
1780 1785
1626 1630
1937 1948
1175 1196
1975 1985
1446 1462
215 216
1396 1408
803 814
1196 1203
177 183
1213 1216
1505 1520
1391 1406
1310 1324
803 807
547 553
0 15
874 882
1064 1069
117 131
412 430
823 828
370 382
925 930
1230 1239
98 99
1196 1207
472 483
1505 1512
138 156
291 306
1860 1868
1644 1645
1860 1871
745 758
1543 1558
944 960
177 188
1230 1250
1445 1457
842 846
1739 1753
78 80
803 809
430 431
138 154
430 445
1000 1007
1838 1853
1820 1833
60 71
1505 1516
836 841
1605 1614
20 28
1157 1169
1838 1840
1468 1479
215 228
528 529
587 588
1250 1252
1021 1032
44 57
861 866
1097 1101
412 423
1064 1066
1585 1587
671 680
528 537
1506 1522
1670 1683
528 539
1064 1074
982 993
782 785
1083 1091
1102 1109
944 956
1720 1736
1310 1317
1234 1248
853 859
1995 1996
1021 1044
1230 1243
1250 1266
1956 1957
1605 1609
1802 1814
272 291
1978 1992
566 582
1739 1748
956 962
1490 1503
618 628
1820 1826
1175 1187
117 133
1860 1864
1644 1646
47 59
1468 1486
40 52
1918 1919
351 364
215 217
472 488
1975 1991
904 918
1525 1532
196 200
1083 1102
651 666
351 370
979 981
1010 1019
944 957
745 748
1064 1068
1676 1684
313 321
566 575
1525 1539
1585 1598
963 974
1213 1223
211 214
1250 1251
1021 1022
1566 1582
587 594
1102 1108
291 302
1566 1568
1122 1127
1665 1680
1760 1771
1428 1434
547 558
1878 1882
1460 1466
472 485
1937 1947
1083 1085
1044 1056
1780 1782
1310 1320
884 886
1956 1960
1289 1293
89 97
1626 1641
1525 1526
1720 1731
1956 1962
1502 1504
782 792
884 892
1486 1501
0 11
1780 1783
944 952
1083 1090
884 900
1064 1072
1860 1869
1445 1447
1486 1489
587 590
1644 1651
904 925
451 472
1411 1425
555 565
608 617
163 174
907 923
1468 1484
764 782
1739 1751
1102 1114
982 989
842 849
1975 1990
0 2
963 965
1802 1803
1720 1732
1543 1559
472 474
1000 1001
156 171
709 719
215 227
963 979
1703 1716
508 512
904 916
631 641
925 933
1196 1197
1898 1905
40 45
1975 1984
215 229
252 268
1391 1407
1391 1394
1064 1065
156 177
1878 1892
982 986
1878 1898
1626 1632
177 182
508 523
391 403
782 793
20 31
1289 1295
1021 1037
1369 1379
1289 1300
823 837
114 116
727 736
156 172
370 391
1230 1232
1263 1268
451 466
1445 1468
1044 1050
234 237
1213 1221
1230 1234
1588 1602
40 60
451 457
823 832
98 112
1802 1818
1250 1264
0 14
391 404
313 329
1083 1093
98 103
1329 1345
252 265
196 208
156 167
709 713
177 185
608 616
371 387
1021 1023
1853 1859
709 727
177 193
370 375
1937 1942
1000 1002
1454 1463
1270 1276
587 595
1860 1863
250 251
1898 1903
1391 1401
1044 1054
671 675
138 140
1768 1778
45 58
823 839
451 464
1860 1861
1975 1982
0 9
60 78
709 725
764 780
477 489
1850 1858
1838 1842
1605 1621
370 384
252 266
1411 1423
1605 1610
1685 1703
1543 1553
1626 1642
78 93
1044 1045
1802 1807
1543 1545
430 433
671 677
258 269
1000 1015
234 241
1064 1077
156 158
40 48
1585 1601
1102 1110
0 7
234 244
676 688
1525 1536
1543 1548
709 712
944 951
1505 1508
1468 1473
803 815
1878 1887
1937 1940
671 679
1720 1733
1742 1758
727 738
692 708
98 100
608 614
1157 1162
745 754
508 519
547 563
156 170
1157 1161
1898 1908
963 968
1196 1205
1369 1371
272 282
1626 1639
651 663
1626 1631
1300 1308
671 681
78 87
631 647
370 381
884 891
1064 1076
1157 1163
120 135
1802 1820
1230 1240
313 322
745 756
402 411
0 4
928 942
1543 1554
412 421
1525 1535
1329 1333
1838 1851
430 446
1644 1655
1122 1125
1468 1475
412 419
1525 1528
272 278
1739 1760
508 510
1250 1256
117 118
587 603
905 921
1270 1272
184 195
982 994
1157 1164
20 24
1569 1583
1685 1695
412 425
1918 1925
1102 1112
982 997
291 305
1739 1745
60 62
871 881
1021 1034
252 257
451 458
547 552
1802 1811
842 847
1025 1038
1898 1900
1820 1828
608 623
1685 1694
819 822
177 178
138 141
1519 1524
1995 1997
1750 1759
1956 1967
1619 1625
370 383
177 181
1329 1331
1289 1294
1411 1426
1021 1027
508 518
1213 1218
1411 1421
1391 1397
333 338
252 261
1021 1030
1739 1755
291 301
508 517
156 166
1720 1727
1566 1581
196 211
1310 1329
580 585
1810 1819
1486 1499
199 213
272 279
40 55
1122 1129
1035 1041
177 190
351 366
1930 1936
727 728
528 536
1000 1003
252 258
1550 1563
333 349
234 246
904 914
1918 1928
490 506
1391 1393
1760 1776
1102 1115
1102 1104
1044 1060
1157 1160
1937 1951
1348 1352
1937 1946
452 468
1139 1149
1969 1974
1391 1400
1391 1411
138 152
1838 1848
472 473
1270 1280
1820 1835
842 844
1860 1862
1139 1140
1175 1186
861 870
1720 1723
1780 1795
1956 1966
1585 1599
1445 1459
884 895
1213 1217
1838 1841
1250 1261
370 386
1000 1009
944 953
1685 1693
651 667
196 207
1139 1151
1109 1119
566 577
692 703
1878 1883
1348 1350
727 732
823 829
1703 1707
1937 1944
1486 1505
472 477
1605 1607
595 606
234 240
1289 1310
370 385
1310 1313
1649 1661
1802 1806
1213 1219
1703 1720
1918 1934
490 508
1083 1087
1605 1615
727 740
620 629
1760 1763
1369 1382
528 530
982 990
98 105
196 204
1175 1185
391 407
313 323
1064 1075
566 576
1411 1412
1878 1893
490 496
1884 1896
196 201
823 833
1628 1643
1064 1071
784 799
1329 1336
1665 1670
60 70
1525 1529
660 670
215 231
1000 1021
1860 1867
1310 1316
1739 1747
156 169
587 601
651 662
1401 1409
1270 1284
1102 1107
1838 1844
1230 1235
1878 1890
1250 1257
333 342
177 180
1918 1932
1411 1424
1455 1464
1486 1497
156 157
490 503
608 615
1122 1130
1975 1980
138 147
1036 1042
915 924
1566 1580
1289 1291
20 26
272 286
727 735
20 25
782 788
1000 1012
547 549
234 236
1348 1358
412 417
234 235
35 38
671 692
1820 1827
1083 1092
196 210
451 453
1505 1515
861 864
20 29
313 326
1175 1178
1250 1262
472 475
351 362
1898 1901
963 972
391 397
671 673
1644 1654
333 346
117 120
904 912
1175 1183
1139 1150
117 138
631 636
631 633
138 148
1780 1789
1685 1686
884 896
1898 1909
745 750
439 449
78 92
861 874
1175 1180
351 355
727 733
1157 1158
1995 1998
764 770
823 838
252 264
1369 1381
1878 1884
692 706
40 46
1329 1342
1665 1677
963 982
1937 1943
608 612
842 853
709 718
1329 1343
727 737
1720 1724
1566 1567
1918 1920
1780 1794
1250 1265
1177 1192
803 817
1139 1154
1505 1519
1329 1344
1428 1439
1468 1474
370 377
615 626
1336 1347
1703 1717
566 574
1213 1224
1878 1879
291 293
651 658
215 218
1213 1214
864 879
608 620
508 524
1250 1254
98 102
904 910
925 940
1772 1779
1898 1911
156 164
117 122
430 439
367 369
1838 1843
215 220
1644 1653
156 165
1231 1247
1505 1517
1102 1111
1920 1935
671 683
451 461
391 402
863 878
1486 1500
1703 1709
391 405
1720 1728
351 367
0 13
1000 1004
1878 1885
1525 1531
982 998
963 970
437 448
1468 1478
99 115
1703 1710
370 376
1760 1773
803 813
138 146
1102 1116
804 820
156 161
156 163
1468 1482
631 643
745 761
472 482
1021 1028
1270 1285
291 313
904 905
842 857
272 284
1605 1626
1250 1263
1289 1297
351 357
196 209
412 418
1720 1722
1725 1737
1213 1226
1486 1495
727 739
1760 1767
1838 1847
884 899
733 744
692 700
1703 1719
252 260
1445 1458
333 343
1626 1636
1956 1965
745 759
60 76
1626 1627
608 621
1505 1510
1044 1051
1275 1287
842 848
444 450
982 991
1626 1635
692 702
1626 1628
234 245
1703 1705
333 340
803 810
1703 1711
1310 1321
1760 1762
117 129
472 481
1391 1396
1860 1872
764 778
963 977
1468 1476
1468 1481
98 111
547 559
1760 1761
351 354
823 842
1525 1533
1644 1656
430 435
329 332
1139 1155
451 455
40 50
944 950
823 827
1685 1689
566 572
631 637
608 619
904 915
1685 1700
234 239
88 96
944 955
1685 1699
