2000
744 1528
1272 1298
108 925
996 1839
1883 1965
924 1533
362 1377
108 1631
115 387
17 1180
666 1454
1162 1678
158 1439
1796 1834
884 1302
1368 1420
94 797
621 1321
434 561
1348 1553
365 1678
455 1646
287 412
1095 1461
702 1553
654 1450
354 927
420 1254
23 1401
504 1283
1429 1454
1014 1177
1464 1543
1566 1953
1507 1965
1645 1684
1257 1583
420 1915
175 1530
137 220
561 1145
1080 1498
18 584
652 1176
571 1617
798 915
1511 1695
982 994
52 1467
38 1715
1266 1400
186 313
588 940
138 1223
10 137
571 709
475 996
319 1158
640 1127
561 1054
654 1482
954 1544
18 1599
1092 1934
18 1368
912 943
203 1740
653 1901
553 1105
331 1127
809 1965
470 952
220 603
282 1486
864 1645
224 1076
435 1511
116 772
282 1896
961 1953
678 940
101 571
183 1223
571 1859
179 1828
843 907
248 1806
1740 1854
342 654
350 694
412 616
499 1513
388 1372
222 1118
172 1321
1034 1381
1454 1965
372 1455
186 1951
694 1150
75 1888
1037 1579
653 1346
1645 1799
395 561
1105 1608
455 1947
154 1740
23 340
1002 1127
741 744
16 311
319 1621
419 1357
979 1034
139 1806
485 940
976 1965
43 175
571 1911
952 990
216 1953
36 1498
530 1037
572 1037
352 1223
155 958
227 420
1279 1629
1214 1645
573 1729
10 483
1429 1802
1172 1612
1715 1800
958 1333
178 958
964 1740
625 1828
224 1515
131 544
1806 1899
1832 1955
705 797
493 1907
677 1845
855 904
347 1101
666 1174
1276 1818
1583 1886
876 1599
267 571
694 942
224 998
448 543
1599 1808
868 1498
1457 1543
164 222
768 1138
151 1409
798 1284
186 1860
309 1138
567 996
907 1294
1092 1598
1779 1874
1357 1833
264 907
903 1223
10 1103
131 693
1417 1955
10 649
1223 1355
499 550
224 1532
624 1953
339 1368
412 1679
1105 1187
1014 1201
420 718
145 819
323 569
282 719
131 766
455 1771
303 1629
1599 1627
1466 1553
387 552
688 1961
110 1223
940 1258
1095 1634
226 568
410 1955
146 688
467 1599
229 1905
1321 1754
1117 1138
281 1429
529 952
387 1068
571 844
141 666
400 1176
1236 1544
551 1543
506 1715
1485 1985
1165 1818
904 1085
991 1176
1298 1904
493 1406
798 1363
362 1928
175 641
60 653
160 387
482 952
134 1740
808 1557
69 797
22 787
167 1429
571 1665
282 391
131 1945
747 1583
23 1804
226 460
989 1971
116 199
181 1740
653 681
362 1310
208 793
664 1172
18 1886
457 1544
288 677
574 1357
387 1344
73 1199
1007 1959
312 1834
237 720
420 1882
1270 1298
1373 1498
508 927
1597 1806
1037 1900
18 1678
387 1299
842 1283
1095 1784
542 654
23 1811
23 286
116 1852
721 1772
23 156
776 1455
1087 1645
1155 1772
694 733
1013 1583
72 1007
29 561
510 1231
455 1635
879 1455
232 884
744 823
208 577
700 1544
265 654
175 1728
489 994
175 1725
1498 1718
257 996
463 727
526 798
748 1400
688 1234
208 1222
438 927
884 1807
225 977
338 1455
1605 1828
654 1135
465 1467
1849 1965
798 1500
759 1511
1014 1691
255 1335
1467 1481
448 1431
23 1494
14 323
1067 1740
1154 1774
647 819
561 1175
347 1523
1086 1439
387 687
1715 1998
17 811
816 994
323 1190
220 562
73 695
147 1511
674 1543
692 1599
1311 1965
10 1502
396 940
269 493
27 1467
412 1324
952 1173
1538 1553
892 1400
1161 1176
554 1544
383 1772
430 1034
81 1298
1283 1315
866 1007
783 1543
1218 1553
711 1138
274 463
1153 1298
677 1144
1127 1499
225 980
1040 1357
251 1283
136 677
493 953
130 720
258 1715
1172 1195
867 1700
845 952
1091 1533
75 1454
691 940
909 1599
952 1228
1429 1862
17 299
231 371
409 1400
571 629
807 1955
927 938
208 1563
1429 1625
1105 1881
1154 1992
79 884
108 137
493 1018
75 1745
210 573
323 404
929 1599
622 1467
117 131
225 578
371 698
12 1779
207 1629
319 1580
222 1974
22 474
378 1965
1335 1689
362 1443
73 1780
1454 1498
188 371
137 561
282 716
1231 1957
151 1550
484 499
858 1485
51 222
34 1544
387 522
877 1834
779 1511
561 1826
208 617
1321 1923
362 1475
894 1335
584 1967
557 1965
151 1693
1116 1533
943 1090
282 749
89 186
737 1834
677 1006
46 347
1034 1590
1818 1996
75 1889
720 1213
1105 1626
599 1127
4 1014
994 1317
15 1905
1581 1834
114 455
1296 1439
586 1806
1092 1136
481 1678
226 1855
1423 1715
527 694
1415 1953
224 1212
1262 1834
73 1879
595 1127
1544 1595
1223 1405
573 1343
1095 1546
292 1223
1544 1606
22 1151
958 1398
371 606
366 720
10 20
1100 1172
73 568
90 323
107 907
306 1543
744 1057
920 958
137 720
151 1562
215 584
952 1395
222 1604
943 1688
1223 1864
57 1740
666 1730
224 1963
798 1115
1304 1953
1433 1740
336 1034
1102 1678
653 1506
226 368
148 1533
904 1479
273 1599
898 904
499 620
41 282
238 1105
357 1485
463 1876
801 1429
319 1256
1070 1372
499 646
272 1715
1283 1766
124 1231
311 1885
1328 1971
744 1870
1429 1589
226 1030
1147 1678
1219 1629
377 994
996 1575
797 1312
694 1386
347 1167
907 1789
744 1624
242 323
531 1335
10 1306
568 1629
884 1680
18 175
1172 1744
116 1690
1335 1783
224 1164
789 1544
996 1969
819 1120
151 1258
1455 1577
619 666
1714 1740
1733 1772
967 1599
123 1485
891 1834
186 1241
208 276
791 1953
997 1037
151 1242
958 1220
808 1088
694 756
1645 1835
387 1968
311 882
524 1455
1472 1543
959 1498
658 720
73 1369
225 902
996 1586
362 363
40 222
1467 1677
448 650
1176 1703
907 1732
1154 1205
448 464
724 744
1594 1806
654 1421
587 1154
226 1273
1 1553
780 1095
323 568
996 1736
137 1014
319 1824
75 1261
282 993
1352 1779
1368 1748
225 821
1455 1867
1012 1231
904 960
752 1678
1452 1828
448 1303
151 1503
1095 1263
1127 1510
1014 1320
431 744
226 1404
1632 1806
23 626
268 1105
1335 1454
371 1048
220 1206
22 1890
1014 1582
10 384
254 1007
1283 1318
222 729
907 1319
1713 1806
927 1454
797 1208
220 1295
1321 1434
75 1022
575 1283
1458 1818
1504 1678
549 1105
311 1611
10 1831
771 952
1009 1905
75 931
688 1654
185 797
1645 1776
1258 1357
1258 1439
571 764
818 907
654 1919
1338 1645
493 1208
459 1511
463 838
947 1498
222 1122
324 666
1092 1921
913 1095
994 1060
653 1821
73 182
175 1995
1154 1647
1698 1715
176 1321
1010 1368
644 1905
108 1880
1157 1834
77 798
222 1819
82 455
1439 1981
116 135
448 1258
907 1258
201 499
653 1636
571 1229
208 875
128 798
280 347
820 1485
1740 1886
222 1567
387 1196
323 1375
1321 1571
73 707
1079 1533
282 901
1544 1958
1166 1740
940 1542
208 1875
83 224
163 994
683 1321
561 813
149 319
403 1467
131 209
1903 1953
744 1291
1669 1772
1601 1645
1380 1818
611 1543
387 1198
1130 1543
23 1215
846 1034
710 1176
1692 1779
137 1321
541 1095
795 1955
1330 1400
904 1660
127 1965
165 1372
666 1877
22 1029
1226 1283
559 573
74 1834
73 986
788 1231
220 944
573 1413
638 1498
70 387
884 1675
425 1955
933 1629
517 797
814 1231
684 927
722 1971
455 1696
579 1700
499 672
418 1439
137 420
689 1138
819 1639
668 1543
17 507
1544 1770
116 746
680 958
311 322
225 1933
222 332
6 73
654 1897
1543 1570
1186 1368
1645 1841
591 1172
797 1244
1454 1544
220 1975
1357 1764
927 1932
941 1828
786 958
387 1208
415 463
311 753
881 1357
677 1004
492 994
1376 1553
1685 1971
666 669
75 417
296 1092
985 1715
441 1455
22 1297
688 1910
568 677
994 1209
151 981
222 1033
198 499
1372 1747
448 1615
1707 1905
1096 1715
175 1676
104 455
996 1208
323 353
186 233
1629 1666
1325 1828
493 905
412 1853
241 311
450 952
323 1322
819 1552
1282 1283
463 926
26 1400
608 1715
493 851
1092 1356
645 1154
285 1105
943 1460
582 1372
1403 1429
1529 1583
376 499
632 1429
1092 1737
1007 1168
1034 1208
1039 1138
226 1842
643 1400
1511 1893
943 1815
819 1865
427 1127
76 225
1645 1991
73 870
1426 1772
584 1366
1176 1208
217 1583
192 1629
204 1953
1037 1249
1092 1863
1093 1335
208 1653
904 1508
80 1368
1467 1977
137 225
17 1705
319 682
1706 1971
116 1202
1034 1891
1298 1976
720 1793
994 1701
108 847
137 1138
208 949
389 958
1805 1806
1372 1648
535 1298
108 1837
222 1134
250 584
605 1678
59 1905
225 537
349 1007
968 1095
1416 1740
720 1290
494 1740
505 1498
225 1364
387 1449
224 1918
666 1989
539 561
1657 1678
927 1868
1485 1628
1301 1544
499 1454
571 1210
8 1034
1350 1511
221 1034
493 1128
584 1119
414 1455
1283 1898
10 1810
677 785
186 1886
1223 1886
1105 1208
362 919
1368 1756
243 720
1298 1505
116 1829
1393 1439
798 1255
196 1511
168 694
673 1511
1243 1629
910 1138
387 491
1172 1987
720 837
1154 1454
290 797
23 1050
319 1374
849 1439
423 927
688 1336
1092 1765
1037 1602
1253 1357
75 1710
1583 1664
943 1823
137 958
151 1812
637 1678
1095 1741
1629 1661
615 958
884 1620
927 1476
1045 1154
940 1339
131 1287
151 1822
561 1252
1037 1126
220 1878
225 516
275 819
75 1445
25 744
996 1540
830 1543
1454 1886
596 940
436 808
17 1081
740 1834
1603 1629
1038 1176
1467 1531
688 1286
11 220
584 1463
602 1172
546 1828
18 131
440 744
1400 1637
362 984
1037 1069
448 1447
940 1790
965 1138
895 1429
1332 1439
1172 1371
189 1485
137 208
17 1140
1422 1678
22 1454
235 1007
137 654
347 348
744 1886
151 685
1107 1543
373 943
1367 1543
584 992
1258 1467
111 584
726 1953
1092 1673
294 653
347 1424
17 1131
151 873
584 1250
1089 1779
211 1335
1439 1936
175 428
499 1558
744 826
476 884
884 1554
225 1731
487 1498
56 1321
770 1779
1533 1614
223 463
452 943
1298 1525
263 808
584 1264
503 1553
226 1662
224 1141
699 1037
245 1231
827 1953
398 653
408 571
1308 1372
1014 1649
761 798
10 706
151 278
797 1468
1125 1553
911 1498
445 493
24 371
573 1208
226 1471
857 1439
311 1512
1498 1786
61 116
1127 1514
1335 1743
657 1806
496 958
18 1772
401 1105
540 1715
319 593
573 667
885 1740
311 1341
22 633
1105 1573
1097 1953
283 927
819 1752
412 1277
1014 1618
116 869
1021 1037
1818 1830
1077 1223
28 720
323 1541
137 1092
511 819
22 30
677 921
420 1738
220 1509
462 584
73 1189
197 1543
226 1474
246 744
1533 1659
996 1565
1154 1943
131 1495
362 1724
17 1559
93 677
5 561
177 1955
798 1886
628 1368
568 1203
1176 1757
1307 1700
728 1014
463 1616
884 1487
1025 1455
598 996
371 1674
1372 1392
282 568
568 1645
64 1372
18 311
1887 1965
362 1980
1347 1965
239 1138
1700 1861
463 1650
1357 1407
65 1231
995 1834
194 455
1772 1999
208 1917
454 952
1014 1873
1467 1872
463 1501
1095 1983
362 1576
573 974
175 635
1704 1955
142 798
735 940
1629 1801
219 1715
186 1289
884 1217
601 1335
18 222
943 1191
956 1485
1895 1955
131 987
225 824
1905 1935
1828 1952
448 1442
1224 1965
442 958
412 937
42 1583
1109 1429
1192 1455
17 271
922 1037
798 1719
432 1429
226 1518
220 1623
108 1902
610 1298
186 1519
1176 1866
224 498
1024 1544
118 448
96 996
260 1583
797 1940
10 153
916 1700
261 1095
907 1825
688 715
1223 1746
371 1814
22 538
437 1599
930 952
1349 1818
520 1599
943 1858
1265 1955
1072 1629
952 1123
1017 1905
797 1121
180 1321
841 1231
191 1533
453 1834
939 1014
175 361
1700 1906
116 1334
175 1005
713 943
208 1233
116 132
91 1715
1372 1451
22 636
109 819
347 1152
688 1280
808 983
50 1806
884 1838
666 1973
105 1429
1258 1511
448 1930
362 1720
420 1456
623 1599
493 570
512 1553
781 1154
555 1400
808 831
13 347
1283 1402
1138 1970
654 1059
18 1715
226 1884
1037 1816
654 1438
212 1955
1127 1798
98 720
412 1909
1035 1321
116 1749
1327 1467
23 1658
1127 1258
708 1400
108 1988
904 1734
878 1905
75 150
22 515
73 1001
738 1321
364 463
371 1444
720 1791
1176 1556
433 884
1769 1779
319 1964
943 1886
630 1645
677 804
904 1269
371 1208
412 1020
499 828
1007 1942
1467 1642
129 371
907 1113
907 1643
1037 1712
214 311
85 797
1037 1569
175 1817
1172 1613
347 1184
347 1526
744 923
318 688
39 108
1834 1886
133 455
282 1419
1014 1962
1231 1630
284 797
420 871
808 1260
18 1828
502 677
1583 1610
18 463
282 1397
116 1886
387 1755
170 1544
666 936
1007 1391
1372 1844
694 1247
371 1326
108 382
1034 1469
224 1248
561 1365
1357 1521
525 927
208 957
1007 1026
282 337
792 1138
897 904
493 670
1683 1955
1034 1607
282 1159
568 1758
1283 1432
120 151
958 1843
1148 1583
171 1400
186 1572
1172 1300
422 907
1023 1905
1553 1564
1007 1208
108 893
17 1454
119 694
584 1041
1208 1283
499 1470
889 1372
653 1275
720 1384
1258 1543
767 808
63 1553
1142 1700
717 1034
347 1948
1007 1027
500 1818
518 1223
362 1258
73 1143
17 397
1368 1412
659 1298
316 1905
1439 1797
1368 1914
1485 1926
75 321
108 152
927 1178
904 1596
116 679
429 904
1223 1331
468 1335
412 1454
631 1553
35 1629
1429 1459
86 1511
568 1971
208 536
393 808
585 653
116 1638
359 571
455 1441
888 1533
972 994
1828 1994
1454 1955
108 1204
0 1779
471 1955
815 1007
1015 1779
1700 1908
1700 1886
1400 1886
1138 1414
259 1127
806 1818
556 1154
18 571
653 1360
463 1497
186 298
1335 1892
777 1818
940 1931
720 872
994 1584
17 399
948 1818
73 1062
108 712
66 1092
952 1053
1293 1772
694 1721
490 1828
125 1806
1137 1172
1321 1795
1061 1485
854 1007
497 653
829 1357
639 808
561 1074
1176 1492
1092 1517
1436 1806
755 1583
23 1591
277 1806
319 1382
1200 1971
653 1110
656 1138
1298 1950
548 1007
1037 1454
208 380
736 1105
166 1357
1937 1955
224 1600
10 358
1176 1425
1154 1537
573 1047
1176 1185
1779 1886
600 1485
100 940
247 1511
1231 1258
225 469
205 666
224 1031
917 1372
758 1965
1227 1779
310 677
200 1127
834 1014
344 1818
996 1489
927 1788
723 927
819 1984
186 1000
262 282
458 1678
1715 1979
663 1467
1124 1223
757 1772
558 994
576 808
282 1075
1176 1785
208 1170
121 943
416 994
1455 1781
797 1735
381 1014
461 1231
1362 1953
103 1740
323 473
47 1439
1066 1629
694 1163
994 1761
904 932
222 302
1288 1828
694 822
884 1651
1019 1599
690 1223
1154 1309
594 1779
448 1065
907 1750
319 1775
654 743
317 1176
23 568
1129 1700
819 899
1340 1971
1483 1533
323 1435
412 1225
874 1498
688 784
44 75
597 1467
568 819
84 943
1496 1779
88 1092
253 1533
1511 1536
346 1429
315 1772
1305 1905
884 1448
75 95
22 655
1485 1777
561 794
1160 1485
157 561
694 1820
1498 1560
803 940
220 1188
568 1095
345 571
472 1955
782 927
412 1949
22 206
493 1534
371 1939
573 1869
1455 1920
323 356
55 1372
448 1922
566 1953
478 1700
584 1697
1193 1583
412 607
802 1467
1223 1938
1259 1806
220 1139
573 1084
571 1644
326 884
370 412
32 455
282 946
1172 1285
371 1156
951 1818
1034 1211
225 456
225 314
390 1034
308 943
451 808
1455 1850
561 1672
1372 1465
571 1111
420 714
581 1700
17 1271
131 825
720 1520
22 1727
1231 1235
840 1905
347 1044
1396 1544
311 1098
662 1511
653 1268
10 1723
865 1834
113 1715
448 1278
159 420
612 943
962 996
1544 1782
137 224
387 1840
1493 1533
688 1251
225 521
173 186
73 1993
671 907
31 1583
1105 1490
904 1028
1154 1946
1779 1848
244 455
584 1686
319 1652
62 1283
547 1779
108 305
186 1827
22 1051
175 1329
561 1982
144 220
1767 1772
49 1154
1357 1960
137 904
323 328
1609 1772
1335 1462
190 798
653 1208
1106 1138
371 1361
493 1803
488 1553
10 660
731 927
545 797
1055 1400
266 1172
744 1641
385 1014
311 405
48 1368
169 1034
1488 1779
486 1176
386 1645
162 1905
677 1354
131 1230
230 1105
186 1687
940 1759
22 270
1007 1929
1485 1682
493 1956
1138 1418
54 996
75 320
18 1818
904 1358
333 1645
1112 1400
1368 1990
102 1965
236 653
18 1172
886 1498
17 293
174 420
323 1997
1154 1836
175 407
17 1708
694 973
573 1593
688 1056
573 1378
334 1231
186 883
75 627
994 1440
833 1828
351 1806
914 1172
666 1042
412 1359
1216 1533
17 140
648 1283
131 1547
763 1485
23 935
1439 1871
18 1455
23 424
798 1587
300 808
1197 1599
108 1390
589 1715
143 186
900 1533
568 1032
584 1551
958 1232
387 1794
22 495
988 1095
952 1240
1138 1274
745 1231
108 1239
347 1527
1368 1773
1014 1446
131 406
654 1292
1083 1955
112 131
1368 1561
568 1533
945 1439
226 447
23 769
958 1966
808 969
9 1971
420 1337
58 677
568 994
477 677
449 463
347 1535
1828 1944
10 291
71 1368
501 720
819 1182
412 1379
1439 1622
1544 1578
1003 1533
412 732
1221 1772
19 1583
513 1357
1372 1477
23 1183
17 307
355 1455
523 1700
614 1772
978 1357
532 819
455 1954
1400 1681
240 1700
319 887
493 1181
943 975
228 1231
832 1467
1095 1267
1314 1700
819 1633
374 1953
1351 1372
175 1916
37 463
10 289
907 1480
45 222
573 1726
499 790
654 1146
33 1905
677 704
697 1818
1064 1357
455 565
1049 1231
325 996
362 592
744 1912
175 1408
800 1834
1298 1655
573 1171
928 1429
836 1971
420 1078
1670 1740
421 1953
1179 1553
1400 1539
688 1258
1092 1763
1114 1834
688 1281
295 362
186 1427
187 808
519 1455
812 943
225 1656
319 1058
694 1792
213 1154
799 1700
1592 1953
751 1553
18 455
634 1678
568 1372
75 859
1368 1516
222 1524
73 1924
908 1678
116 1711
808 839
402 448
249 1678
533 904
666 1063
1172 1484
734 1645
108 754
439 493
420 1491
126 224
193 499
335 1335
479 1095
906 1127
856 1335
688 775
379 1014
329 1138
1011 1599
907 1108
311 1342
688 1913
934 1772
1388 1905
97 940
151 466
282 1846
53 1818
1008 1955
970 1283
819 950
797 1694
1522 1818
896 940
805 927
499 1430
362 1046
861 1400
1760 1828
703 798
966 1092
73 796
1037 1762
604 1429
654 1036
319 1394
1667 1905
426 1485
1034 1133
222 963
613 1511
448 696
1092 1568
323 1194
220 835
1132 1834
1034 1387
392 448
10 234
226 1094
67 420
367 420
1071 1629
362 1399
798 1751
1335 1847
560 1599
907 1768
1258 1953
137 347
23 1428
394 1127
131 1473
720 1345
161 448
918 1700
226 1052
420 742
184 744
1208 1905
808 1778
528 584
279 884
224 651
455 1169
694 1099
739 1645
666 1927
573 765
311 1478
666 773
493 1671
1208 1553
996 1739
1073 1645
220 1925
725 1231
1149 1511
1223 1238
443 1298
297 940
609 797
347 642
99 1092
584 1437
499 971
21 463
1321 1385
1533 1894
1498 1663
224 1207
319 1016
1258 1886
369 1400
1082 1599
1105 1857
375 1629
676 677
195 1007
1533 1548
1370 1740
661 1335
1467 1619
151 1717
92 1834
958 1411
301 1357
1498 1722
131 999
1321 1809
808 1258
75 446
151 1941
463 1245
218 220
1208 1485
343 1511
564 1543
1454 1806
371 774
7 311
2 904
151 252
78 1095
1716 1828
1455 1699
87 1439
1154 1323
226 1972
411 499
413 1321
666 1986
480 688
694 1454
654 1545
463 850
68 1583
675 958
760 1629
810 1806
1208 1886
122 1127
1453 1965
573 1574
3 1678
568 1886
226 665
1742 1828
862 1485
653 1856
1321 1702
137 1886
1298 1640
116 580
412 750
890 1283
323 514
1037 1978
852 1678
360 1176
730 1172
848 1335
371 1389
1313 1583
819 1851
455 1555
618 1965
256 1779
778 1772
573 1410
362 863
1583 1813
131 955
319 1258
1246 1439
884 1258
880 1818
952 1043
1383 1553
762 1965
311 686
371 583
701 1298
341 1368
1127 1237
175 1668
1700 1787
444 994
311 1549
327 1543
666 1753
220 1709
798 1316
1208 1298
202 347
860 1127
1283 1588
590 1772
106 1357
208 509
304 1095
563 1105
534 1298
952 1208
654 853
330 952
1105 1585
1104 1828
817 1007
1353 1779
