298
165 206
60 250
121 218
73 228
156 163
6 124
199 200
123 238
6 263
17 163
147 250
40 63
8 206
124 126
111 285
112 203
217 260
83 151
28 241
18 279
172 224
112 121
116 189
66 138
216 243
125 225
181 255
97 232
93 229
74 138
55 90
204 264
84 248
77 221
4 142
101 191
182 276
35 199
150 284
120 241
144 224
92 224
58 163
182 290
99 170
47 277
164 248
73 205
21 206
103 248
63 145
164 251
240 247
36 66
82 286
24 45
175 266
43 104
71 163
101 263
8 170
163 214
153 263
206 239
214 263
1 261
254 285
29 71
90 256
2 208
77 78
67 136
176 290
34 90
48 215
16 30
85 121
62 75
13 91
48 53
203 283
25 42
156 166
207 270
113 213
97 186
8 120
233 273
149 289
38 222
89 248
4 73
52 128
135 271
98 225
58 216
140 209
148 234
252 270
94 260
62 107
14 55
58 212
5 156
185 206
276 280
14 248
287 292
66 249
182 293
197 213
4 9
84 177
33 294
64 263
63 237
4 266
69 263
16 102
70 169
114 270
98 171
108 129
52 84
79 223
58 248
5 277
55 195
140 162
110 200
123 162
4 163
51 101
9 114
49 127
0 108
173 174
123 139
240 259
72 129
22 224
23 82
58 276
57 73
44 140
160 236
135 248
121 143
222 263
109 206
26 28
64 106
63 111
47 193
111 178
97 240
16 62
75 82
12 14
127 198
48 132
134 230
30 173
82 231
25 210
223 264
163 235
4 87
0 201
19 46
163 211
253 268
138 159
242 267
167 296
3 238
234 248
64 288
137 163
20 73
30 97
27 146
137 171
41 147
96 183
8 247
65 259
152 180
151 281
106 291
80 250
161 275
108 130
81 224
271 275
37 101
62 282
135 244
14 66
105 115
125 257
158 265
73 220
213 219
245 274
8 295
118 182
112 131
154 297
54 240
97 214
133 167
34 187
9 155
101 194
100 211
122 137
16 227
184 292
156 215
69 129
39 245
79 240
48 236
39 55
31 237
9 202
141 293
73 145
27 168
88 230
217 228
50 181
18 253
36 179
25 182
104 154
154 226
150 210
7 77
61 166
192 240
91 95
113 230
76 235
58 246
14 43
169 227
14 188
136 205
157 292
32 147
59 248
19 21
13 190
64 253
153 258
27 106
73 112
231 261
62 115
120 152
179 242
113 232
4 11
56 214
47 269
147 211
68 228
33 113
30 140
15 117
114 172
63 91
77 120
97 127
232 287
96 135
24 215
97 265
222 278
86 90
8 189
256 272
181 211
2 277
73 117
83 162
119 175
5 167
182 262
97 196
10 247
136 233
162 229
8 149
63 199
