2000
1137 1935
1150 1829
92 1965
498 581
153 1475
600 1731
571 1372
258 1762
951 1475
1739 1819
362 1856
609 707
258 281
865 1756
347 1268
345 529
906 1695
352 1271
1047 1415
1263 1794
85 1254
396 1887
166 1068
414 704
1006 1243
347 519
609 830
1651 1849
536 1068
53 883
412 1849
1030 1607
95 1390
109 1597
8 160
694 1388
143 146
266 1861
345 1618
49 1138
258 273
396 463
274 745
864 934
65 932
1104 1898
1737 1854
458 1793
698 1141
63 517
146 920
1174 1805
981 1366
1184 1707
895 1931
66 1323
1501 1759
1174 1523
603 1212
85 1809
761 1611
161 396
1184 1407
503 1026
313 406
356 1390
353 1269
690 762
87 758
687 1372
663 1887
215 641
556 1068
537 1479
1756 1917
702 1880
97 704
668 1297
146 1025
390 932
678 1271
1157 1714
503 843
907 1256
745 789
66 1550
181 1877
600 1990
544 1030
615 876
224 1137
1295 1759
890 1117
1508 1887
49 1272
1064 1231
1128 1228
1297 1929
689 1540
1231 1993
429 1430
544 1817
1065 1473
873 974
223 699
1339 1877
362 1734
794 1410
21 829
260 1067
626 1536
412 1866
978 1727
612 895
292 1228
1597 1803
420 1558
814 829
312 1152
252 1184
428 1231
92 1429
921 1391
449 544
1297 1615
137 876
99 1623
386 876
7 767
353 1822
246 345
576 1179
1250 1759
197 745
906 1820
485 846
53 935
623 1124
834 1158
895 1368
408 842
205 436
367 1794
1450 1777
963 1184
485 1467
146 1676
483 1450
677 1340
30 724
1351 1756
244 694
624 1158
1247 1793
854 984
603 1560
1131 1243
323 1271
557 1824
677 1140
485 1551
1737 1946
1184 1392
171 1157
130 603
320 958
1717 1759
1109 1137
641 1192
1542 1727
1121 1137
1084 1479
7 1177
1518 1877
1104 1884
328 1323
513 1228
474 1307
1415 1625
160 311
113 1611
1271 1450
574 1082
280 829
669 1976
698 1795
579 1667
472 557
385 1115
1366 1486
609 621
1658 1868
724 1992
170 453
1484 1611
749 1611
61 876
1157 1678
930 1137
182 1152
24 1184
992 1896
827 1339
757 1228
984 1792
1469 1727
1461 1821
895 1530
1097 1838
1333 1366
160 196
63 1448
399 906
1231 1916
1366 1904
324 704
1065 1996
889 1623
690 1844
92 309
485 1082
1308 1800
544 1747
485 932
947 1868
603 970
752 1889
395 626
992 1071
254 1893
1445 1763
258 1869
170 1768
43 939
40 313
1234 1271
658 1082
1450 1743
715 906
1151 1667
1082 1818
934 1179
792 1307
420 1671
176 626
308 600
566 1092
546 1951
160 1819
57 503
503 1611
1848 1887
503 1009
603 1118
46 1868
318 1228
345 1327
626 1186
1249 1390
53 765
267 412
85 1908
415 1793
651 1285
1158 1475
600 1297
1082 1208
632 1082
25 958
879 1390
565 1065
507 1445
1520 1667
932 1154
1475 1718
566 1213
27 1476
1339 1634
950 1366
939 1172
420 664
1236 1667
582 651
49 1135
160 353
1514 1838
294 641
53 1619
313 1816
1533 1597
117 1297
81 900
446 1307
118 1174
1104 1583
619 1415
675 1366
207 1461
258 1506
1030 1858
967 1179
258 670
600 1479
195 898
1137 1321
704 1228
1322 1889
1661 1819
1101 1727
802 1104
603 1608
408 1756
662 984
254 910
557 1325
1339 1400
939 1079
1727 1891
92 1004
1887 1953
258 1606
167 1117
408 1997
1611 1751
921 1011
1399 1623
285 1430
613 1243
1068 1377
278 690
342 934
1415 1749
139 1339
24 987
676 1152
27 1075
1158 1495
499 1889
698 828
782 1104
1067 1390
479 1307
469 992
485 766
3 1297
75 1759
906 1466
37 623
868 876
1306 1597
1450 1744
829 1408
232 677
266 491
380 900
954 1790
441 704
92 436
603 1427
1256 1459
926 1174
1158 1422
498 1072
1158 1240
669 1626
641 774
913 1067
623 1313
1688 1877
980 1475
1205 1445
258 1753
485 1444
379 485
921 1133
305 1082
66 382
908 974
440 1793
608 1030
794 1669
876 1657
1759 1986
41 1800
1067 1339
1597 1674
1819 1857
702 1505
365 1430
955 1877
448 1790
63 159
79 1065
943 984
580 992
1623 1947
70 939
187 1597
699 1314
145 408
712 1540
353 1582
1115 1524
24 720
850 1228
651 1900
106 702
1479 1961
651 1812
731 1838
992 1065
146 905
527 1479
310 1159
1168 1365
150 626
906 1132
725 1307
500 958
1179 1702
677 1430
254 486
748 900
420 427
863 1115
1207 1849
702 1939
485 567
219 408
876 1021
1065 1323
66 777
1160 1271
485 1828
900 1892
984 1859
27 818
694 1310
484 900
906 1554
1158 1532
1239 1794
146 1462
756 1115
124 699
554 724
1150 1781
258 1982
551 1887
310 876
373 900
1117 1421
403 984
7 1152
669 1107
66 435
1174 1633
1877 1985
775 1479
1104 1677
368 1415
353 1178
27 1440
74 641
694 1810
146 327
714 1152
53 1711
1220 1307
87 1944
699 1623
198 503
473 1450
623 1452
265 1430
313 505
36 1067
1 1889
245 1150
1271 1905
1104 1142
609 1735
623 845
420 723
179 420
393 1583
698 1623
677 1293
146 316
49 1968
1715 1756
377 992
436 903
1503 1540
1243 1317
651 1890
58 1365
932 1438
258 1341
251 310
769 1115
1003 1390
1243 1655
49 1001
66 1023
467 698
867 1445
669 1555
1243 1432
721 1461
1068 1179
539 1082
314 1611
329 1323
433 1174
195 812
1029 1137
436 1902
66 1588
271 600
92 1563
932 1876
1243 1510
1307 1441
603 611
92 1376
170 558
262 485
535 1065
1038 1475
900 1346
344 1667
108 347
195 230
544 583
372 1158
974 1198
702 1999
603 1143
64 829
1271 1472
189 1759
1323 1434
466 932
1157 1577
998 1365
1206 1583
932 1775
859 1068
1028 1583
697 906
804 939
1347 1759
78 794
87 1260
1082 1454
866 1461
165 544
669 1226
404 1849
326 1475
27 1769
1115 1194
408 1611
1366 1703
665 1174
498 1119
1228 1710
420 776
158 876
7 809
911 1323
160 1830
557 736
1174 1883
1849 1909
87 1722
829 1297
366 546
557 1942
734 1339
132 1158
310 350
63 733
149 1727
211 1307
263 690
888 1737
1584 1868
345 1402
107 704
266 1085
66 1363
1492 1819
552 1372
1825 1889
820 1366
396 1790
1282 1756
412 660
604 694
465 794
38 503
321 347
1353 1800
378 974
699 991
553 1889
626 946
297 974
498 1150
1287 1297
1450 1534
906 1218
794 1670
651 1290
694 696
1597 1846
53 1887
421 702
1364 1667
815 1067
1479 1980
623 1265
684 1231
1065 1225
1808 1838
606 1246
396 1380
1326 1461
127 1067
276 1117
677 1843
12 195
1152 1624
869 1184
1228 1927
724 1332
1461 1515
1130 1445
642 724
1390 1396
1150 1425
71 606
68 690
160 643
690 895
7 542
66 1885
641 1921
1540 1914
788 1307
1164 1339
656 1889
66 364
461 1323
346 745
53 504
111 498
1030 1229
1030 1845
1113 1430
1849 1906
945 1115
794 1755
313 420
503 1815
1642 1794
63 141
829 1760
160 1453
1104 1794
1461 1690
600 738
188 1623
623 661
307 921
266 1701
1053 1179
1070 1611
1271 1578
53 381
310 1895
1179 1465
699 1772
2 1756
1228 1358
546 1270
600 1098
546 694
745 1752
420 1482
1184 1497
1231 1451
24 1414
85 784
1231 1479
195 1838
42 1889
602 1115
1450 1487
566 1897
1540 1888
254 516
936 984
984 1541
557 702
266 974
1526 1611
7 1706
677 1015
669 1338
1221 1461
492 1372
272 1068
1264 1623
498 635
195 1517
932 1962
701 1271
313 1111
1039 1179
160 1343
1294 1790
402 1756
667 992
340 1737
66 1516
1067 1193
1713 1756
310 1862
785 1137
50 934
557 1147
1237 1390
1799 1877
600 1973
1654 1667
87 1187
333 1868
895 1276
557 1597
362 430
169 724
388 974
921 1418
347 1043
138 254
620 690
958 1381
1068 1481
125 704
544 1628
934 1167
745 1439
730 1759
195 1228
92 1431
1638 1889
408 563
254 1813
1152 1173
793 1415
66 944
195 1280
739 1623
609 1082
1201 1800
1137 1726
436 877
208 829
146 1046
921 1800
1323 1384
900 1691
147 1794
506 992
895 1656
934 1157
235 485
398 1597
1301 1737
1199 1430
27 488
544 1912
606 1007
353 771
249 939
476 1819
1323 1645
431 1623
200 934
173 1887
1430 1696
603 1989
1404 1868
396 956
577 829
1145 1256
824 1450
677 706
1049 1117
313 1030
1065 1911
6 310
1150 1426
480 900
1150 1924
1556 1819
310 1643
408 1089
1105 1152
250 1231
27 103
603 1782
976 1104
1252 1877
116 623
610 1667
983 1756
77 974
420 637
1158 1238
742 1877
195 1299
289 958
146 1174
1794 1873
310 928
15 1179
63 254
544 1156
49 1540
345 502
266 331
39 939
503 1539
227 412
129 353
266 628
122 694
895 1330
48 1849
162 1759
1137 1355
1190 1307
538 1184
34 1794
958 1621
561 1430
900 1978
85 541
266 1050
186 1461
971 1889
984 1724
27 1197
680 1790
53 851
485 1882
347 562
895 1083
1712 1756
975 1445
922 1117
939 1166
47 313
677 1662
1583 1826
557 1477
698 1387
192 829
1150 1415
791 1800
778 1297
92 1191
92 849
396 1668
704 1738
66 1389
858 1256
85 1312
35 345
85 1667
53 773
855 1067
247 895
1836 1868
177 724
546 1601
960 1390
690 1647
924 1068
521 921
310 717
360 651
319 1372
704 1433
345 392
277 974
794 1382
724 1878
475 1479
178 992
63 1457
974 1552
857 1256
606 1390
1184 1227
493 566
915 984
1150 1592
485 1217
934 1013
1117 1591
168 1889
1728 1877
826 1461
27 487
85 603
498 1573
485 1837
1056 1365
310 1180
1361 1623
603 1163
745 1292
1051 1790
362 790
1581 1887
1868 1881
63 370
1030 1851
358 1365
1184 1685
498 654
60 1792
1150 1232
92 1969
28 1067
641 1374
72 408
1838 1867
1158 1765
7 226
442 1117
1684 1790
412 1375
144 1372
396 1122
341 1800
288 1450
1366 1852
1877 1928
412 906
408 1491
958 1811
24 1062
745 1483
1222 1415
438 600
264 794
745 1622
912 992
425 1461
471 1065
4 195
85 597
1793 1948
606 1528
745 1127
650 1889
7 891
1793 1930
1204 1231
607 724
19 1150
396 917
1727 1754
306 412
420 1158
1390 1568
146 1913
258 1379
1104 1242
623 1605
609 1698
408 509
895 1759
160 212
258 1112
195 1334
53 1044
7 303
1157 1960
590 1819
27 481
702 1146
115 1068
204 1068
1365 1665
1061 1737
1748 1793
503 683
626 1793
1256 1871
1008 1115
566 1720
623 1255
92 119
436 722
699 1032
984 1048
1231 1983
63 1174
391 1115
992 1599
257 623
626 1597
876 1700
724 1076
690 1791
24 1574
545 1737
31 939
932 1617
609 1889
156 254
24 83
862 1067
287 934
566 887
353 464
53 1267
511 1256
412 1507
1786 1794
146 1302
934 962
23 939
259 704
157 266
609 1770
666 1868
1100 1430
1231 1831
794 1394
478 677
66 522
626 914
353 426
566 682
1065 1080
1612 1737
1170 1174
152 1174
51 544
136 794
1339 1420
275 698
362 1397
566 938
1157 1171
993 1756
1398 1790
700 1137
1074 1838
417 1231
13 1623
641 832
1540 1697
101 160
7 1979
195 1371
355 1339
49 819
1104 1940
622 1611
1580 1756
1152 1493
677 1932
5 1179
724 939
1631 1667
878 1243
27 544
87 1801
704 1570
66 418
1366 1937
599 1461
53 674
242 876
322 1271
724 1289
546 710
1150 1585
304 669
363 1174
1475 1635
451 1372
1297 1509
844 1727
489 984
1148 1415
934 1797
751 1819
436 1161
63 1596
974 1018
105 1727
641 1798
651 659
56 1756
423 1793
345 1546
609 1680
67 1868
1800 1868
835 1104
626 1328
347 783
690 1184
76 1623
498 606
600 1839
1157 1373
1077 1307
396 1796
1243 1511
170 840
655 1790
135 939
335 1819
243 745
49 1648
895 919
354 1611
126 690
361 724
969 1082
254 1850
1243 1437
254 964
693 1759
1279 1390
799 1150
1216 1540
63 1155
49 142
477 1307
559 1297
20 1792
518 1445
17 1475
1598 1838
886 1790
248 420
566 1838
534 626
698 1778
1659 1790
688 1583
972 1365
410 1297
334 1256
412 781
609 705
1065 1559
185 258
92 1354
694 1359
694 1329
606 1910
651 1189
633 641
698 989
317 1583
282 1887
269 702
110 984
362 1773
85 102
351 544
313 808
641 649
503 1988
690 874
313 1069
408 870
1184 1494
921 1139
313 531
875 1117
566 1549
1611 1943
32 1737
745 1600
73 690
606 1865
347 598
1157 1629
347 1010
932 1385
347 754
201 266
53 1068
84 606
85 885
497 1366
1090 1158
437 1450
1365 1709
900 1915
460 698
740 1475
606 1926
884 939
569 1243
1082 1721
1672 1838
605 1117
1065 1649
546 1416
934 1245
841 1727
87 1033
53 1309
295 1104
1030 1561
958 1681
1115 1512
49 807
160 1636
347 625
87 1054
1307 1471
362 958
315 1583
90 1849
1838 1987
546 1758
623 1365
986 1228
699 1787
1115 1737
996 1179
591 1179
468 1117
699 1019
609 952
726 1243
27 593
895 1052
27 222
861 1479
0 1339
702 1296
408 995
1415 1945
419 698
997 1800
1231 1401
1179 1977
704 1303
587 698
92 899
1694 1849
939 1256
131 1794
1104 1337
1569 1790
1430 1842
929 1115
94 1137
1595 1623
939 1545
547 1068
160 1348
336 1256
353 833
362 735
984 1243
146 416
1583 1687
550 1430
1117 1253
759 1158
180 690
44 1152
566 1395
1442 1868
87 470
1150 1860
49 1593
413 1475
1228 1344
1450 1832
345 1372
284 1115
1202 1540
1630 1887
266 880
146 1144
557 838
396 1874
210 1540
92 932
63 1436
755 1794
1307 1430
146 174
384 498
85 1200
847 1794
651 1774
160 1602
225 1475
1875 1887
266 1211
10 1243
822 1430
258 1877
1445 1490
1323 1468
679 900
566 753
1390 1894
836 1307
302 420
906 1847
436 1922
606 968
313 1262
895 1291
990 1372
436 1185
22 1365
699 1693
241 1323
313 1919
1231 1383
724 1103
557 1757
811 1365
1022 1271
485 1350
217 1174
236 353
1136 1889
1058 1366
345 357
310 1336
617 1256
1115 1984
69 1065
816 1228
876 1879
1181 1727
921 1342
1150 1740
7 1956
462 1794
1699 1877
652 1759
626 645
112 958
934 1024
482 1137
133 699
24 1378
1243 1784
1887 1907
170 1522
677 856
310 1461
498 703
698 909
848 1297
1538 1756
85 1349
88 1479
589 1184
702 1488
49 1165
692 1800
895 961
270 1794
669 1284
54 1800
1475 1498
503 1278
62 85
190 1339
1117 1243
353 745
1271 1594
1005 1150
1641 1790
1067 1300
979 1461
332 1889
1737 1872
7 1489
564 1082
860 1849
290 609
345 974
87 958
503 1002
121 669
345 647
939 1176
1450 1689
1188 1868
609 1485
690 1036
496 1479
1093 1104
183 1583
348 1030
557 572
669 1794
66 698
557 1311
87 763
690 1723
745 1035
606 1078
498 520
170 1583
999 1297
544 1855
544 1057
872 1082
436 616
408 1412
1367 1800
266 1445
1405 1583
1365 1609
409 694
349 1157
902 1819
1759 1975
512 1068
24 732
345 495
1256 1604
548 1157
396 592
503 1099
455 704
1682 1790
29 195
254 301
566 1788
831 1887
49 98
600 1923
1318 1445
87 601
595 694
266 1423
584 1868
724 1087
1065 1920
216 1667
503 897
283 1068
737 1082
779 1157
651 906
937 1243
412 1106
49 1949
618 1030
362 614
359 641
255 934
546 1981
892 1372
1030 1575
764 1759
146 1415
694 1129
570 1067
900 1756
900 1259
669 900
457 1323
770 1611
24 1463
544 821
14 1067
89 412
450 1157
933 1759
718 958
958 1281
586 1479
412 803
640 1445
957 1152
984 1274
921 1571
199 436
1125 1849
209 1877
1175 1756
1082 1196
1060 1727
896 1228
1307 1835
253 353
1386 1819
1800 1834
24 1157
794 1461
573 1339
1553 1623
585 1889
974 1934
240 939
53 229
1137 1256
672 992
353 1258
1152 1925
965 1887
330 1475
609 1958
1756 1776
24 1525
1065 1126
347 988
958 994
1210 1415
691 1415
641 1737
669 1362
794 1863
436 1450
1231 1683
1034 1243
1030 1664
170 439
1504 1667
397 1889
87 1235
606 1941
1068 1708
829 1576
966 1479
1339 1369
575 1597
1158 1614
801 932
694 1918
170 685
515 934
148 677
7 1027
494 1430
266 411
1157 1994
549 669
407 626
829 1324
698 871
92 1360
436 1419
704 1579
1430 1446
279 1597
641 1315
63 508
921 1261
170 1640
523 704
641 1443
27 1586
768 1297
396 948
921 1804
1219 1540
343 1390
85 1230
609 985
702 1972
1067 1091
1372 1544
949 1372
300 906
170 254
709 1597
369 1372
1117 1215
195 1345
906 1257
45 1372
638 1365
184 1819
1339 1470
641 1870
805 1475
540 702
202 1030
1256 1807
906 1952
498 1613
92 526
1365 1620
1283 1793
1134 1372
1115 1307
631 1793
120 1583
1055 1838
93 345
606 1116
339 895
87 1587
560 1790
362 1936
657 677
405 623
233 603
600 1480
566 813
1461 1637
396 1182
1727 1889
900 1732
1339 1729
699 1548
1390 1766
170 1316
829 1411
401 906
160 925
27 623
362 653
432 606
140 436
256 1366
80 1104
1030 1149
702 1741
420 1590
9 1372
1540 1750
1529 1800
644 1597
837 1184
325 651
258 798
337 1158
932 1331
1445 1764
1352 1838
1120 1793
1725 1819
376 906
422 1877
347 1203
810 1117
170 1286
1184 1496
33 669
291 1583
829 1152
606 953
1088 1838
1040 1068
490 544
66 1780
310 1041
787 992
1323 1730
702 931
639 794
498 977
626 686
677 1540
1104 1802
338 1157
1298 1583
396 1933
96 900
400 557
1108 1597
389 669
1152 1746
362 1275
396 923
424 1445
546 1304
745 1789
1849 1970
1174 1393
626 1840
713 984
228 600
85 1094
973 1445
1502 1794
1082 1566
231 974
396 1499
557 1565
699 1535
894 932
374 606
353 1428
882 1790
63 1513
1572 1611
160 1233
1110 1152
1288 1450
603 1096
514 1174
932 1417
1157 1814
170 1474
711 958
901 1667
258 510
371 1583
1547 1597
1158 1841
546 1209
63 1660
708 1793
26 1150
266 1719
221 794
408 1771
992 1519
347 546
744 1445
1114 1737
24 1995
1030 1320
1086 1479
817 1390
310 1031
1030 1406
293 932
1759 1868
532 1339
214 623
566 1223
63 588
747 1623
699 1066
729 921
239 1067
750 1868
1115 1959
164 412
128 254
353 671
524 1759
626 1037
172 313
974 1017
362 716
786 1667
412 823
641 1365
436 1537
544 1653
651 1790
1540 1886
160 839
893 1800
362 1971
629 651
1000 1461
603 1610
1271 1686
1271 1793
741 934
1652 1790
362 1589
11 1323
704 992
87 375
1449 1611
7 1679
238 609
694 1666
623 959
600 942
286 651
648 984
170 1705
24 163
699 1957
123 1667
1152 1248
940 1727
85 1020
941 1137
646 1849
699 852
743 992
992 1531
353 1195
992 1853
702 1231
383 1366
27 387
1228 1903
745 1950
921 1567
52 1540
1339 1673
1179 1650
27 681
544 627
1323 1833
982 1415
394 1737
724 1014
626 1663
175 412
745 1366
698 1413
268 408
100 829
206 1158
932 1500
254 1557
794 1901
146 1319
797 876
194 1794
1214 1597
195 1963
195 636
1819 1955
7 780
16 1727
310 1455
27 1806
557 1736
557 916
170 1646
800 1667
934 1632
195 1675
87 794
266 434
151 1082
1016 1793
213 313
258 760
1162 1800
503 724
82 420
1335 1479
525 609
1305 1597
1184 1458
86 566
600 634
1068 1823
876 1819
528 1231
452 895
1447 1849
347 795
7 362
104 1065
170 444
1737 1864
447 699
193 1475
1704 1838
651 1102
443 1415
1073 1104
237 345
876 1938
91 1157
87 1456
298 1450
900 1954
1137 1475
59 195
974 1460
566 603
1045 1838
362 673
772 1030
87 1785
1273 1623
114 503
1152 1169
806 1445
49 796
727 1365
155 1475
24 1767
1179 1403
568 939
408 533
1667 1745
1266 1390
7 543
694 1366
134 412
191 704
459 1887
456 829
345 1424
546 1521
794 853
1123 1849
299 420
669 1081
1115 1967
600 1779
1372 1639
1063 1179
1737 1991
296 829
974 1716
825 921
719 974
699 1727
1877 1964
677 1435
313 1899
1150 1241
1450 1733
1445 1849
261 1271
1323 1527
546 1564
557 1543
630 958
530 609
498 1409
1372 1667
146 1627
49 347
55 170
555 876
1256 1827
1562 1887
445 1179
546 1244
702 1974
154 254
170 1603
669 1616
1224 1838
218 1297
501 1450
921 1117
1783 1849
254 1998
694 1277
254 1370
347 1059
362 1692
1183 1184
1430 1761
1357 1415
1095 1623
746 794
24 1251
702 1464
1042 1800
895 1478
594 1540
220 498
600 1742
984 1644
695 1415
546 596
203 1793
918 1297
18 436
85 1966
698 1153
578 1887
1356 1611
704 881
1012 1256
745 904
728 1137
66 454
234 724
927 1540
