2000
194 1562
1404 1637
1415 1436
79 1140
744 812
495 752
1331 1558
674 1608
822 969
34 982
913 1881
753 1228
812 920
541 892
540 1054
1458 1562
215 1211
208 1101
674 818
211 939
1332 1675
143 816
1466 1990
25 1314
1324 1833
526 902
670 1367
400 1129
161 632
228 1913
636 1037
827 1585
12 865
322 1558
563 1548
168 211
207 984
841 1089
606 634
468 841
147 837
704 1083
471 1211
748 966
161 1134
1129 1368
220 707
136 199
1142 1324
652 1457
1893 1967
762 1851
267 486
837 1486
1013 1913
319 491
8 704
256 570
685 1930
439 1667
862 1243
432 1928
969 1545
175 1415
592 1336
1212 1246
162 1928
383 662
499 1559
806 836
541 543
550 911
183 300
723 837
574 971
420 1990
421 1279
1079 1596
969 1641
421 1024
13 1986
401 1913
304 661
1303 1990
199 576
707 802
414 1419
865 1516
249 1644
1030 1548
25 972
774 1372
91 1893
223 959
606 1652
987 1164
41 564
621 704
197 1505
183 1288
59 195
950 1415
1 1913
290 296
823 1228
1330 1404
521 606
41 1342
170 707
380 541
227 1611
128 486
774 1456
1116 1853
346 1129
581 1037
896 902
1613 1626
674 1023
1514 1989
657 1558
475 1572
1211 1649
74 1062
605 881
482 1881
555 1562
195 366
961 1549
63 1211
778 984
1457 1697
752 1114
836 1271
718 1198
960 1818
1046 1363
1254 1572
272 1913
587 1101
1225 1562
338 902
129 1269
1572 1887
273 1851
6 79
1562 1581
725 1379
1869 1979
752 808
210 1575
91 1979
1805 1979
621 1851
352 1491
145 570
227 1691
74 370
1409 1979
554 1415
706 1675
249 1344
25 1008
1169 1433
347 985
384 1520
319 1806
1799 1851
1216 1759
872 1897
312 1211
78 1116
662 1329
541 1590
311 1054
707 1447
396 1336
492 1698
69 1713
1039 1367
76 1246
1277 1989
213 704
10 682
1135 1404
201 541
445 707
1373 1675
154 1698
1154 1851
34 1628
246 1930
752 1765
249 1700
805 1031
199 221
143 788
699 1228
879 1031
1893 1941
621 1336
88 969
290 561
183 281
1978 1990
347 675
66 725
25 1231
328 544
0 319
509 1851
210 1402
21 1116
1305 1457
890 1355
382 515
323 384
774 1752
1115 1572
266 1079
1211 1643
231 1979
674 1605
143 792
707 925
1111 1228
1375 1838
1101 1754
31 1713
911 1461
662 732
1107 1562
1190 1228
444 865
1549 1778
161 1205
836 1051
1293 1415
358 902
452 486
183 429
68 738
1141 1363
836 838
841 1122
574 1857
381 1079
931 1559
570 1272
1356 1419
286 748
859 1037
813 1559
1104 1624
1559 1564
618 827
1037 1489
739 1986
1269 1344
575 1897
284 1929
276 984
3 1645
307 1698
11 486
827 852
407 1572
290 294
107 1375
329 1324
1065 1613
1375 1950
61 1624
1045 1101
439 1866
570 1956
573 1713
110 211
613 890
557 1698
969 1822
820 1246
827 873
764 1913
1116 1975
1109 1198
570 1837
1441 1511
204 812
116 1367
431 698
183 534
196 552
633 1457
902 1000
1266 1457
1419 1775
766 1306
156 1558
155 1211
1550 1759
46 605
210 1283
133 328
782 1624
91 1995
3 1473
716 725
196 1595
505 1989
264 862
812 1118
421 562
479 959
384 727
836 1680
1160 1995
11 196
605 906
447 1101
952 1698
836 866
662 1507
531 1851
210 1410
249 558
1228 1682
27 1419
1404 1705
3 92
230 1928
1326 1415
1408 1415
825 1504
606 621
506 1726
766 833
959 1530
11 211
293 1228
4 570
347 1834
827 1463
183 556
774 991
94 1228
494 1363
1404 1709
621 1624
176 1365
837 1770
219 1116
766 1878
570 924
836 1344
862 1810
143 1803
661 1807
911 1097
857 1929
388 1101
74 1552
188 1375
1211 1998
836 1067
1650 1881
1457 1993
197 1132
1255 1336
870 1562
1488 1851
465 959
74 942
11 183
725 1826
541 1184
1079 1903
606 1490
119 605
182 841
662 1571
1929 1988
211 449
687 1986
791 1116
703 1995
461 1246
682 1201
290 749
3 11
1152 1990
3 1460
1001 1404
486 1782
3 1589
166 1037
297 865
1079 1719
528 1549
1211 1306
210 848
328 1708
199 1512
1309 1504
466 662
328 905
1246 1557
1189 1928
1294 1404
79 1960
1031 1829
707 1544
602 1989
1147 1336
91 748
837 1655
290 768
1613 1895
865 1996
382 1917
1763 1979
197 334
1296 1558
5 662
361 1211
861 1929
11 969
227 621
91 1511
1376 1675
1338 1367
1673 1713
1800 1930
364 704
352 434
89 1031
621 827
68 767
1424 1548
680 1548
460 841
605 1256
249 496
176 1912
402 1986
569 1457
105 1851
1318 1759
831 1713
1336 1658
752 1487
347 375
1169 1613
195 1185
199 1261
199 512
812 1380
327 1363
1504 1631
227 1684
79 1280
596 725
192 837
545 605
328 798
704 1322
352 1629
841 922
662 907
507 1613
99 249
704 1297
68 1742
803 1324
67 197
314 1246
1419 1748
836 1849
54 674
1440 1881
211 863
1226 1457
614 1101
541 949
865 1945
240 1624
408 486
1211 1702
439 1214
197 1177
41 655
352 1099
1572 1925
247 1324
91 959
161 611
606 1525
347 1241
79 1209
1367 1670
211 742
1451 1548
707 1032
786 1549
836 1469
153 1504
371 1037
621 1228
68 1310
969 1706
74 191
1324 1362
423 1893
262 1897
969 983
41 1879
606 717
1079 1191
911 1306
227 656
1343 1549
1116 1647
682 1617
951 1269
196 1768
290 644
53 987
34 1740
911 1900
890 1762
25 607
486 1026
1035 1548
965 1457
674 1674
605 1854
1378 1549
1357 1928
3 1597
1054 1253
227 270
662 844
862 1450
605 1764
197 1553
405 1675
1515 1613
659 841
290 1985
319 1517
865 1502
606 1495
29 902
1101 1384
161 1958
1037 1813
647 1427
387 1116
617 725
382 1422
911 1774
915 1989
472 959
542 984
1850 1893
211 1927
1527 1548
379 984
674 1439
249 1300
290 1712
176 745
81 1324
878 1759
1198 1358
1169 1324
199 1992
1066 1419
319 894
1090 1269
674 1093
391 1269
421 1825
1054 1546
520 1726
227 760
290 785
180 662
1722 1851
3 1275
137 1375
871 1324
249 355
52 439
513 766
103 1930
195 553
1101 1531
1073 1726
704 1145
41 84
1312 1986
704 885
890 1217
195 945
781 1726
1624 1642
169 319
895 1504
890 1165
1014 1211
725 791
360 1675
25 339
1841 1928
771 1031
249 1856
367 1101
144 890
3 443
1572 1723
11 890
382 1063
959 1886
817 1367
210 736
1399 1881
1106 1759
619 1624
1532 1562
196 397
791 1562
1306 1989
707 1583
195 686
524 1129
352 1169
938 960
960 1464
197 1871
25 1308
1306 1344
25 1074
827 1666
1931 1979
541 1247
216 865
1398 1726
1211 1883
91 698
440 890
1726 1831
183 799
1375 1772
774 1720
568 1759
1421 1726
421 1957
899 1548
865 1789
649 704
791 1246
1298 1990
698 1890
748 1080
756 1324
199 590
984 1061
770 1986
34 1521
176 1860
1653 1989
290 1386
336 1759
678 959
352 898
1101 1306
1149 1415
862 1781
25 1006
1031 1100
704 1598
890 1215
58 827
774 1619
984 1068
837 1776
382 1202
41 1425
299 1986
541 1025
68 1257
748 1686
1404 1954
627 1427
1029 1893
1198 1946
486 1738
682 1232
890 1660
384 1390
984 1448
1031 1344
661 1620
11 143
574 1169
318 987
1133 1511
384 660
1522 1930
1899 1930
1176 1559
911 1429
161 1750
836 1836
902 1963
352 1452
959 1725
143 1888
1427 1736
328 1693
1116 1396
176 876
579 1054
1363 1773
1044 1989
960 1187
108 959
841 1755
74 1344
161 1043
159 1427
605 1791
621 1504
752 1168
139 196
86 1054
1306 1404
146 969
893 1415
984 1003
1427 1602
766 1630
570 1344
994 1881
847 1897
837 1075
661 1814
766 958
1059 1572
586 1549
79 1248
572 1324
944 1419
589 984
536 662
1054 1474
1131 1881
765 1995
210 763
809 1246
44 960
606 1753
662 1182
91 1698
486 1210
777 837
1341 1929
25 416
1211 1651
51 1559
278 960
1101 1453
1801 1979
1228 1482
779 1228
426 574
661 1718
142 841
682 1445
969 1010
389 987
1548 1586
577 1504
1344 1986
112 1913
682 1170
68 1760
50 606
516 1079
1751 1986
1419 1662
841 1633
158 1559
79 1787
435 1930
71 1881
333 661
752 1934
650 1549
347 1098
874 1698
1050 1367
959 1161
1052 1986
183 624
1485 1897
986 1928
1153 1427
39 319
164 1363
11 1726
794 841
257 1079
1511 1612
1020 1613
1207 1367
1127 1995
850 1363
178 197
682 1916
821 1269
352 623
725 1915
570 694
143 1646
95 1930
143 1455
167 984
766 1877
1375 1444
121 1198
1239 1404
211 330
698 1694
1367 1943
960 1265
1054 1987
911 1902
751 1990
425 1129
91 347
352 1128
639 1559
439 458
11 319
143 1968
1211 1905
1053 1427
842 902
47 1336
195 1621
1375 1543
378 1375
960 1606
439 1991
56 421
1337 1698
661 688
68 91
3 392
176 547
960 1592
362 1246
74 693
1270 1324
772 902
25 1566
368 1698
1324 1692
791 1549
1229 1881
1542 1979
34 1286
832 836
352 724
774 1618
210 1186
490 1851
157 766
290 1120
210 1245
1240 1504
606 1904
766 1974
114 176
1019 1989
984 1711
1076 1363
37 143
326 1511
161 1565
41 1395
1302 1558
909 1336
3 462
189 865
789 1101
1092 1759
559 774
1084 1336
183 459
1852 1928
255 752
1228 1914
34 1126
328 1867
91 682
23 1324
409 987
1289 1558
320 1572
940 1613
1011 1427
1983 1989
369 1367
969 1767
214 347
196 1426
328 393
484 486
987 1060
203 605
1037 1863
382 1442
530 1713
185 1624
700 1363
217 1929
704 937
862 1158
48 766
477 1713
865 1811
743 1511
1504 1973
227 1796
902 1284
354 1562
1654 1726
372 698
1848 1928
865 1671
473 959
306 1562
1057 1559
151 1913
352 504
165 210
196 793
34 1371
1211 1385
1108 1246
183 993
837 1418
359 1759
74 988
233 1930
72 176
79 519
386 1624
74 797
3 126
1363 1792
1017 1054
741 1624
1675 1964
205 698
674 1179
79 1577
605 954
537 661
421 1663
987 1761
313 541
1101 1567
450 1404
456 1893
152 249
904 1457
862 1872
1504 1771
227 1982
1028 1548
661 1349
1457 1804
301 1726
774 845
518 704
682 1196
574 1940
197 1481
541 1493
916 1198
1116 1125
774 981
606 1397
1786 1893
837 1333
68 1163
801 1031
934 1698
837 1169
748 1328
451 752
999 1759
646 1897
748 1939
862 1085
148 1986
830 1511
80 347
748 1162
1113 1624
122 1415
987 1935
143 594
674 1307
508 774
210 263
480 1427
1269 1568
195 1173
1274 1624
1301 1457
271 987
890 1360
290 1096
33 605
196 1821
34 1710
345 1079
890 1278
928 1054
748 1156
101 841
134 1979
1188 1572
210 224
662 1910
446 1928
1363 1509
34 525
538 574
1541 1548
829 902
195 419
236 1851
987 1361
74 1264
1415 1885
25 261
662 1454
1549 1739
163 1989
1457 1537
1200 1558
171 1549
637 812
3 1468
1198 1281
11 674
1198 1936
196 1094
328 1634
1246 1868
919 1979
97 347
57 1427
541 610
1054 1306
791 1415
654 1562
275 1079
824 1613
199 1688
1169 1344
730 1054
259 1427
140 143
630 911
42 1511
645 1995
855 1549
319 1656
1427 1749
40 1101
1404 1443
1038 1116
1367 1449
566 827
1238 1986
791 1548
574 1793
249 1880
1079 1462
698 860
421 455
195 884
1528 1624
406 812
274 1562
747 1336
992 1675
227 591
331 1198
227 1777
541 1340
486 731
35 74
698 1413
598 1562
997 1928
41 1016
1726 1847
570 1237
1246 1953
975 1713
1129 1224
662 1870
787 1990
249 1072
978 1726
11 1713
704 1908
570 1411
187 984
412 1759
463 1990
332 752
439 1412
183 1640
737 748
183 1174
752 1403
664 1079
1116 1220
1129 1858
1204 1726
328 1432
746 1054
704 1570
1430 1559
974 1613
195 1784
1047 1198
574 1894
720 862
1129 1459
1306 1572
605 1306
510 1851
91 1367
184 210
421 427
1668 1995
229 1367
1167 1929
282 1562
68 1354
237 725
661 692
1558 1603
34 926
176 667
574 1091
382 721
82 1324
199 1563
1143 1613
1166 1613
766 886
811 1246
176 1387
1336 1846
91 195
439 712
773 1698
595 1913
1457 1724
243 384
493 1511
373 1613
1079 1533
1251 1404
836 1622
1862 1913
183 1632
382 1717
98 1079
902 1130
421 713
1562 1615
1959 1989
651 1511
483 752
298 1759
1407 1548
1648 1989
249 1561
467 890
1501 1851
1336 1924
1820 1989
315 1613
1881 1932
131 984
384 390
11 1897
1420 1913
87 837
1579 1995
74 115
352 1865
470 1246
912 1228
1689 1893
34 1169
227 776
752 1465
24 1558
570 1252
73 1990
877 1990
1367 1681
319 1875
987 1306
1031 1222
854 1415
353 439
1808 1928
841 1306
424 862
384 578
1677 1986
858 1675
38 1427
708 1101
601 704
382 1832
439 923
839 1979
791 902
698 1478
791 1881
621 1344
1734 1929
780 1930
161 1999
641 987
827 1659
908 1559
1499 1559
1345 1457
227 948
1034 1129
551 890
1835 1989
698 901
308 384
1851 1952
295 1897
41 932
936 1228
827 1506
1037 1587
1031 1817
174 1269
1558 1639
969 1233
668 1726
211 631
769 774
209 227
96 748
865 941
766 1714
430 1198
117 1726
3 351
911 1393
161 846
709 1881
674 929
612 812
347 1496
1559 1901
1556 1675
422 862
621 1558
210 522
382 1313
1759 1976
1002 1198
704 1151
1511 1873
176 1250
1031 1970
804 1979
565 1675
438 1979
725 1321
725 1735
690 752
226 1930
722 725
1246 1476
384 399
1435 1913
734 960
342 698
1027 1990
74 1042
196 914
41 683
352 1292
176 1236
254 707
1324 1535
161 1087
791 1675
45 1116
666 1930
486 1069
837 1884
197 853
1018 1269
41 340
411 707
791 1913
439 1178
959 1383
1540 1713
79 1503
74 729
382 621
1036 1129
580 827
1007 1559
890 1262
415 698
1198 1609
41 1041
385 661
132 774
1415 1523
1101 1524
41 791
16 1404
1746 1897
3 616
681 1881
827 897
1150 1548
1353 1559
249 1070
682 1193
606 979
486 487
382 1733
421 1966
18 79
384 498
1064 1504
11 812
120 328
195 597
74 1690
701 1375
640 865
130 1928
25 1249
862 1169
1211 1235
474 1228
810 1031
748 1949
868 1713
244 605
1851 1942
481 1427
357 1698
698 1918
265 1269
279 606
310 766
911 1938
1547 1930
328 1169
1037 1169
529 1930
457 1198
1022 1989
674 1121
748 1195
85 486
603 1929
1169 1457
1323 1675
34 1366
347 1824
1269 1898
1268 1549
335 960
987 1560
398 862
604 1572
560 1928
841 1743
41 1980
135 1129
252 1504
725 1756
384 1348
337 1897
1344 1929
588 1375
1504 1891
827 1172
698 943
957 1995
1213 1851
1223 1913
124 1363
79 1896
682 1048
911 1194
900 1698
837 1103
25 967
704 1830
1123 1995
532 661
1713 1855
1431 1930
862 1933
1116 1139
976 1897
1367 1508
514 1558
984 1981
541 1864
242 725
1572 1795
882 902
143 1479
74 235
911 1534
953 1897
239 1624
574 849
404 748
987 1661
1037 1056
911 1438
661 710
253 969
1110 1986
1526 1613
193 1367
707 930
290 843
25 834
319 1994
11 865
517 1375
377 960
439 665
800 1989
902 1117
1234 1457
352 695
638 1851
682 1339
1364 1613
1513 1548
1054 1984
865 1391
570 796
79 621
403 1211
7 1415
1457 1498
1055 1246
1747 1897
176 1290
324 1198
783 1979
102 1990
1037 1623
600 1031
384 453
570 1347
1306 1419
1876 1989
1159 1419
574 1538
176 1327
682 1757
196 1258
684 1979
186 1929
43 1054
289 382
1228 1672
911 1977
757 1269
77 1415
1394 1559
571 865
374 384
469 1698
676 1336
161 955
911 1599
672 1559
347 1472
1549 1780
1317 1713
55 1246
987 1971
1427 1685
890 1086
862 1471
109 143
83 1897
11 1344
454 1101
867 1913
969 1315
19 347
68 533
290 1730
1219 1897
196 1816
502 969
959 1346
1119 1562
947 1675
812 1696
1336 1676
1137 1995
211 946
980 1116
486 653
211 442
1406 1549
661 1295
179 707
79 106
1572 1969
269 1116
64 249
626 1324
260 1419
68 173
1558 1951
211 673
68 1012
90 1986
91 1363
382 1707
319 728
25 1815
212 606
197 1157
987 1082
1511 1625
350 439
582 1375
984 1701
79 488
758 1169
1555 1558
511 1979
28 79
815 1759
752 1144
1058 1881
199 918
485 674
199 1588
752 851
319 1005
290 1414
127 1031
238 319
541 759
1171 1928
1269 1574
241 1037
1071 1129
249 549
674 935
384 1766
1627 1929
384 621
197 1779
382 1721
790 960
1336 1769
766 1004
766 1446
1316 1419
160 1031
195 1494
25 1972
325 421
199 1480
1593 1928
363 1419
605 658
143 970
1698 1823
890 1510
1031 1208
291 384
1203 1881
682 883
960 1169
384 1437
1511 1819
344 1986
309 486
628 1881
1285 1995
74 711
523 661
677 1116
752 1306
343 960
68 280
791 1375
1375 1669
1419 1745
1136 1897
605 1434
977 1913
1306 1930
754 827
32 911
210 1306
20 766
1404 1909
68 726
841 1616
1363 1827
199 621
161 1580
570 856
2 195
199 1679
740 837
211 733
305 1979
232 1698
1146 1363
34 1965
725 996
1129 1334
959 1783
615 1986
197 1374
548 1504
707 791
486 1737
436 439
1037 1227
836 1423
143 625
812 1260
605 1874
497 1079
605 927
68 921
725 1926
1665 1726
1079 1169
1037 1798
319 1797
1744 1995
245 328
698 1948
1198 1576
34 234
62 1624
1105 1893
635 1548
1614 1995
902 1728
1610 1897
1054 1112
439 819
196 356
583 1269
725 1009
1400 1995
3 1381
766 1911
1715 1990
1607 1929
1636 1929
413 774
774 1704
225 1675
1369 1404
352 989
964 1269
227 1199
143 1727
674 1922
748 1573
827 1267
118 1404
1129 1569
1129 1790
837 1218
172 382
347 1497
1906 1929
464 486
812 1033
501 836
60 606
674 1276
382 784
674 1794
911 1703
707 1962
864 1713
584 812
527 1246
735 1698
433 1375
714 837
138 606
775 865
669 1930
183 1299
1037 1282
1124 1504
11 421
222 1726
841 1428
987 990
183 277
1287 1511
969 1921
1180 1375
609 1228
836 1604
1081 1504
34 1539
421 1291
1273 1511
963 1116
394 682
1519 1893
960 1405
319 1155
65 199
199 807
68 1259
91 290
682 1584
14 606
774 1325
421 593
1624 1889
418 766
197 1500
26 34
682 702
441 748
218 1713
1198 1306
1197 1511
176 599
181 1881
74 689
1031 1551
682 1377
1169 1928
841 1221
570 1758
791 1129
570 1175
812 1351
428 1675
725 1529
417 969
149 748
888 1929
1230 1548
662 1470
17 1893
41 1263
1269 1741
827 828
663 1269
621 984
382 1657
227 691
210 1183
1324 1635
41 125
268 1613
197 1169
1079 1536
196 1601
395 1511
1572 1920
887 1504
93 836
1483 1558
698 1600
195 620
177 211
629 1549
197 1785
123 1990
11 662
210 705
1675 1840
1802 1893
196 880
49 195
959 1388
347 1961
539 1129
251 290
30 698
439 903
91 661
1148 1698
478 707
196 1944
755 1986
1363 1947
347 1417
662 933
91 439
1192 1675
34 1687
328 1955
211 349
567 661
100 1929
1078 1726
328 1919
206 421
1311 1995
249 715
248 249
352 500
211 1077
176 1892
841 1729
176 1138
1572 1839
1731 1913
998 1419
1344 1990
973 1363
541 1594
1415 1638
41 1040
960 1382
328 1937
812 835
812 956
421 585
541 1664
707 1350
671 1419
489 1548
36 328
70 1713
91 1344
1336 1477
352 608
696 1572
836 1392
290 1923
869 959
1206 1881
1304 1893
183 283
104 827
365 1562
439 1845
41 968
1037 1582
111 1336
317 319
288 1079
22 707
141 1363
287 969
750 1624
1401 1572
1844 1897
15 161
1404 1518
3 476
341 862
1812 1913
643 1419
1554 1930
1990 1997
1416 1759
812 1467
622 1558
227 826
1427 1842
959 1484
1306 1759
302 862
1893 1907
917 1504
875 1990
437 890
352 1882
679 1713
196 546
503 1511
1359 1375
648 1031
79 910
347 1809
68 891
3 814
1021 1427
1102 1893
1228 1320
227 1049
321 1713
995 1037
642 902
1415 1475
150 211
421 761
960 1859
719 987
774 1716
198 984
68 1732
748 1181
199 1695
1336 1591
1054 1578
258 1558
183 348
902 1492
34 202
200 1759
791 1344
161 285
376 1367
210 1352
9 319
448 1893
161 1678
889 1198
541 791
698 1242
1683 1929
75 195
113 197
621 1427
250 1995
292 328
535 1893
1244 1269
303 1928
143 410
79 1843
25 791
190 1549
1129 1319
161 1788
1054 1389
176 1344
661 1699
812 1335
1549 1861
197 1370
1088 1995
752 962
1169 1559
161 621
795 1613
1759 1828
774 1344
697 1367
840 1624
1015 1419
862 1095
316 570
