2000
1836 1843
1038 1054
253 255
703 716
1739 1748
1705 1712
1102 1106
1529 1543
1418 1432
670 675
1102 1114
910 916
1465 1474
1918 1930
573 586
1418 1422
974 987
910 917
1755 1771
348 359
1836 1848
847 860
1852 1860
1529 1542
348 351
1054 1065
1004 1007
0 1
910 925
1869 1879
1085 1098
1918 1928
1102 1113
1739 1746
220 228
64 66
1182 1190
1722 1734
1354 1355
1625 1628
1418 1423
1214 1227
1465 1473
1705 1707
425 427
1820 1829
1402 1417
1934 1945
1167 1168
1152 1160
110 112
1450 1461
1690 1697
815 825
1278 1288
363 368
622 633
670 683
1004 1014
1705 1716
751 760
174 186
815 823
523 525
1659 1660
622 629
1167 1181
442 451
1593 1594
1788 1790
1886 1899
1229 1233
142 148
333 344
1152 1165
1576 1591
1229 1241
1229 1232
1387 1388
523 540
1465 1481
1136 1147
1167 1180
1136 1140
766 775
1529 1538
1514 1517
95 104
1950 1964
1167 1174
894 896
284 301
1918 1924
605 614
959 965
1214 1222
1435 1438
1450 1454
989 993
894 906
1705 1709
459 474
1004 1012
1323 1326
1152 1154
1625 1635
1771 1782
1418 1433
766 780
1514 1527
348 360
1771 1779
425 437
798 813
605 615
556 566
301 305
190 196
1788 1801
126 139
1869 1878
1950 1960
363 370
1497 1514
1739 1740
1004 1019
348 353
284 290
190 199
670 686
95 105
492 494
1182 1186
64 72
410 422
974 989
1576 1589
1278 1289
1998 1999
142 156
1820 1821
540 542
832 846
1119 1136
15 30
751 763
1481 1483
718 725
1214 1229
1278 1285
1102 1116
1852 1866
1836 1837
333 339
735 747
1323 1335
475 484
686 688
1722 1728
410 423
1197 1213
1136 1150
1497 1503
253 265
1529 1534
1293 1307
1119 1120
284 296
1402 1404
1197 1200
110 118
1182 1189
1529 1536
1514 1519
1246 1256
1102 1117
573 582
1561 1575
1418 1428
894 899
442 455
1852 1868
781 783
110 116
1966 1979
1576 1593
589 592
1886 1887
1561 1571
1755 1761
459 465
910 918
333 346
1901 1908
832 841
1465 1472
15 21
220 235
638 652
110 123
686 689
348 350
31 39
1739 1753
174 182
638 648
1085 1087
1102 1119
1293 1303
605 612
475 476
1054 1058
1136 1152
110 124
1771 1783
190 205
1771 1781
832 835
589 594
1869 1877
989 994
31 41
1625 1636
158 170
1152 1156
718 722
1402 1406
1705 1719
1418 1431
1771 1786
0 9
1705 1721
142 144
1593 1604
379 394
142 152
862 870
236 244
605 619
316 321
190 197
1820 1831
622 637
507 522
1119 1121
766 768
1435 1436
735 749
670 685
573 574
333 335
1435 1442
80 88
974 988
670 682
110 119
1136 1142
735 751
64 65
1214 1223
1497 1504
1886 1901
459 469
556 562
1308 1316
1690 1696
1561 1564
1323 1328
1246 1247
80 84
1852 1855
1085 1086
1262 1275
1609 1615
363 372
894 901
1197 1208
1950 1955
1659 1671
1544 1545
236 245
1214 1220
1481 1484
974 986
1293 1296
1771 1778
832 836
1370 1382
1278 1284
1805 1816
1755 1768
847 858
1642 1644
894 908
1674 1687
1370 1374
268 274
333 345
1529 1539
815 832
847 851
1465 1468
1722 1729
1544 1548
1167 1178
1739 1741
348 362
1934 1943
1901 1917
751 765
686 694
735 742
379 387
410 425
670 672
301 310
1293 1302
1197 1198
894 900
1481 1491
735 750
1901 1918
1659 1661
442 443
622 630
1576 1587
781 790
1102 1115
1229 1237
832 839
540 543
126 134
190 191
1722 1727
363 365
1182 1187
1805 1814
556 568
1152 1164
95 98
653 662
1085 1097
589 598
718 721
1278 1293
301 304
1950 1961
1418 1427
459 464
64 77
1278 1287
15 26
605 618
1659 1665
1293 1295
1820 1833
1038 1051
316 329
363 378
815 829
1497 1500
703 715
80 89
1593 1605
781 784
31 48
425 428
284 293
989 992
686 693
492 493
1338 1350
1354 1357
686 699
703 704
989 999
1934 1946
1085 1100
605 616
1102 1118
1609 1617
492 507
1021 1032
1659 1669
1402 1411
1739 1750
638 653
1435 1448
1085 1095
475 486
1152 1167
459 473
523 536
220 231
1070 1076
1982 1983
236 242
1021 1035
174 178
959 966
316 318
1262 1265
507 517
1576 1582
926 929
1918 1921
379 389
1674 1675
95 103
686 703
284 297
236 239
442 452
1054 1064
751 759
1836 1852
877 890
1901 1909
253 259
1481 1482
1722 1737
1705 1713
126 132
653 668
862 869
475 491
1593 1609
781 785
284 289
158 165
1514 1529
395 406
507 520
363 367
1514 1518
1197 1203
363 374
253 257
894 903
1182 1183
1167 1170
1354 1365
1609 1624
0 5
605 613
268 272
1561 1562
316 327
1435 1445
622 623
316 322
1901 1913
1886 1894
31 43
1308 1315
1481 1493
205 216
1950 1954
442 458
1354 1358
348 349
926 933
1659 1663
1229 1235
942 959
363 377
1982 1988
766 773
862 863
1642 1654
1465 1475
459 472
573 583
1038 1046
190 198
942 951
268 278
1070 1079
556 564
220 225
862 867
1021 1022
1182 1197
1609 1614
1869 1875
80 92
942 950
862 877
751 764
815 830
1167 1179
31 35
653 667
492 504
1229 1244
1966 1982
1402 1405
1901 1916
798 812
1370 1375
301 309
158 172
1544 1550
1674 1677
1070 1083
1576 1590
348 363
205 218
1561 1576
379 388
926 931
847 857
1262 1277
1338 1339
556 572
1246 1254
798 809
1690 1701
1004 1009
766 769
1982 1998
1338 1344
1901 1910
205 220
1755 1770
1070 1080
1561 1566
316 317
1246 1258
523 533
1674 1685
333 347
1246 1259
1755 1765
80 83
1836 1840
1402 1403
686 702
284 291
1918 1923
926 928
1387 1397
1387 1400
1918 1934
1514 1524
1354 1368
1152 1161
926 939
1136 1144
410 415
205 210
220 222
1820 1827
1642 1643
475 487
333 340
95 101
1852 1869
1950 1951
425 439
926 932
1152 1163
1119 1129
718 731
395 410
31 44
1085 1091
1869 1886
1609 1622
1690 1698
959 974
1771 1785
1836 1846
126 142
1918 1925
573 585
1119 1127
126 127
1966 1971
301 316
798 799
1771 1774
1690 1699
1966 1970
1901 1915
1593 1597
410 416
1788 1797
442 450
718 727
301 315
1659 1672
1070 1085
395 397
1755 1760
126 130
1338 1353
110 121
735 736
1021 1028
333 336
64 74
1901 1906
1387 1390
1576 1583
751 754
379 390
507 523
1739 1755
1950 1962
1788 1791
1674 1688
798 801
910 914
1102 1103
622 625
1514 1522
15 23
847 855
942 944
1152 1158
1982 1992
492 499
64 75
142 154
442 453
1755 1762
268 271
1820 1826
1246 1253
1529 1541
410 413
974 980
605 610
686 687
1642 1648
31 46
190 201
48 64
301 307
126 137
1402 1408
556 570
1918 1931
205 208
1836 1842
589 605
1982 1984
31 47
877 888
1152 1159
1771 1773
989 995
942 952
1805 1815
751 755
1182 1195
1197 1211
1246 1261
80 87
236 252
622 626
1529 1532
1102 1110
1323 1331
1788 1794
703 711
348 361
1934 1941
1418 1424
190 202
268 277
316 331
1982 1990
1593 1595
1836 1850
589 590
1119 1130
1934 1938
974 983
910 913
48 58
622 627
1167 1169
1982 1987
1497 1505
1085 1101
605 620
1323 1334
1054 1060
475 479
1934 1940
766 767
379 395
1021 1036
425 434
268 275
1450 1465
605 608
31 42
174 185
110 122
832 838
1966 1974
1755 1767
877 884
1167 1177
959 968
974 984
1229 1243
1739 1752
1901 1912
1642 1655
556 573
718 720
1197 1210
379 386
1338 1347
1246 1249
798 805
268 270
1354 1363
1278 1280
1836 1847
1497 1507
1119 1126
1836 1838
1609 1612
174 184
1755 1764
942 955
1659 1667
1262 1274
1852 1864
638 647
190 194
1934 1939
703 712
766 771
798 802
862 875
1836 1844
703 718
1152 1166
1054 1067
1119 1125
333 343
540 555
1004 1013
1418 1434
158 161
1690 1694
781 786
703 709
877 885
1246 1250
475 492
1642 1657
1852 1862
622 632
316 324
1136 1149
1246 1257
959 967
1642 1649
507 509
989 1001
751 761
174 190
1544 1559
1625 1630
1465 1478
605 606
1561 1570
1370 1380
31 38
877 889
718 733
751 757
1293 1308
1982 1989
589 597
1293 1299
492 503
1070 1084
847 853
220 226
862 874
1820 1832
1690 1692
832 845
284 295
492 495
847 859
1085 1092
1450 1464
205 217
1354 1369
1338 1354
1886 1889
1214 1221
80 81
1435 1450
847 850
205 212
379 383
523 528
638 641
877 894
1370 1383
475 483
1674 1690
363 376
1085 1089
1402 1409
1021 1025
1262 1263
1370 1378
1038 1048
974 985
1338 1343
379 384
442 447
1481 1497
205 211
1593 1600
1402 1416
95 106
1323 1336
815 817
638 640
205 209
573 577
220 233
1609 1623
410 424
1370 1377
142 146
1852 1858
638 645
1576 1584
910 919
766 778
1593 1607
703 705
1465 1466
1593 1603
959 971
284 286
1497 1502
1229 1239
442 446
1497 1499
894 905
1054 1055
1918 1919
459 462
1966 1969
1308 1323
781 796
1805 1809
425 441
174 183
1293 1297
410 418
781 794
942 956
1886 1898
766 776
815 819
798 806
1481 1494
31 34
236 238
1246 1252
15 19
1497 1513
1886 1888
507 512
1214 1216
1054 1069
1465 1476
1722 1732
1625 1632
1054 1068
1338 1340
492 502
348 357
989 998
268 283
1054 1056
1966 1977
1338 1348
1293 1294
877 883
1514 1528
442 454
1852 1867
910 923
1182 1191
1886 1893
1338 1349
459 463
1004 1010
1514 1523
1262 1267
442 445
1576 1579
1609 1616
363 373
1152 1162
1966 1972
142 151
1642 1646
1788 1804
64 73
507 511
1544 1558
523 539
735 739
459 466
174 177
459 471
395 409
316 330
425 442
1514 1526
877 880
1435 1440
1323 1327
815 822
1262 1278
1481 1488
1214 1215
1038 1043
718 735
1214 1224
1852 1853
395 396
751 756
442 449
15 31
95 109
1593 1602
653 670
64 71
1690 1703
1038 1053
268 269
573 575
1387 1394
573 589
142 143
718 726
1481 1495
158 166
301 306
638 650
523 526
64 70
1497 1506
1418 1421
1659 1670
573 587
348 358
1182 1184
1755 1759
284 288
1119 1133
1755 1766
1229 1240
492 505
1338 1346
1771 1777
1387 1398
459 467
877 879
910 924
236 240
158 160
48 49
268 280
1418 1430
1705 1714
333 348
1136 1148
1136 1145
1182 1196
1869 1883
1722 1736
475 477
1869 1872
1950 1963
638 651
31 37
1788 1792
142 147
1722 1731
0 14
1262 1264
253 267
1102 1104
507 514
1705 1710
1054 1061
268 281
589 593
1788 1795
268 273
1901 1905
1529 1544
1805 1808
15 27
31 32
80 95
781 782
1119 1132
301 303
64 68
1950 1966
1004 1006
1070 1071
1722 1723
974 982
815 824
1054 1063
1450 1460
475 481
253 261
1901 1903
877 878
686 700
1021 1023
459 461
1982 1997
48 63
1886 1891
1659 1673
622 635
1901 1911
220 224
1004 1016
1229 1231
1690 1704
1544 1560
1308 1321
1387 1391
1690 1693
605 607
1805 1806
48 62
1262 1266
959 970
1625 1631
126 128
798 808
1465 1470
301 302
735 738
1852 1863
1593 1608
910 921
605 621
781 797
540 541
1642 1656
1934 1948
333 342
1918 1929
1982 1994
1674 1686
1085 1090
1402 1407
0 7
862 873
1561 1568
1609 1620
1246 1260
1387 1402
1625 1633
80 82
284 285
1722 1739
1054 1059
1805 1820
0 6
1102 1107
1982 1986
589 595
95 110
1805 1807
1197 1201
942 945
1690 1705
1771 1787
174 180
1246 1262
670 673
507 510
926 927
1561 1574
1387 1395
926 938
0 15
110 117
1593 1601
1450 1456
1481 1486
1119 1123
1182 1194
847 861
832 833
80 86
523 532
507 519
158 168
1418 1426
492 498
718 719
95 100
862 868
1934 1935
1102 1109
1070 1075
1214 1217
1278 1282
1722 1735
686 697
1004 1008
1561 1565
798 803
1852 1859
910 912
205 214
1869 1881
1004 1017
1561 1567
926 940
877 881
1246 1255
653 663
158 164
284 300
126 131
1950 1952
1450 1462
1966 1978
926 937
301 308
1402 1418
1450 1463
459 475
718 730
1197 1205
190 195
410 419
1004 1018
670 678
425 432
910 911
1136 1141
622 636
126 135
379 393
862 876
751 762
1561 1572
220 232
1755 1757
781 789
1497 1501
1387 1389
1229 1234
1354 1370
220 229
573 584
894 897
638 643
1788 1800
638 649
316 320
1354 1366
1982 1995
670 684
1308 1319
1609 1613
1869 1870
1544 1549
959 964
638 646
48 51
363 366
1966 1967
1722 1733
1805 1813
877 882
686 695
540 545
1021 1024
316 333
589 591
348 352
48 57
1593 1596
1418 1420
1529 1535
1402 1410
1659 1668
1119 1124
95 107
158 169
1982 1993
1674 1680
1323 1333
540 556
1229 1246
1561 1569
847 856
1004 1020
0 12
1197 1207
0 4
653 656
1886 1892
1788 1803
974 977
1529 1531
142 145
1338 1351
425 440
1102 1108
1038 1039
1481 1490
1886 1900
1038 1042
815 821
1836 1839
333 337
589 601
1085 1094
395 399
15 25
1674 1681
1435 1443
703 708
333 334
220 221
1561 1573
220 236
1820 1825
1788 1805
1308 1310
1869 1882
142 155
1514 1521
205 213
1852 1865
1450 1451
64 80
1229 1238
1869 1884
1529 1537
877 891
284 287
605 609
862 871
1514 1516
1262 1269
1886 1897
1820 1834
442 456
1450 1458
1370 1385
1788 1793
653 660
653 661
507 521
1625 1627
0 11
95 102
735 748
142 150
1739 1743
205 207
1820 1823
1481 1492
523 527
1901 1902
190 203
253 266
220 230
523 529
718 723
1659 1664
190 204
589 600
1450 1455
703 714
253 258
475 488
158 163
1576 1585
1338 1342
1152 1153
1308 1314
1293 1306
158 171
48 54
507 518
1038 1047
1966 1981
1308 1317
573 579
735 746
1278 1283
718 729
1214 1228
622 628
253 263
523 537
220 223
1852 1854
1070 1078
653 658
410 412
158 174
1609 1619
589 599
1293 1304
1544 1546
1418 1419
798 814
425 438
1070 1074
1869 1876
284 292
459 468
395 401
1262 1276
1021 1027
1481 1487
1323 1338
1593 1598
507 508
781 792
1465 1477
1323 1330
1722 1725
1167 1172
1136 1143
1544 1554
1054 1057
523 535
316 326
1354 1361
1674 1689
1152 1157
1852 1856
1642 1652
959 973
1370 1373
395 400
1323 1332
1354 1360
80 93
989 1000
1705 1708
205 219
1497 1512
1278 1291
425 435
253 256
653 657
1308 1311
48 59
894 898
605 611
1544 1547
1136 1146
1705 1718
236 253
1820 1824
1293 1298
1788 1799
1085 1099
1435 1447
1418 1435
492 496
1054 1070
1625 1634
1465 1469
395 405
158 167
1576 1577
989 1002
1934 1947
142 158
110 111
556 560
236 248
1497 1511
1788 1796
942 947
395 398
48 55
1308 1320
1338 1341
1705 1711
1642 1659
832 843
1435 1441
1102 1105
268 282
80 90
236 249
316 325
832 844
1323 1337
832 842
236 237
475 482
735 743
1070 1081
253 254
1950 1958
1625 1637
1966 1973
1625 1639
48 52
1642 1651
1070 1082
333 341
703 717
1674 1684
1387 1401
815 827
1966 1976
703 713
95 99
1004 1021
942 953
253 260
1771 1772
910 922
1370 1386
1642 1650
1739 1749
126 133
410 411
379 382
1418 1429
174 179
15 20
1450 1457
126 136
1278 1286
253 268
1021 1026
1690 1695
1966 1980
1246 1248
894 907
1674 1676
1370 1384
1722 1726
1370 1379
989 997
735 741
926 942
1982 1996
847 849
425 431
80 91
95 96
989 990
1465 1479
174 176
1593 1599
1705 1720
442 444
1497 1508
1262 1268
910 926
1561 1563
703 707
1918 1933
64 76
48 61
751 766
523 538
507 515
1354 1356
236 247
205 206
1576 1588
1982 1991
31 40
735 737
1197 1202
1465 1480
1771 1784
1038 1049
1514 1520
1370 1387
622 624
1323 1325
1167 1175
1593 1606
832 847
236 250
1739 1745
1918 1927
158 159
573 578
862 864
766 779
126 141
15 22
1576 1578
1197 1212
1197 1199
253 262
766 774
1197 1209
1262 1273
1934 1937
1544 1561
126 138
540 544
573 581
718 728
1869 1874
1820 1828
1323 1324
798 804
410 420
1950 1956
379 380
1805 1811
1387 1399
1450 1459
926 936
1418 1425
1852 1861
31 33
442 457
425 429
1771 1780
379 391
686 698
1934 1944
894 902
1497 1510
142 149
1514 1515
1705 1722
540 554
1182 1193
1308 1318
1021 1038
1308 1309
1102 1111
220 234
31 36
1197 1206
1229 1230
959 969
989 1004
1402 1413
926 935
1544 1557
1214 1219
910 915
1387 1392
540 547
862 865
442 448
832 834
1278 1292
556 558
653 669
492 501
942 957
1119 1122
301 311
1119 1134
1497 1509
1021 1033
1722 1724
1950 1959
1642 1647
942 958
158 162
523 534
15 24
475 480
751 752
110 113
1136 1139
301 314
1004 1015
363 379
653 659
798 811
95 97
1788 1789
1402 1414
1674 1679
95 108
425 433
1901 1907
974 978
735 745
766 777
670 674
1465 1467
1705 1715
492 506
1387 1393
815 826
1771 1788
894 910
1739 1754
126 129
832 840
847 852
798 800
1354 1362
622 638
798 807
110 115
942 948
1659 1662
1705 1706
1167 1182
847 854
556 569
1529 1533
268 279
475 485
1435 1437
1038 1041
475 489
959 960
1004 1011
653 664
190 193
1070 1072
653 666
395 408
735 740
1435 1444
158 173
1805 1818
718 724
174 189
877 893
1370 1376
815 816
894 904
1771 1775
1722 1730
974 976
1609 1610
798 815
894 895
1836 1849
1465 1471
1182 1188
48 60
1402 1415
459 460
80 85
1820 1822
556 557
205 215
1625 1641
236 243
766 770
48 56
64 79
877 892
126 140
475 478
1739 1742
1544 1551
1934 1949
395 407
974 979
395 402
236 246
703 710
638 642
926 934
686 696
1004 1005
268 276
1435 1439
1370 1371
1214 1225
910 920
974 981
766 781
989 991
1690 1702
1544 1555
1054 1062
1836 1845
1788 1802
638 639
751 753
48 53
492 500
174 175
1278 1281
15 18
1514 1525
1387 1396
1354 1359
1262 1270
1308 1322
1481 1496
0 13
110 120
0 2
174 187
395 404
1869 1873
1054 1066
1934 1950
1136 1151
1918 1922
1836 1841
1674 1678
540 552
1642 1658
1901 1904
589 602
1544 1553
1197 1204
1609 1621
379 385
1739 1744
1805 1810
1869 1880
942 954
174 188
1038 1040
1070 1073
64 69
942 943
1690 1691
253 264
735 744
1982 1985
1625 1642
1450 1452
174 181
507 513
1214 1218
556 567
1705 1717
1497 1498
1402 1412
348 356
379 392
1722 1738
540 551
475 490
1038 1045
815 820
1450 1453
1918 1932
781 798
589 603
589 604
1950 1957
236 241
1021 1037
1229 1242
348 354
1739 1747
926 941
605 617
48 50
236 251
1918 1920
1625 1638
638 644
686 691
1167 1176
15 17
847 862
670 679
316 328
316 332
798 810
1576 1586
1021 1029
1038 1052
1886 1895
1182 1185
1323 1329
1625 1626
670 676
1576 1592
1070 1077
1674 1683
1755 1758
573 580
573 588
1308 1313
556 563
316 319
492 497
1229 1236
751 758
653 665
1886 1896
1966 1968
1293 1301
1659 1666
459 470
926 930
1609 1625
395 403
1869 1871
507 516
573 576
1167 1173
363 375
64 67
425 436
781 787
703 706
1625 1629
284 299
1038 1044
190 192
301 312
523 531
686 692
653 654
1886 1890
110 114
1755 1756
1642 1645
1690 1700
1576 1580
1038 1050
379 381
333 338
410 421
1085 1102
410 417
1370 1372
316 323
1229 1245
190 200
847 848
15 29
1167 1171
1934 1942
31 45
832 837
1262 1271
1214 1226
15 16
989 996
1966 1975
1021 1031
1370 1381
284 298
556 565
1354 1367
1788 1798
686 690
1820 1830
540 546
959 962
718 734
1119 1128
686 701
1901 1914
1338 1352
442 459
284 294
15 28
1308 1312
1481 1489
1262 1272
1278 1279
1102 1112
1529 1530
556 561
766 772
1529 1540
781 795
556 559
1136 1138
363 364
0 8
1021 1030
670 671
110 126
1950 1953
1755 1763
1609 1618
142 157
942 946
268 284
1085 1096
622 634
1625 1640
1805 1819
523 524
781 791
142 153
877 886
1085 1088
815 831
959 961
815 818
653 655
540 553
605 622
1338 1345
410 414
1182 1192
1197 1214
1021 1034
974 975
301 313
1152 1155
1544 1552
670 680
1836 1851
1918 1926
1755 1769
718 732
540 550
1771 1776
1136 1137
1820 1836
670 677
0 10
862 872
1435 1449
1293 1305
1609 1611
425 426
1481 1485
1642 1653
1805 1817
540 549
862 866
1659 1674
1293 1300
670 681
1576 1581
959 963
363 369
523 530
1674 1682
959 972
1950 1965
425 430
781 788
781 793
220 227
815 828
877 887
1119 1135
1739 1751
942 949
589 596
110 125
556 571
348 355
540 548
1820 1835
1544 1556
1354 1364
0 3
1852 1857
1869 1885
80 94
989 1003
1934 1936
622 631
1805 1812
64 78
1085 1093
1246 1251
1435 1446
894 909
363 371
1278 1290
1119 1131
