2000
237 1018
84 844
1011 1448
1067 1215
889 1824
762 1704
428 1583
1125 1977
272 1464
781 1653
1371 1749
726 1625
1605 1847
354 531
752 1815
848 877
168 709
1304 1575
320 441
737 943
586 1762
365 1554
878 1123
67 895
1225 1337
227 1815
28 1915
237 287
674 1464
330 1364
710 1814
56 1787
726 1979
1578 1782
712 1858
237 1295
822 1532
744 1518
574 1963
709 1620
405 505
687 1934
200 1171
354 413
1304 1920
1155 1207
130 1981
1160 1526
502 848
836 1847
693 897
1632 1948
1053 1306
1330 1758
684 1042
742 1987
136 615
535 723
744 1811
640 848
365 1208
50 491
1205 1503
1513 1654
1312 1885
499 1988
1345 1438
848 1952
659 897
657 744
68 1144
670 1525
525 795
748 1198
684 926
440 1281
790 1337
693 1909
251 1997
354 420
587 1337
1136 1360
412 1485
1200 1815
1298 1532
280 544
1583 1899
861 1144
1155 1440
337 762
497 1926
710 1892
516 1545
695 1600
291 560
349 1364
1370 1386
1420 1934
145 799
260 1268
544 1036
544 688
1424 1583
474 1777
497 1791
1003 1875
513 1655
4 387
780 1496
1710 1934
744 1015
728 1063
1224 1762
271 1846
790 1378
1348 1815
1762 1994
410 1370
837 1749
206 1112
126 721
530 1474
124 1312
607 1330
964 1787
597 1655
1256 1364
790 1560
365 1831
912 1485
543 919
1879 1881
710 1975
615 1671
807 1578
574 1993
95 1337
183 1331
1155 1731
365 505
419 1987
1053 1574
781 1081
1654 1910
293 1429
269 330
189 1485
664 1879
1398 1532
57 670
330 944
620 644
361 1767
762 823
763 1496
1520 1879
485 1762
183 1987
660 1441
477 684
1917 1934
781 1160
330 396
969 1454
1121 1749
774 1123
329 1654
47 1053
599 1581
1568 1907
375 544
346 1907
524 1857
206 1390
525 966
291 1537
73 1136
889 1124
903 1526
401 895
535 1876
28 1497
697 1815
207 494
1403 1879
243 588
737 1165
684 1869
799 1330
126 1223
430 1349
101 183
368 621
874 1377
440 1120
468 1655
1345 1455
897 1177
280 1442
899 1815
544 1835
709 1172
452 543
225 1786
695 1646
1084 1136
445 1459
16 737
1215 1482
708 1528
237 860
122 1056
1082 1118
1373 1739
237 415
1337 1819
677 770
1526 1633
181 497
596 1528
459 1879
498 525
715 781
1342 1934
408 1082
983 1018
1164 1335
28 910
1017 1040
206 1584
126 1536
638 1202
706 1514
1082 1882
206 1266
8 354
391 1441
130 1122
1907 1998
512 1017
179 1749
119 341
290 365
496 925
769 808
365 1320
928 1573
291 673
377 769
925 1355
150 544
853 1155
130 1017
206 1826
889 1359
86 1003
492 1003
206 870
281 1377
489 1545
339 1364
469 848
1211 1987
535 1292
77 1262
1494 1846
1475 1934
51 615
417 525
370 1213
903 1752
206 1467
1642 1934
892 1539
486 1312
644 693
1358 1526
744 1431
871 1759
1322 1342
1809 1994
838 988
1581 1806
544 758
685 737
18 1155
1136 1325
330 1176
26 1847
476 1364
644 1203
1532 1572
132 799
1364 1685
525 1850
1198 1803
440 1559
330 1858
1474 1934
799 1417
692 1160
925 1228
1603 1672
1307 1815
120 726
1373 1808
387 1370
544 1052
684 1870
491 544
1095 1749
584 726
709 749
781 1163
308 1234
84 1999
1048 1370
291 1185
1459 1777
762 1762
204 1012
1018 1064
1689 1907
167 848
354 571
250 1815
781 1132
280 1730
183 1043
173 1697
1373 1883
114 1997
542 744
889 1570
497 1071
1164 1709
1156 1971
706 1725
799 1173
1967 1997
93 1155
654 699
1474 1746
248 1532
354 727
1044 1786
1337 1473
198 1464
1330 1690
161 1528
287 1675
1404 1846
572 1342
378 1053
170 1342
1196 1815
293 559
1304 1454
273 726
736 1330
268 1787
706 1492
1194 1370
1017 1301
390 1136
505 1956
815 1591
1073 1532
48 889
1511 1532
1164 1928
1725 1964
1428 1787
614 1697
54 1017
1505 1790
477 1553
1441 1879
1459 1774
1474 1503
757 895
477 945
588 1509
1054 1160
547 1370
1003 1324
570 1846
216 1998
781 1155
1290 1749
84 1024
1086 1485
497 678
210 544
403 1539
1030 1539
300 769
228 1847
28 1062
693 1230
65 1342
237 562
318 1215
1144 1707
1347 1987
1377 1846
941 1123
1506 1532
764 1655
555 1003
811 1581
275 1641
491 753
0 1373
726 769
244 280
84 1115
582 818
4 1361
1153 1474
1000 1934
257 1987
84 1312
163 781
963 1018
1017 1796
17 1907
287 1768
762 946
128 138
338 1654
1126 1840
77 1285
925 1488
130 1832
1583 1829
1017 1531
497 932
293 1226
18 1877
888 1144
477 1009
330 818
889 1581
536 871
327 1847
628 1003
113 1215
15 1847
1175 1459
535 1142
667 737
1621 1987
350 1737
84 725
80 354
799 1946
13 1342
424 1654
790 1397
1580 1987
505 661
432 1545
1215 1805
387 1703
287 1110
940 1790
1003 1192
785 1583
134 1496
368 740
354 1498
1289 1441
293 726
684 1787
407 706
769 1119
28 793
769 1382
293 1430
710 871
1792 1897
1311 1314
790 1693
588 1364
737 953
649 1464
710 1612
458 781
1545 1924
192 588
126 373
726 875
379 1345
663 1583
461 925
925 1904
1504 1578
673 1327
284 1749
126 253
1182 1545
501 1330
1267 1545
149 293
690 1847
790 1035
574 990
64 149
790 805
491 856
726 1421
1934 1942
1345 1688
857 1342
1034 1474
28 1884
1312 1839
293 833
126 1373
895 1259
588 630
790 1082
533 543
1786 1872
1408 1879
650 1304
1384 1907
543 868
1340 1815
1485 1577
319 1900
153 925
126 1996
368 1861
126 814
144 588
710 1114
1345 1855
491 1133
656 1377
471 871
463 1997
1635 1987
11 693
1725 1844
1279 1494
288 1934
386 1485
848 1400
484 875
1330 1437
693 1127
737 1984
1539 1916
215 762
154 696
295 1034
362 1003
402 1123
280 1682
709 1655
1098 1102
448 544
1160 1684
1654 1950
1013 1508
387 1508
387 1041
590 644
505 1457
214 1753
1485 1589
182 347
876 1654
801 1787
1353 1528
781 1025
812 1144
63 1383
762 1448
854 1003
137 710
1539 1735
737 1879
1268 1879
1474 1773
718 1144
883 1018
444 693
226 298
1532 1597
206 1856
1496 1976
1144 1332
1496 1654
482 925
320 1050
280 1736
871 1215
187 1790
287 1103
615 1517
320 1337
574 1478
77 602
1377 1645
1373 1770
176 237
971 1342
543 1598
183 1903
1018 1995
121 365
1016 1602
223 1749
843 1337
1123 1334
1160 1636
219 1464
22 1364
206 278
1459 1697
519 897
603 1123
368 1435
535 631
1336 1464
729 1847
238 1496
1237 1657
291 1679
719 1749
1459 1660
588 1974
595 709
1017 1339
1144 1297
684 1823
505 1186
535 1749
291 1947
505 1524
237 585
897 1463
762 1644
711 1144
510 1762
1053 1912
517 1018
897 1328
1016 1377
118 1485
1697 1902
848 1548
726 1695
291 314
521 1160
567 1997
1907 1991
897 1164
165 1655
1135 1345
326 1155
813 1239
1284 1787
897 1830
1123 1933
28 694
1539 1624
440 1721
897 950
706 925
208 1697
925 1046
1156 1790
195 706
368 1441
237 852
183 1241
1058 1762
588 1562
55 1786
477 1532
465 1018
279 1337
126 819
320 1055
588 928
799 1901
368 975
183 1008
301 762
1828 1846
1250 1373
1160 1673
1053 1764
1140 1795
389 1304
1221 1865
387 802
864 1987
799 1628
1304 1450
733 1373
644 1479
125 354
284 1367
1198 1799
695 1817
440 1047
1022 1545
330 483
1354 1957
895 1321
695 1528
112 544
148 1815
799 1676
588 1708
1090 1697
790 1533
387 1061
709 839
615 907
194 1377
334 365
575 588
505 1329
952 1212
850 1164
695 813
497 645
166 280
1683 1847
38 670
1209 1786
535 1643
1 848
206 1144
320 1538
1018 1726
588 1245
972 1468
550 762
291 1485
1725 1728
1312 1555
684 901
320 1392
1439 1581
478 644
497 1851
1330 1779
1427 1526
865 1496
116 141
491 563
368 920
126 158
440 1210
693 902
293 1352
371 1515
799 1257
234 1459
368 1748
263 1144
414 1807
640 755
77 436
1578 1732
320 1579
146 744
848 1955
109 280
505 817
209 365
250 1771
1252 1364
1136 1393
569 684
356 1164
838 1526
543 1416
1167 1552
889 1147
439 574
449 525
178 280
642 1217
867 1441
77 1107
797 1985
126 1251
155 1997
693 1931
28 1254
643 726
411 706
1164 1766
1312 1391
1373 1691
625 1155
214 1330
1141 1655
1342 1802
270 1330
750 1539
1458 1545
235 1987
695 799
710 1087
205 1003
1474 1622
1039 1287
509 1725
433 1018
1160 1556
744 1433
639 1526
460 1545
611 695
681 1459
1198 1754
1235 1725
580 769
1018 1446
126 665
240 615
548 1215
925 1168
376 1450
491 1017
293 451
491 1825
895 1542
1312 1558
233 409
156 1762
157 291
104 1581
913 1342
354 841
313 1377
744 889
130 1706
1813 1907
354 1997
1237 1474
1104 1786
363 1464
91 1846
568 1801
1160 1616
744 1001
574 1846
1144 1344
1304 1670
1220 1780
177 497
213 1373
148 423
817 1033
735 1578
201 635
525 1546
406 505
127 871
27 693
769 825
1930 1997
889 1396
695 751
28 1204
1221 1815
387 589
581 1762
1495 1578
6 1762
316 455
730 1370
744 1032
12 1123
485 646
1164 1601
387 610
525 1712
790 1747
797 1337
206 704
28 722
330 1181
1143 1528
1170 1790
737 1847
778 1581
1811 1841
184 1360
769 1057
615 1108
1182 1666
477 840
28 514
695 804
890 1907
1201 1815
1017 1741
1091 1496
557 1655
592 1370
981 1532
1045 1164
108 1951
365 1215
1265 1370
426 790
84 425
1349 1370
387 1419
77 1199
1526 1911
627 1583
888 1243
99 1053
427 848
296 1215
497 1932
997 1485
404 1613
615 647
1578 1907
871 1821
418 644
1333 1581
636 1164
593 1697
77 1410
274 535
684 994
684 1291
274 1989
383 1987
491 1253
799 1411
737 1658
330 828
1082 1126
477 1958
33 387
84 720
365 534
321 1148
1578 1887
1583 1790
1441 1784
77 1471
1164 1549
1275 1578
710 1282
1065 1654
473 1003
70 1116
832 895
1312 1564
372 1762
796 1907
315 491
1261 1520
979 1487
147 543
183 202
638 706
1123 1144
606 1496
19 1441
336 1136
325 1164
462 505
247 1464
645 851
440 1178
287 1145
387 1522
1401 1987
368 1459
1934 1969
229 1786
709 1238
293 1056
1104 1610
783 1018
368 916
495 1790
1162 1474
1528 1740
1545 1687
522 1528
653 1526
525 1954
714 1526
696 1312
1550 1907
24 130
1060 1330
744 1465
781 1972
925 1248
261 895
1474 1545
871 1180
1567 1578
544 858
1059 1628
889 1150
5 1304
172 549
1661 1934
183 1003
830 1698
558 710
84 308
1337 1744
324 1144
1273 1907
1337 1515
1074 1720
898 1373
1051 1198
69 717
477 798
1337 1755
351 1160
689 1539
105 1725
237 1743
259 1496
871 989
183 508
769 1323
1655 1845
23 726
1018 1053
543 921
365 995
311 1364
1283 1846
573 1441
1005 1539
303 1528
1345 1561
1345 1705
287 1569
963 1592
505 1722
1260 1452
978 1198
293 549
588 1727
591 1868
293 1484
629 1655
333 1749
76 1879
75 1312
287 1737
387 679
1846 1980
525 1923
320 1169
291 1541
365 1820
506 1528
362 1414
759 1085
525 744
974 1364
781 1146
320 936
440 1385
116 1136
543 1109
84 231
541 709
1330 1402
1630 1786
497 1532
1286 1345
224 1304
287 1464
1003 1965
183 242
925 1664
291 922
1418 1539
889 927
800 1215
666 1485
287 1990
7 339
1377 1595
637 744
1136 1521
320 1242
1370 1585
368 479
744 1423
765 1160
249 505
1343 1345
77 320
393 1377
882 1485
695 1837
382 848
1787 1982
497 1164
280 306
330 1973
183 1599
1365 1697
695 1037
491 676
1161 1665
1072 1528
1593 1934
762 1862
126 670
1299 1697
84 1786
367 1547
1655 1847
1077 1581
77 1530
359 615
706 1303
201 543
693 1718
1128 1373
1017 1854
193 300
365 467
123 1762
1613 1749
400 1847
525 1812
731 1496
660 1157
979 1496
1274 1987
1198 1491
74 320
618 1345
442 737
203 1711
535 1125
644 1694
431 684
130 601
142 280
1351 1879
525 1399
98 1337
935 1123
781 1269
477 1357
206 1874
700 1997
525 1696
781 1206
344 544
1724 1954
477 1020
726 976
294 1373
710 1068
543 775
762 1027
497 658
241 544
287 869
613 1907
129 1539
1532 1588
826 889
769 1131
792 1356
1545 1873
705 1464
9 1526
905 1017
381 1879
31 670
1053 1486
106 477
307 1485
85 1790
706 1951
706 1523
293 847
532 1123
1581 1769
535 1789
598 1557
1082 1566
77 668
1529 1581
66 574
280 651
1007 1123
1123 1380
206 1785
477 1426
1006 1253
364 1997
543 1198
355 574
1709 1918
97 1464
450 1878
809 1879
939 1725
1082 1460
529 1053
191 1215
196 1160
710 1528
1462 1485
544 806
286 695
84 1878
53 130
761 1526
846 1304
1164 1586
440 644
3 1149
497 1681
293 1138
1273 1700
760 1155
289 403
330 1481
556 1539
655 1790
130 1907
1470 1786
1678 1907
162 1545
615 633
365 917
1066 1605
1526 1772
395 574
394 1697
480 670
835 895
186 1377
772 1528
1319 1528
925 1788
716 1578
232 1474
1215 1641
1136 1898
206 1652
1018 1409
1160 1263
821 1787
320 1318
30 670
42 1166
368 1309
706 1379
374 440
929 1934
1453 1749
77 754
543 1565
143 440
803 1082
365 1287
1002 1144
693 1662
84 1925
475 706
212 440
1655 1713
1441 1639
491 565
1725 1836
710 1656
45 1370
1703 1852
1539 1751
824 1655
357 1987
237 1096
77 1014
77 884
1370 1668
1474 1880
845 1474
670 1227
1383 1474
710 1412
160 1345
762 834
737 855
197 497
815 889
1215 1905
287 1489
848 1362
354 1080
481 1312
365 1197
84 1859
88 1879
49 1370
1381 1934
291 1105
305 1475
368 771
477 999
1449 1790
662 1496
438 1973
670 1500
1583 1637
769 1733
871 1893
684 1716
644 1618
605 1312
1364 1913
199 895
737 951
285 477
1762 1888
942 1342
698 709
49 1886
619 1082
276 535
1654 1794
615 669
486 1100
1571 1787
252 889
237 1078
1510 1719
477 1699
312 871
280 447
739 1786
1516 1997
682 1787
799 1953
615 866
320 1387
975 1461
385 790
441 827
790 931
967 1377
44 1017
854 1272
734 1394
37 895
1003 1129
1296 1847
1106 1987
443 897
1313 1749
330 904
245 291
92 1708
287 779
777 1655
477 1395
183 1244
616 1581
1305 1790
497 1935
320 1134
525 526
925 1853
188 1762
594 644
53 1649
126 1838
1053 1778
895 1366
737 1631
1222 1337
525 1031
211 1377
1342 1697
897 1140
96 323
71 84
684 1255
204 1790
87 1155
28 546
1215 1921
1842 1847
535 893
34 781
1701 1790
277 684
1640 1786
545 1082
1188 1345
320 683
790 1098
322 1790
724 1875
72 1387
1269 1590
1317 1545
1053 1715
1330 1783
958 1017
28 1626
992 1578
1123 1389
1155 1260
1154 1464
959 1804
1432 1846
135 1335
437 1496
554 644
543 1890
574 1603
608 1441
416 1879
280 1594
291 1665
1582 1987
552 1786
1447 1836
59 1018
1053 1189
388 1459
1144 1667
1377 1787
477 1629
1197 1407
126 911
21 1345
1654 1906
842 1749
233 1879
130 768
574 624
1330 1483
644 1026
781 1606
1545 1780
354 1539
287 701
769 1896
1526 1797
440 816
872 1485
1680 1997
880 1578
1312 1647
674 1346
138 897
885 1160
1137 1441
490 799
1611 1787
39 615
577 695
598 644
1477 1786
206 998
110 860
848 1544
1535 1934
1345 1654
293 1113
672 1762
693 1962
504 574
1345 1833
886 1532
732 1330
206 1456
1474 1510
175 1822
388 1101
540 966
948 1528
282 1787
789 871
291 1894
670 1757
399 491
434 1003
262 1304
895 1436
457 1069
130 1246
684 1451
28 291
258 1123
561 709
762 1581
982 1441
523 744
1219 1815
709 957
1422 1846
151 710
1053 1786
330 1781
543 1750
14 1342
695 1280
737 1443
470 790
648 1459
1231 1725
287 392
320 328
1198 1843
744 1816
96 574
503 1017
874 1111
422 709
40 1654
366 1583
472 889
734 1198
2 1762
493 684
1070 1200
671 1532
709 1543
1583 1987
237 782
564 1373
354 1617
291 487
102 1370
1459 1627
1919 1997
1581 1663
43 1697
1158 1481
130 190
79 703
1179 1794
1459 1945
1369 1373
965 1092
525 769
1241 1576
387 456
915 1377
354 1302
1330 1692
1373 1464
1815 1978
345 644
710 1807
1088 1441
574 728
130 1191
353 1464
1311 1583
871 1212
464 1997
693 1288
670 955
200 477
1316 1582
1159 1183
1164 1798
956 1017
871 1650
28 1762
466 1118
1053 1895
1218 1459
491 1857
985 1847
227 1908
794 1787
1310 1330
871 1864
83 368
316 644
1315 1583
35 525
615 1074
1003 1863
1790 1793
891 1472
589 1717
644 810
287 641
152 1583
1155 1312
622 1198
543 1136
1337 1502
769 1669
368 691
799 1368
1725 1970
507 726
237 1193
180 1441
360 1017
859 871
130 1961
171 365
293 937
61 1532
36 1441
103 1578
592 1258
368 1760
1139 1693
954 1654
706 1094
670 745
515 1580
709 1294
20 543
164 1123
695 788
1374 1655
1846 1871
535 1174
1003 1634
933 1477
398 1634
280 551
292 1198
1364 1968
29 1136
737 949
505 991
117 440
1405 1847
131 695
1468 1790
726 1434
693 906
1190 1532
387 583
925 1929
58 1136
710 1240
699 790
713 1018
84 89
342 706
488 897
1459 1792
986 1775
784 1528
304 1581
183 914
895 1551
762 1827
1089 1697
1198 1350
576 848
762 1729
130 1983
1232 1312
126 335
283 497
126 1674
623 1581
568 1496
535 1501
706 1948
993 1654
1490 1697
960 1464
186 380
985 1756
1136 1587
1338 1526
527 1725
1445 1509
1655 1848
62 1377
421 1215
41 1082
505 924
1330 1539
81 1545
871 1019
702 1907
77 965
1321 1834
1166 1364
1364 1889
693 1406
28 1734
626 1786
930 1155
1800 1846
84 566
632 1997
130 221
1264 1528
1276 1364
1540 1902
615 909
737 1723
505 535
518 1934
435 1215
1198 1944
237 1849
111 1094
1164 1651
320 767
535 1079
28 1992
1028 1496
670 977
1233 1364
345 1608
60 497
776 925
256 710
896 1198
1130 1907
267 1198
1082 1742
588 987
239 1377
106 1507
1187 1936
773 1136
539 1155
1249 1655
397 1370
547 1372
175 505
1082 1184
1304 1485
1152 1441
107 799
1370 1790
961 1539
1183 1997
291 996
220 1749
82 1215
1527 1528
115 1846
1493 1725
10 588
1526 1922
1144 1738
693 786
879 1539
440 1326
604 1337
358 1370
1725 1867
743 1342
895 1745
726 1860
1151 1786
1195 1725
799 1940
652 1082
895 1749
119 897
206 222
369 889
769 1615
1155 1702
1213 1787
1004 1539
543 1085
1638 1697
236 695
130 1659
757 1117
1342 1714
468 1236
1596 1654
675 1496
330 440
897 1363
897 1214
938 1312
644 1914
747 1160
535 1010
1373 1648
100 693
246 897
367 1879
1312 1375
1619 1846
1082 1123
126 1247
32 491
900 1459
726 1300
670 962
264 368
354 1023
849 1847
947 1583
535 538
1021 1474
330 511
791 1164
769 1943
302 354
491 873
500 1546
15 1966
174 1123
1425 1485
1364 1607
139 1082
70 1654
130 1677
317 1160
520 1790
453 762
1459 1866
429 1304
133 1545
28 1278
1623 1787
820 1617
1149 1578
1609 1786
544 717
908 1725
1697 1761
1216 1304
686 1343
889 959
505 923
1083 1214
207 1526
491 1476
299 1053
1093 1337
695 1466
1480 1578
766 1377
1018 1936
293 1003
78 1485
799 1499
185 1879
934 1342
1581 1939
330 553
1578 1810
588 741
756 1697
1038 1136
1304 1376
280 1304
1136 1444
133 309
1099 1583
1082 1763
1563 1652
79 1532
889 1519
1053 1937
1534 1655
709 746
287 578
176 310
293 297
770 790
319 744
571 1776
440 1217
574 1496
140 709
46 706
829 1082
280 894
968 1815
183 1818
52 1342
1747 1960
1148 1787
579 1441
454 722
440 612
384 684
183 980
926 1388
387 1415
787 1654
1304 1604
355 1986
709 1198
574 1941
169 280
1164 1469
218 1464
794 984
887 1997
1342 1413
265 1373
25 793
159 670
203 769
706 707
670 831
77 1229
574 986
266 544
387 848
77 1075
1076 1474
1749 1959
588 680
762 1767
330 343
183 340
348 1847
781 1957
183 830
1512 1697
206 1545
973 1155
354 528
347 1725
970 1583
862 940
1136 1578
94 1053
670 1293
387 537
1345 1526
848 1891
237 1277
1270 1581
615 925
726 1069
254 1464
230 1155
67 634
790 792
615 1686
237 1341
609 1431
1193 1765
368 446
332 1459
615 848
217 1774
352 1215
781 1949
737 1472
881 895
287 1097
77 670
600 1846
491 738
1271 1464
84 591
1049 1144
1308 1345
1815 1997
617 1017
918 1304
863 871
1583 1614
1725 1815
237 1938
1762 1988
1018 1927
1029 1160
298 897
90 411
331 1846
1167 1198
255 574
