2000
1285 1339
410 860
792 841
498 1160
442 1249
324 810
651 972
1716 1810
30 1994
93 485
1282 1750
1795 1965
968 1674
666 1089
1575 1893
624 813
684 1291
1182 1266
990 1567
442 1372
556 1295
281 1810
541 1633
21 758
790 1497
113 1135
449 1604
515 636
656 1360
1192 1282
1265 1647
1318 1414
477 990
429 758
540 1060
1491 1646
1524 1526
307 648
20 1513
1244 1547
1514 1547
1111 1318
120 1116
23 624
1194 1961
1089 1739
1191 1723
273 484
580 1510
419 1965
1629 1978
381 484
211 1353
684 1893
1159 1353
722 1628
1095 1318
1055 1874
1577 1624
936 964
75 523
1342 1875
1135 1344
987 1292
1795 1798
1318 1870
307 313
88 110
200 1674
1405 1732
281 501
792 1448
865 1648
83 217
104 1135
541 1301
728 1360
983 1516
540 752
1629 1971
1015 1708
652 1405
254 945
1819 1871
624 630
705 737
1012 1751
727 1336
1120 1965
362 1565
1266 1418
880 1357
984 1029
307 1664
638 972
93 1699
541 1846
1638 1723
1194 1307
92 356
287 449
1265 1893
494 522
599 1336
510 1674
1491 1599
576 1794
181 1395
1069 1535
10 1623
160 1160
471 1575
1292 1389
109 1405
181 591
71 536
926 970
1496 1546
250 792
129 1323
11 826
1265 1376
307 937
1467 1871
1116 1651
947 1728
43 332
843 1056
1162 1215
920 1491
281 1731
1171 1516
466 713
484 1071
930 1728
355 1491
1282 1573
1526 1742
1357 1385
554 1860
274 1030
181 1986
181 938
89 1029
1858 1952
440 970
1738 1974
871 990
317 580
602 817
407 1296
675 1336
326 1318
447 843
138 1810
265 1357
1089 1283
581 990
990 1760
1684 1764
1258 1601
443 1266
1546 1921
554 692
925 1674
1571 1577
1329 1405
73 1575
129 373
301 758
419 525
996 1029
1363 1554
759 1906
942 1360
128 898
860 1498
88 1680
1 1215
442 1269
163 419
576 1893
1292 1576
1454 1526
405 1215
1495 1549
290 1038
281 1974
449 572
105 274
1282 1323
534 1728
1516 1904
1810 1817
767 1069
254 283
486 1795
803 1360
970 1027
792 1932
144 356
743 1577
1265 1981
146 583
1502 1893
212 360
442 1774
972 1101
362 712
149 281
38 515
349 684
403 515
1681 1901
1438 1810
561 1868
1401 1526
45 792
817 1072
1115 1495
1404 1502
585 684
129 699
1407 1547
1044 1336
1194 1715
307 1236
1300 1871
540 1073
758 1267
1360 1394
654 1089
828 990
146 1037
729 1491
86 1875
1279 1357
149 1292
234 1875
315 1357
1165 1974
419 1051
453 1875
664 1194
782 1116
1952 1960
1363 1689
77 1731
93 1022
740 1149
624 1390
561 1040
1293 1955
436 972
1015 1481
1609 1952
1629 1973
885 1628
686 964
324 1493
816 970
345 1601
254 329
523 1813
20 897
860 1940
88 1679
449 718
10 165
84 1746
877 1211
1575 1617
584 1575
631 1116
128 1247
295 1353
296 1034
191 1149
843 1340
296 1693
817 1484
135 1795
709 1265
851 1674
872 1462
215 217
539 1906
522 1167
88 139
224 324
544 1089
449 1055
854 1135
964 1559
580 1190
274 500
826 1476
10 1894
149 1565
380 1906
356 1607
1096 1723
361 1577
324 1581
155 1628
649 826
1094 1497
449 748
288 1215
1495 1616
929 1211
1339 1488
600 1462
1104 1516
970 1707
366 1546
10 437
184 1823
843 1944
1425 1795
737 1288
677 1502
7 960
93 493
1526 1965
1353 1918
1324 1906
149 1893
115 1462
737 967
479 1731
1427 1629
1015 1231
1323 1955
43 1256
129 632
875 1746
258 274
1194 1982
82 1952
432 1015
1015 1208
238 324
684 1635
541 1824
143 1628
556 1349
243 990
990 1669
1382 1526
32 1497
58 541
97 1015
129 1348
153 1728
0 1194
487 860
536 1273
1335 1823
10 856
522 603
501 726
327 536
57 484
843 1744
1628 1937
780 1628
964 1406
955 972
228 455
1082 1292
240 540
1433 1823
1228 1731
1472 1681
624 693
684 1654
324 787
1149 1965
1007 1906
9 1577
482 1339
915 1282
43 1435
731 972
1160 1250
501 1811
446 1495
10 1949
34 1116
339 580
1518 1764
484 1232
307 676
1546 1881
181 1691
778 1547
1029 1948
973 1497
624 1275
87 1728
515 1358
419 818
970 1315
907 1795
1593 1810
817 1864
219 1674
1050 1728
576 1474
846 972
893 1795
146 430
618 758
212 1630
1681 1792
1135 1893
1177 1266
624 1832
212 1745
523 1615
567 1502
826 1076
365 556
281 1089
540 772
1517 1955
1360 1505
990 1284
554 784
362 1816
128 281
1029 1055
1194 1565
419 1396
714 1955
817 1782
1100 1318
1194 1785
35 1336
214 1405
644 1211
815 1266
1200 1728
1090 1497
290 1333
27 737
1035 1135
1681 1929
1198 1728
362 985
419 659
909 1495
508 1116
212 825
899 1266
1357 1501
1405 1695
1116 1702
217 1123
624 1890
205 449
690 1516
523 1206
411 419
462 540
344 817
1265 1950
588 1363
407 626
69 684
12 1353
1891 1994
1363 1453
294 576
1450 1795
401 964
1459 1516
88 876
376 1648
296 413
501 538
112 217
1547 1721
7 1432
1029 1770
561 615
362 1806
523 773
264 419
817 1812
1365 1955
146 478
737 1590
203 1089
1810 1814
1240 1516
883 1764
91 1547
1526 1598
1211 1242
515 808
1089 1690
1254 1629
461 1215
199 554
843 1873
254 1534
522 1059
473 1681
296 1129
428 1952
1160 1596
398 1149
704 1728
178 419
867 1874
256 540
1225 1974
995 1363
853 1723
1120 1429
501 1431
927 1405
431 1363
1363 1826
268 737
874 1823
668 1160
1000 1952
892 1731
900 1103
449 619
1416 1974
254 1512
1420 1601
246 1012
309 792
1014 1089
386 1648
998 1211
170 1029
580 1550
346 900
212 653
324 1146
1546 1775
707 817
1537 1955
489 817
33 1874
449 587
444 449
1405 1828
108 1292
540 1341
47 1495
25 990
1681 1970
515 1749
140 181
458 1648
972 1800
274 1439
1220 1495
63 1723
228 568
515 689
1577 1803
770 900
276 1462
1047 1497
972 1815
1155 1282
1120 1777
174 217
362 720
529 1194
522 526
442 1166
576 1589
1318 1808
424 1746
261 1462
88 1820
1137 1502
1674 1893
465 1731
639 1952
741 1871
1069 1771
321 1502
362 1618
88 1893
129 1045
576 1729
226 713
31 484
282 972
756 1906
1967 1974
1516 1587
189 1547
181 1303
574 1629
129 1964
842 1353
254 1801
1336 1471
459 1339
849 1069
1012 1048
522 1013
352 1135
1019 1601
545 1681
1360 1859
148 1012
792 1325
695 1160
252 449
212 1703
684 1458
1186 1601
1077 1875
1592 1974
118 900
354 1462
7 1201
131 217
1238 1746
536 762
993 1974
696 1601
522 1608
88 1180
561 1922
123 1353
260 1029
245 1029
270 296
88 1776
758 1477
576 1443
59 1723
1197 1731
817 1602
7 1172
414 1360
1491 1842
864 1875
290 1449
843 1485
1118 1502
10 734
1055 1215
52 129
1089 1355
503 792
860 866
1409 1994
1116 1756
1363 1850
7 798
561 1893
860 1990
1226 1360
515 1259
195 1211
501 1366
1378 1526
737 908
1085 1629
1211 1380
868 1135
20 117
1314 1502
1266 1482
93 1209
1069 1374
609 684
375 1120
13 296
1282 1584
1069 1253
1746 1893
408 970
362 1995
460 1746
536 1083
1142 1875
1120 1153
212 1055
1629 1965
643 1629
1176 1823
684 933
348 536
417 1318
217 635
212 1049
970 1895
518 1491
1015 1161
970 1880
400 554
555 1823
274 698
1089 1675
1405 1469
1041 1746
633 826
68 362
1088 1629
561 1093
580 946
474 1360
449 1899
1211 1323
522 1622
44 576
821 860
307 1274
1648 1947
7 300
817 1767
39 442
1135 1755
1116 1565
658 1266
1906 1914
484 1672
623 1266
1497 1876
421 1215
1628 1965
624 1440
151 1764
536 1157
554 944
149 1547
129 308
1405 1737
147 181
737 1323
779 1462
484 1125
523 764
1619 1648
758 988
691 1012
325 580
20 54
1606 1764
684 881
36 1601
840 1575
713 1023
142 181
146 992
811 1292
356 1831
1353 1725
1089 1711
445 1055
324 1042
217 827
1055 1266
53 1497
1718 1955
725 1871
536 879
843 1570
456 554
922 1116
1497 1754
1055 1360
515 1979
501 903
145 556
212 499
162 1353
684 1422
88 279
93 1528
1282 1883
858 1823
522 1656
532 1363
407 1070
1626 1628
192 501
1339 1924
206 274
416 972
1336 1583
212 896
610 1336
274 1661
1149 1455
1490 1906
1533 1746
560 1674
624 1028
1169 1546
522 830
557 826
128 1388
217 852
845 1994
1516 1557
422 1628
1036 1795
679 1952
817 1976
515 531
522 1565
185 1601
684 1734
150 1502
415 1810
127 484
483 1149
835 900
128 1504
1336 1399
1194 1430
713 1112
1410 1994
442 1565
225 1116
1069 1613
439 713
817 1392
826 1965
1021 1149
10 1523
20 1790
580 1565
1540 1871
1012 1688
1492 1823
822 972
576 1999
1012 1033
1160 1164
1110 1292
621 1495
1323 1353
149 407
328 576
1875 1965
924 964
580 781
1444 1871
43 1830
859 1577
296 505
760 1575
1629 1956
657 1339
970 1323
1160 1658
20 948
1322 1547
469 1491
149 1965
232 713
119 1360
43 330
470 541
641 1955
296 837
1475 1629
684 1631
580 1466
484 1920
196 561
1363 1564
1577 1827
754 1875
1495 1712
1032 1336
122 1502
407 797
522 1959
10 1588
565 1547
1120 1359
624 1327
745 1823
860 1204
1628 1833
1546 1903
128 943
419 1580
900 1379
1145 1339
595 1547
484 1463
580 1005
370 1069
1105 1502
177 1120
280 554
1069 1262
41 296
274 418
891 1764
94 860
20 368
274 1565
230 356
186 826
111 1336
350 1069
862 1764
541 1574
7 597
697 1353
442 1793
1046 1265
1029 1139
81 1405
1516 1898
1357 1561
554 569
228 1886
467 713
661 1120
43 1748
427 1160
484 1663
324 1912
812 1495
1377 1628
128 1568
93 202
128 1039
452 1875
164 212
1357 1965
703 1728
356 371
407 1326
351 1974
1212 1674
1318 1727
1795 1935
1731 1939
1503 1906
990 1987
826 1121
1184 1462
277 1282
128 1345
394 1601
324 956
554 768
1696 1723
541 1938
10 1539
229 541
556 1053
1107 1577
74 1575
580 966
307 1897
826 1975
1308 1339
1486 1875
212 1203
1319 1360
90 254
171 1266
484 1393
1012 1508
1575 1953
1018 1906
1648 1788
1645 1674
1149 1218
274 1163
971 1462
1318 1565
1357 1591
737 1419
266 536
7 1532
1500 1994
970 1178
290 1494
220 1994
267 1462
1126 1491
237 1265
843 1031
70 792
217 1004
362 673
1375 1731
1577 1686
1012 1452
1353 1531
1003 1363
1713 1731
7 306
1160 1222
223 624
1188 1810
1089 1759
1578 1681
629 1871
1357 1383
824 1069
50 1810
88 1098
522 1724
208 1339
7 1233
43 249
1569 1681
952 1055
251 540
1339 1766
1398 1974
154 1069
576 1692
93 1381
93 1818
1565 1681
873 1029
222 1526
1069 1595
1268 1495
281 307
1272 1648
93 1965
1411 1795
181 1290
1150 1648
305 1360
100 307
553 1405
364 1628
204 792
502 624
970 1202
758 1321
847 970
80 792
1339 1565
1403 1746
125 1215
407 1506
580 594
663 964
176 860
556 1565
735 1160
343 1069
324 776
804 964
571 1215
356 475
1621 1871
918 1577
1252 1502
324 682
1266 1280
750 1629
442 742
296 1565
1328 1955
43 932
197 1265
501 1989
129 608
972 1605
934 990
1132 1516
43 1080
1917 1955
1069 1965
382 1318
580 1954
281 792
201 1497
1265 1338
281 964
480 713
888 1823
576 1884
1149 1560
290 1946
523 753
10 284
46 561
179 228
1480 1746
128 1483
51 1292
1526 1807
43 1373
209 1491
774 1906
426 826
275 1674
149 554
217 667
146 1892
1764 1913
593 1015
228 733
1116 1362
20 1965
1405 1965
1339 1853
335 1495
212 435
356 1804
290 736
1160 1205
78 758
106 522
990 1893
1211 1863
1525 1546
217 1143
1625 1952
536 1461
72 1491
362 1017
1064 1871
1263 1795
333 362
1149 1687
1384 1875
296 1900
860 1717
514 1994
612 684
181 1055
93 820
64 561
242 515
783 964
356 1287
1352 1875
1363 1437
1265 1787
93 940
254 719
114 1405
37 1731
1135 1845
129 807
713 785
548 1194
1012 1346
556 1640
132 1546
1681 1988
580 1829
972 1916
1491 1769
912 1357
755 1764
669 737
228 404
1136 1547
263 540
645 1015
79 129
1487 1974
701 1502
210 1497
1497 1671
1292 1538
278 624
363 684
481 1601
88 1181
407 951
737 1217
419 1156
1417 1955
1906 1907
1133 1723
1318 1840
167 860
737 1402
814 826
16 501
1336 1541
290 1649
562 1363
1779 1955
799 1648
1265 1887
212 1456
43 409
1194 1862
314 1502
367 1547
379 523
157 1875
362 1347
307 1223
281 515
1353 1710
324 596
1113 1628
1565 1871
1667 1906
146 216
1464 1601
836 1012
515 1783
989 1015
1265 1657
407 1927
540 1700
860 1124
449 747
982 1871
338 522
771 817
490 1526
1761 1875
792 1665
528 1674
1660 1810
14 1339
88 1872
254 259
383 541
882 1215
274 1306
843 1442
1354 1681
523 1698
1491 1743
449 957
88 730
1332 1577
800 843
65 1357
356 763
1160 1460
324 1055
1694 1871
614 713
324 1536
20 801
407 1195
407 789
497 1266
359 1495
449 1189
2 541
1447 1955
1305 1723
1309 1462
1400 1674
1015 1730
900 1670
1173 1282
22 1215
1074 1746
1086 1764
442 1556
515 744
1339 1911
311 1497
900 997
438 1491
1266 1278
17 228
49 1764
527 1575
713 1527
1122 1601
576 1052
1141 1495
402 900
970 1659
713 1227
576 949
680 1823
274 1555
146 1888
1655 1871
884 1723
254 1965
20 650
986 1120
959 1497
839 1648
1666 1731
1276 1746
817 1784
56 1974
88 757
894 1994
806 1089
1357 1861
556 1261
792 1722
93 850
713 1896
159 1462
1120 1933
407 1736
1196 1575
128 1509
1628 1984
1810 1936
228 1909
228 1174
43 552
8 536
257 1723
7 269
10 1131
501 1843
254 575
1128 1874
7 244
341 1015
542 900
1006 1015
512 758
212 353
561 706
149 1323
624 710
1764 1908
860 1709
1457 1974
496 758
522 906
1149 1799
141 1292
576 823
1546 1869
1149 1317
5 1731
274 1210
1012 1704
101 1135
274 1081
1311 1728
181 749
627 1526
442 928
136 356
492 540
1215 1650
228 761
102 1681
535 1116
149 624
900 1719
1266 1413
228 1878
1823 1997
221 1495
972 1271
217 1639
994 1723
556 1302
472 1952
501 1369
551 972
1795 1928
1282 1582
1516 1644
342 1215
88 1230
1491 1562
20 642
886 1575
347 1292
1526 1855
1552 1952
520 1952
1221 1823
451 1575
1351 1731
356 1356
369 407
1097 1871
20 1119
228 1520
1585 1731
302 407
231 449
1120 1610
561 1441
390 758
1720 1874
247 1089
1851 1974
1516 1882
274 1673
890 1795
1160 1885
55 561
536 1572
501 913
442 1992
900 1768
356 393
990 1641
1149 1310
442 1519
964 1066
576 1179
1170 1405
1330 1629
134 1906
296 1838
1723 1893
589 758
88 1304
166 1211
19 1353
978 1994
523 777
1069 1511
511 1648
540 1470
356 1323
262 324
495 1974
1363 1836
93 1825
93 1140
407 1061
522 975
1117 1681
1292 1668
296 855
1627 1871
681 1994
788 1875
3 541
1323 1497
889 1282
683 1265
254 604
536 1844
1120 1763
1522 1526
281 1577
419 1945
248 1823
963 1874
1367 1495
878 1194
253 556
254 1919
792 1016
1764 1856
1067 1215
356 521
1091 1336
1207 1728
1731 1879
533 1577
708 1357
556 1740
1055 1495
290 834
290 991
1255 1526
660 1012
194 1194
580 857
970 1473
970 980
843 1361
7 977
737 911
218 1318
254 1148
362 793
20 1008
598 737
484 1078
296 1643
441 1955
26 1952
1746 1977
377 554
126 146
758 976
304 419
1151 1360
717 1629
187 1292
1446 1728
1211 1972
501 1934
419 1726
227 541
213 900
620 792
1282 1620
1089 1391
1318 1594
442 969
964 1579
281 817
1728 1893
292 1211
281 484
758 1168
758 1323
1158 1491
1408 1723
724 1823
746 1405
76 356
389 540
407 1786
10 1636
450 1336
523 1965
183 1728
272 1575
1451 1994
1353 1558
10 149
93 1835
419 1001
1426 1547
463 1516
843 1264
1012 1965
684 941
358 1601
622 1211
181 1822
468 713
1497 1910
15 1029
99 1674
1130 1728
513 1318
307 1065
1746 1985
700 1547
1116 1980
1902 1994
1546 1996
843 1893
829 1211
634 1952
501 935
1575 1780
791 1955
291 1160
307 1849
43 579
149 1906
1020 1575
169 1746
869 1211
554 1281
180 1795
419 1741
817 1597
307 1542
900 1092
1246 1502
168 1648
1823 1847
281 1015
509 1546
129 769
172 536
7 281
737 1434
290 1436
561 958
860 1286
130 684
156 1546
1313 1681
900 923
85 860
1323 1462
1127 1497
559 792
1215 1614
1120 1802
128 905
307 1841
628 843
702 1516
433 554
625 1265
149 1336
181 1063
299 362
655 758
121 1135
274 1108
843 1930
62 826
1628 1653
549 1628
1337 1577
217 1147
129 796
1185 1871
758 965
60 1015
792 1752
1012 1809
590 1577
1135 1237
556 1025
28 1810
556 1634
738 1215
188 1746
1149 1991
592 1462
541 1260
1058 1810
357 1462
504 1462
1026 1339
198 324
561 1239
182 1728
536 1134
146 1926
149 972
536 838
1601 1867
476 1029
391 1318
146 1586
128 688
1545 1723
713 1424
537 1681
678 1681
524 964
378 1502
844 1266
316 442
1547 1915
515 1087
1421 1674
239 1266
228 420
488 1120
1029 1312
964 1214
290 507
515 1468
442 546
843 1428
484 1963
290 1714
1084 1265
217 1925
173 1955
152 1526
556 1298
1015 1962
1601 1943
29 1120
395 1764
128 337
124 1116
536 1465
1075 1363
561 1270
374 523
116 1089
1323 1823
1211 1773
48 1795
449 961
93 1152
43 241
356 1848
1057 1648
1323 1994
1116 1154
501 802
1106 1194
1055 1969
137 561
786 843
336 523
646 964
1282 1320
207 1357
1603 1628
149 1601
860 1565
448 1012
970 1507
523 1931
554 809
817 1857
61 1871
356 1334
7 901
289 541
1318 1553
43 1957
1292 1866
129 832
334 1723
1551 1674
95 307
1323 1546
564 1810
217 640
990 1479
128 423
320 362
1055 1363
1175 1628
1339 1735
228 665
20 895
1120 1187
1746 1757
1243 1266
396 1546
10 805
1723 1834
1683 1952
1445 1764
324 1747
674 1012
340 1282
981 1120
449 715
217 919
425 1952
1009 1405
88 1224
540 1612
713 1565
362 412
519 1211
42 181
146 1055
577 1282
887 1601
146 1968
556 1235
1577 1805
43 974
541 672
146 601
228 1705
1336 1600
570 1363
900 1183
96 1974
254 1423
1548 1795
281 1648
605 900
1462 1563
547 1994
1336 1529
617 1874
1229 1502
1357 1685
721 1353
181 1993
1363 1415
40 554
921 1336
407 573
319 1874
1194 1677
515 1213
739 1194
860 1011
128 962
20 1079
1135 1219
397 1906
128 916
372 1318
307 464
146 586
193 1135
271 540
1412 1629
290 1289
1062 1360
540 613
1054 1292
566 1546
149 228
67 554
1149 1865
286 419
146 775
516 1116
181 1544
212 1257
43 1893
43 1397
970 1772
1029 1762
322 1629
1297 1353
297 515
290 387
506 1029
541 870
307 861
990 1343
6 1029
1810 1877
1575 1662
624 1758
831 1069
1015 1331
751 1357
1516 1565
103 254
1135 1966
737 953
1029 1676
190 290
1323 1491
296 1387
18 713
255 1491
1323 1952
563 1497
556 687
732 1731
1043 1746
217 1893
129 233
290 1611
146 1637
454 484
1546 1839
296 833
331 1648
766 1282
1316 1875
296 1652
7 1706
310 826
1010 1974
296 1951
434 826
107 1149
541 1055
1116 1478
1251 1353
1357 1499
24 1502
606 964
556 904
1601 1781
1292 1370
1265 1701
914 1265
1245 1292
20 1854
93 293
1299 1648
1797 1810
578 1339
1852 1994
161 1952
312 484
517 1089
582 737
1543 1795
149 1055
1193 1546
637 1731
670 1874
522 1350
662 1160
1516 1796
826 1983
1778 1974
1138 1360
561 723
290 1323
979 1728
1733 1874
1360 1371
523 950
1215 1998
1024 1339
20 1109
523 1905
457 826
290 385
972 1241
158 1405
7 795
146 1521
133 1516
129 1923
442 543
902 1015
1002 1764
362 1114
713 1765
285 556
303 1149
576 1530
954 1462
819 1674
1248 1526
694 1495
274 1941
442 1294
990 999
98 1149
671 1955
616 1135
149 1160
491 1069
1682 1955
128 1277
1821 1906
826 1642
1135 1837
530 1681
523 1942
212 1678
281 540
917 1875
848 1994
406 1194
407 931
647 1906
4 212
318 1723
1099 1577
501 765
1215 1216
1120 1789
990 1697
10 1632
580 1102
1648 1791
685 964
236 576
900 1565
1068 1160
323 561
228 910
550 1526
384 1674
10 558
1012 1566
175 228
129 1753
20 1386
554 1958
580 711
794 1823
1211 1515
1764 1889
624 939
964 1234
10 1368
399 1547
66 1994
1489 1629
254 1364
235 501
1144 1810
611 1282
1199 1575
392 1547
536 1893
254 298
388 523
1055 1764
181 863
7 607
716 737
