2000
68 1161
107 1830
103 1762
23 396
49 850
78 1333
45 770
70 1191
81 1386
62 1059
48 821
96 1644
107 1823
2 38
52 893
101 1731
45 769
63 1084
70 1198
65 1120
69 1184
20 341
99 1691
3 63
86 1467
117 1993
56 963
15 272
105 1800
89 1517
5 99
100 1704
62 1056
15 269
37 641
68 1170
9 163
4 79
93 1586
0 10
36 624
55 950
56 964
111 1888
67 1149
93 1598
63 1083
44 757
88 1500
111 1891
87 1492
2 43
19 338
38 662
97 1651
96 1639
57 983
34 583
90 1532
82 1403
66 1135
33 576
90 1538
3 59
18 311
55 944
39 676
24 421
30 513
90 1544
112 1911
88 1505
80 1371
54 921
47 813
48 825
105 1790
44 754
66 1124
56 962
73 1256
4 80
47 805
90 1533
32 557
44 764
91 1557
105 1788
53 905
110 1872
45 768
21 373
68 1172
11 201
57 978
22 389
48 829
69 1178
79 1345
37 632
92 1581
7 126
76 1297
4 74
104 1775
50 864
65 1108
18 316
31 536
114 1946
26 446
39 670
103 1767
24 419
95 1617
3 68
13 235
16 280
1 27
43 745
70 1204
58 988
101 1729
76 1296
108 1849
108 1842
50 860
29 507
11 190
37 639
107 1821
86 1471
73 1252
98 1680
22 383
27 470
70 1205
23 401
25 442
55 948
59 1017
19 340
11 195
110 1880
16 286
110 1878
39 675
44 756
61 1053
105 1792
87 1482
18 321
78 1329
73 1250
91 1551
37 637
76 1295
41 700
88 1504
19 335
38 660
106 1812
10 186
62 1061
11 191
52 898
109 1864
114 1952
95 1631
90 1541
92 1577
107 1834
26 453
81 1378
86 1479
88 1510
57 979
115 1961
56 969
26 457
45 766
110 1876
93 1588
115 1965
52 901
97 1658
25 431
70 1199
49 846
49 849
67 1148
98 1677
70 1194
9 168
32 561
87 1491
42 720
29 501
9 156
11 192
58 992
11 189
66 1134
59 1016
75 1287
94 1600
97 1654
65 1112
89 1530
48 822
72 1225
16 284
58 990
45 767
2 45
44 751
63 1077
100 1707
68 1169
95 1618
79 1352
106 1807
67 1155
51 880
58 989
102 1746
56 968
19 332
104 1780
12 219
63 1078
78 1331
19 333
107 1827
46 796
54 919
60 1030
27 460
1 18
34 589
8 143
111 1892
102 1735
94 1612
31 542
8 151
42 721
77 1311
17 292
33 577
45 781
60 1036
88 1501
116 1975
103 1768
4 83
83 1427
2 49
30 527
99 1689
105 1793
50 851
58 993
15 258
112 1914
30 515
20 354
56 957
116 1982
70 1196
87 1480
15 260
101 1720
51 874
25 436
83 1417
63 1087
22 382
0 9
44 765
78 1330
102 1737
92 1579
17 304
85 1454
47 806
36 618
100 1706
5 94
114 1948
84 1432
85 1452
24 411
48 823
27 465
95 1619
98 1671
3 58
6 112
108 1845
62 1057
58 1001
31 539
91 1559
89 1515
23 403
46 787
51 871
112 1918
104 1769
79 1346
84 1440
24 423
89 1522
18 318
55 946
49 835
83 1426
58 996
84 1443
97 1657
1 26
81 1380
112 1916
15 265
89 1529
42 731
15 259
107 1835
52 895
71 1218
68 1171
72 1226
72 1241
51 876
59 1013
49 834
4 72
53 909
116 1974
112 1917
52 897
0 1
19 337
37 640
76 1303
103 1752
87 1489
16 275
24 418
15 271
73 1249
49 844
8 147
22 381
95 1623
31 544
105 1799
77 1318
5 98
11 194
17 306
91 1552
51 875
100 1708
95 1626
109 1868
40 683
96 1637
97 1652
41 711
27 463
6 110
8 149
104 1771
106 1809
89 1527
46 793
103 1765
109 1860
22 378
110 1877
67 1143
49 842
94 1615
54 923
86 1468
58 1000
35 601
66 1125
40 687
105 1787
10 183
83 1412
47 801
37 644
57 973
76 1301
2 36
48 831
22 388
30 523
9 154
81 1389
22 377
104 1779
89 1516
19 339
6 109
1 21
73 1248
60 1022
87 1488
27 464
45 778
44 753
109 1859
4 69
81 1383
72 1239
91 1564
78 1334
73 1246
25 435
64 1101
105 1796
0 12
7 125
76 1294
2 46
64 1102
7 133
41 703
27 472
38 647
117 1997
100 1705
115 1958
29 506
10 182
13 234
77 1312
98 1678
113 1928
48 820
6 107
86 1465
62 1058
50 863
0 16
65 1111
50 861
113 1934
51 872
71 1214
30 516
117 1999
13 233
18 308
94 1609
18 322
62 1064
66 1131
67 1153
67 1141
53 902
39 668
41 710
114 1944
34 595
49 843
84 1429
1 20
53 908
76 1300
75 1282
61 1049
73 1251
61 1042
31 532
102 1750
13 227
102 1743
59 1007
32 548
112 1919
82 1395
10 175
35 602
103 1759
28 486
108 1841
104 1778
11 197
13 228
53 913
27 469
74 1272
57 974
116 1976
116 1978
61 1050
4 76
31 538
90 1537
80 1365
70 1203
19 327
88 1511
54 929
61 1052
108 1848
20 347
5 92
70 1201
55 942
7 128
92 1575
52 892
87 1494
53 918
80 1374
70 1197
5 101
21 361
4 73
113 1937
81 1393
8 146
44 763
112 1915
64 1092
114 1943
77 1314
71 1223
81 1382
101 1719
33 567
108 1838
62 1068
73 1247
6 116
45 771
98 1670
115 1962
91 1558
96 1635
111 1897
11 196
75 1285
101 1726
7 132
35 596
63 1072
8 141
110 1885
3 65
45 782
31 543
101 1725
104 1774
46 786
45 774
3 61
93 1589
115 1964
74 1265
79 1356
110 1886
8 140
80 1369
9 157
114 1950
29 503
35 612
22 387
82 1399
68 1157
82 1410
16 281
17 297
61 1048
25 428
67 1156
32 559
17 291
56 966
51 870
4 71
70 1202
80 1368
81 1394
65 1119
95 1620
99 1686
107 1832
0 2
56 967
67 1152
17 302
94 1614
89 1526
114 1953
1 30
97 1656
19 324
14 240
15 268
38 657
2 47
60 1034
8 153
18 310
37 630
31 533
61 1043
20 344
97 1660
16 274
84 1445
102 1744
27 468
114 1942
16 276
98 1674
112 1908
98 1679
83 1423
107 1828
51 884
112 1905
25 432
19 328
20 345
53 917
60 1025
101 1723
55 936
14 246
67 1144
75 1280
93 1595
50 858
114 1945
29 500
52 891
85 1446
36 615
57 985
106 1814
87 1490
44 762
63 1085
6 113
63 1081
5 87
17 294
77 1317
67 1146
113 1930
6 115
42 716
109 1870
92 1574
36 620
87 1486
53 903
114 1939
21 368
48 832
55 947
81 1390
112 1909
108 1839
46 783
14 254
15 262
4 78
84 1431
79 1354
39 664
92 1576
45 777
93 1585
34 585
40 690
43 747
29 505
114 1949
50 854
78 1338
101 1722
9 158
10 174
43 739
65 1113
83 1424
80 1367
14 239
14 250
75 1291
12 212
23 398
74 1262
106 1813
26 456
38 653
74 1259
12 214
81 1381
21 367
34 581
38 658
43 744
88 1497
7 127
3 52
33 573
18 317
90 1535
95 1622
40 694
104 1785
23 404
59 1005
79 1347
22 380
65 1117
13 222
98 1681
14 252
104 1784
6 114
66 1127
69 1181
115 1956
13 236
99 1697
41 708
38 663
45 775
47 802
54 930
2 35
111 1890
91 1553
4 70
91 1550
74 1266
100 1702
75 1292
99 1700
5 86
35 599
76 1306
47 814
28 491
109 1863
111 1899
32 554
109 1856
6 103
83 1415
76 1305
61 1054
84 1434
64 1090
108 1853
92 1566
20 356
33 575
27 466
31 534
40 685
22 384
33 578
17 303
5 93
22 379
85 1449
94 1608
5 89
9 166
91 1549
84 1438
17 298
88 1513
23 407
43 733
109 1857
12 221
11 199
4 75
97 1650
60 1029
115 1957
61 1041
94 1613
9 160
108 1844
3 66
104 1782
117 1995
42 727
3 62
21 362
1 24
8 142
8 137
14 241
74 1260
63 1075
74 1273
41 706
39 665
78 1328
50 857
36 614
113 1933
75 1277
27 461
25 426
111 1904
36 623
115 1969
68 1159
72 1232
113 1935
42 722
69 1183
94 1602
60 1032
40 681
21 370
6 111
104 1777
48 830
95 1616
35 607
24 424
108 1850
36 628
79 1351
79 1353
22 385
96 1641
18 309
3 54
65 1114
47 809
109 1858
28 479
10 177
64 1091
111 1898
82 1411
112 1913
106 1819
96 1636
50 856
74 1263
25 439
83 1420
43 741
7 124
38 649
111 1889
10 171
33 574
101 1734
56 955
34 586
23 394
52 885
72 1231
82 1396
113 1938
1 31
36 619
1 29
10 179
17 293
20 343
74 1275
52 890
57 975
67 1145
37 645
49 838
66 1130
104 1773
32 553
87 1493
12 206
75 1288
98 1667
65 1121
69 1174
1 32
106 1803
109 1855
0 17
87 1483
117 1994
111 1896
55 939
29 499
61 1039
88 1502
19 326
81 1391
54 927
57 982
23 408
40 692
35 605
46 789
47 800
109 1865
39 679
4 84
64 1100
79 1355
40 689
70 1200
44 755
70 1193
106 1817
86 1476
82 1402
23 392
92 1569
28 484
21 366
40 696
10 180
55 952
28 490
90 1534
46 799
84 1430
55 943
9 161
60 1037
14 247
82 1404
27 476
89 1524
29 496
72 1227
82 1397
51 873
113 1924
98 1675
88 1499
59 1012
108 1840
45 776
12 213
20 351
107 1824
24 410
50 862
63 1082
63 1088
101 1727
75 1286
116 1980
86 1478
60 1027
100 1717
82 1401
99 1690
12 207
107 1831
96 1647
108 1851
98 1672
35 610
73 1244
86 1472
52 894
29 495
6 104
34 593
47 816
115 1966
68 1165
30 520
93 1591
84 1437
90 1542
48 826
100 1711
1 33
35 606
9 170
71 1221
71 1224
75 1290
47 808
21 372
25 434
63 1086
66 1123
114 1941
106 1810
113 1929
79 1349
109 1861
77 1310
71 1215
110 1883
102 1736
85 1453
48 824
88 1503
26 443
57 970
107 1822
85 1451
26 459
76 1293
28 480
21 363
83 1421
52 888
38 651
78 1332
94 1607
116 1981
60 1028
24 415
46 792
22 390
56 954
93 1594
70 1195
65 1106
10 172
87 1496
41 704
18 319
41 699
69 1190
83 1416
66 1126
68 1166
35 600
85 1459
57 972
26 444
74 1267
64 1099
111 1903
55 940
51 882
89 1520
64 1097
43 742
52 900
113 1923
58 1003
20 349
97 1662
42 728
30 511
40 682
69 1187
74 1261
86 1474
85 1457
90 1531
5 96
104 1783
84 1435
43 746
110 1871
42 718
29 498
12 210
51 879
77 1315
7 123
34 584
23 399
22 376
33 564
83 1428
37 636
66 1132
84 1442
21 358
23 405
7 136
89 1521
12 217
50 852
110 1879
16 289
98 1682
96 1643
96 1634
33 568
10 187
101 1733
98 1673
60 1023
0 7
116 1983
34 587
59 1004
101 1718
93 1592
67 1154
98 1683
15 266
4 81
94 1599
12 208
6 117
17 295
84 1436
46 785
85 1461
107 1836
2 42
91 1563
89 1525
68 1164
54 932
84 1444
42 730
77 1319
43 738
17 290
64 1098
31 537
110 1874
39 673
60 1024
49 840
75 1279
20 352
25 429
8 139
30 514
85 1455
115 1960
110 1882
71 1208
31 531
85 1462
26 450
32 555
103 1760
107 1825
7 134
53 912
41 705
65 1118
47 804
85 1448
88 1508
69 1179
10 178
52 899
106 1806
52 889
33 572
23 402
37 635
101 1721
115 1972
99 1694
94 1606
116 1986
33 566
98 1676
8 144
41 702
38 648
54 926
40 693
59 1018
64 1104
63 1074
92 1573
81 1392
87 1495
34 594
64 1096
91 1555
69 1180
79 1359
43 740
66 1137
62 1063
78 1339
34 591
14 248
98 1669
115 1963
105 1786
79 1360
108 1852
12 216
36 625
106 1805
78 1343
78 1341
65 1122
33 569
47 811
21 360
90 1546
34 580
70 1207
6 105
31 528
53 904
83 1414
12 215
111 1895
55 941
11 200
60 1021
85 1447
23 400
103 1764
60 1035
97 1666
115 1967
99 1698
113 1925
77 1326
87 1487
39 680
44 750
42 729
102 1741
57 980
42 719
0 3
29 508
0 4
50 855
29 510
64 1105
75 1289
67 1150
34 579
36 629
49 848
61 1044
36 617
13 229
54 931
28 487
76 1302
89 1518
26 448
11 204
108 1843
87 1481
47 812
37 642
64 1095
0 6
30 522
24 414
92 1580
14 243
54 922
41 713
62 1066
19 336
55 951
2 51
12 220
30 526
65 1110
108 1847
28 483
7 135
81 1385
110 1884
8 138
41 701
20 346
39 666
28 477
15 261
90 1545
114 1947
7 129
2 50
44 749
44 761
72 1236
21 359
2 37
55 938
79 1357
97 1665
113 1927
42 717
111 1901
43 737
2 40
82 1407
72 1235
17 305
105 1789
73 1254
16 279
89 1519
68 1163
5 97
92 1578
55 937
82 1400
112 1907
65 1116
72 1230
19 329
96 1633
99 1688
115 1970
112 1921
20 353
76 1307
14 245
93 1597
106 1811
90 1543
45 779
1 19
29 502
68 1167
72 1240
63 1073
52 896
58 998
3 56
99 1696
53 906
42 725
109 1867
19 325
92 1572
32 545
81 1384
116 1988
73 1242
95 1621
42 715
33 571
26 458
99 1699
28 478
57 976
4 85
62 1062
116 1987
78 1340
89 1528
95 1624
12 211
56 961
58 1002
31 535
60 1026
54 928
105 1798
95 1625
48 817
84 1433
71 1212
7 130
112 1920
86 1477
86 1464
71 1211
26 452
96 1648
107 1833
56 953
68 1158
101 1732
111 1894
20 342
18 313
105 1801
105 1791
75 1283
90 1547
102 1749
51 868
73 1257
99 1692
58 999
31 540
5 90
33 565
69 1177
65 1109
97 1659
13 237
55 945
51 869
2 41
70 1192
53 914
77 1321
105 1795
9 167
85 1458
66 1129
46 790
7 122
40 684
72 1228
86 1469
113 1922
91 1561
75 1281
69 1175
90 1536
99 1687
21 364
57 981
28 492
37 646
101 1724
100 1703
44 759
16 288
73 1253
26 455
46 788
83 1422
51 883
96 1646
46 795
15 270
110 1887
65 1107
35 603
117 1996
3 60
37 634
93 1587
104 1776
35 609
76 1308
74 1269
99 1695
37 638
53 907
1 22
72 1234
80 1364
36 622
70 1206
67 1151
83 1419
42 723
13 224
103 1755
102 1745
31 529
94 1603
57 971
103 1756
3 57
6 119
37 631
36 616
48 828
101 1730
82 1398
33 562
46 784
2 44
100 1713
64 1094
93 1584
3 64
19 330
32 552
15 263
115 1968
43 743
27 473
67 1140
32 551
34 590
84 1441
7 120
2 39
2 48
106 1818
56 959
63 1080
23 393
112 1912
69 1182
50 866
91 1556
105 1797
12 218
59 1014
104 1772
22 386
32 556
25 433
32 549
41 712
109 1854
9 162
88 1509
46 794
71 1220
71 1222
100 1712
95 1629
10 184
29 497
73 1245
88 1507
24 422
9 159
53 915
78 1336
18 320
39 672
59 1015
40 688
54 935
0 13
13 225
19 334
60 1031
41 714
27 462
11 188
68 1173
38 652
104 1781
96 1638
76 1298
103 1754
98 1668
32 546
109 1869
103 1766
50 859
92 1570
28 489
113 1926
76 1299
26 449
8 148
16 285
96 1640
27 474
80 1366
116 1985
21 365
59 1009
71 1209
81 1379
95 1630
8 152
116 1984
97 1664
106 1815
77 1324
13 230
6 106
80 1363
59 1020
1 34
9 155
62 1067
25 437
72 1233
105 1794
75 1276
14 244
71 1216
56 965
24 413
65 1115
114 1951
62 1060
82 1409
73 1258
102 1740
80 1375
37 643
89 1514
27 467
9 169
69 1176
47 815
13 231
66 1136
43 734
21 374
1 23
86 1470
107 1829
0 15
30 521
71 1217
17 300
86 1463
14 249
17 299
109 1862
18 307
99 1685
18 314
54 925
102 1748
68 1160
86 1475
5 88
116 1979
74 1268
14 251
1 25
59 1010
85 1460
46 798
90 1540
97 1653
24 409
12 209
39 667
36 627
51 881
16 273
50 867
44 758
0 14
72 1229
100 1716
30 517
26 454
97 1655
51 878
85 1450
31 530
35 608
24 425
94 1601
113 1932
28 481
20 348
39 669
10 185
37 633
72 1237
102 1742
38 654
6 108
30 524
54 934
4 77
49 836
45 773
79 1348
72 1238
117 1998
13 232
48 818
69 1189
80 1361
54 924
43 748
32 560
44 760
91 1562
108 1846
66 1138
11 202
103 1757
49 837
29 509
28 488
110 1875
47 810
52 886
32 558
100 1710
5 91
16 277
59 1008
90 1539
69 1185
94 1605
41 698
80 1372
10 181
93 1583
49 839
77 1323
77 1316
17 296
9 164
100 1715
36 621
85 1456
88 1512
15 267
64 1093
0 8
26 445
116 1973
49 841
25 440
111 1902
17 301
100 1701
71 1219
55 949
58 997
59 1019
77 1320
102 1739
60 1033
67 1142
44 752
64 1103
106 1808
47 807
28 482
101 1728
57 986
96 1642
40 697
30 512
106 1816
106 1804
100 1709
80 1376
58 987
6 118
35 597
16 283
15 264
94 1611
102 1738
24 412
16 287
61 1051
114 1954
61 1045
22 391
88 1506
38 656
93 1582
57 977
13 223
31 541
74 1271
80 1370
50 865
91 1560
116 1989
94 1610
74 1264
76 1309
23 406
10 173
113 1931
79 1350
33 563
108 1837
33 570
66 1128
74 1274
114 1955
3 55
96 1645
115 1959
0 11
25 427
91 1554
71 1213
35 604
29 504
56 956
28 485
82 1405
78 1337
15 256
54 933
81 1388
34 592
76 1304
15 257
58 994
111 1900
30 519
26 451
53 910
51 877
21 371
30 518
80 1362
103 1761
49 845
92 1567
99 1693
11 198
36 613
86 1473
34 588
9 165
41 709
30 525
104 1770
19 331
112 1910
48 819
103 1758
92 1565
110 1873
43 736
59 1006
18 323
27 475
74 1270
64 1089
83 1425
117 1992
117 1991
107 1820
117 1990
69 1188
11 193
18 312
84 1439
14 242
21 369
62 1069
59 1011
43 735
43 732
83 1418
20 357
103 1753
13 238
23 395
58 995
3 53
35 598
113 1936
22 375
75 1284
0 5
93 1593
96 1649
68 1168
71 1210
54 920
102 1747
45 772
24 416
61 1040
20 350
67 1147
5 95
63 1079
38 659
66 1133
45 780
34 582
94 1604
92 1568
114 1940
81 1387
48 833
73 1243
68 1162
16 278
5 100
14 255
107 1826
62 1071
97 1661
93 1596
62 1065
82 1408
62 1055
23 397
61 1046
46 797
39 674
61 1038
111 1893
110 1881
95 1628
95 1632
80 1373
39 671
58 991
3 67
80 1377
11 203
14 253
38 650
48 827
42 726
39 678
32 550
52 887
18 315
50 853
36 626
100 1714
78 1342
116 1977
8 145
40 686
77 1325
79 1358
10 176
109 1866
62 1070
95 1627
75 1278
16 282
7 131
77 1322
115 1971
5 102
69 1186
79 1344
63 1076
29 494
7 121
12 205
97 1663
92 1571
88 1498
56 958
103 1763
73 1255
25 441
49 847
56 960
25 438
66 1139
24 417
89 1523
40 695
77 1313
41 707
25 430
32 547
24 420
99 1684
93 1590
83 1413
13 226
46 791
40 691
61 1047
20 355
47 803
57 984
42 724
26 447
8 150
53 916
86 1466
28 493
39 677
78 1327
4 82
38 661
35 611
112 1906
87 1484
105 1802
82 1406
53 911
87 1485
1 28
27 471
78 1335
91 1548
102 1751
38 655
