2000
322 1728
1196 1336
230 732
825 1253
488 742
761 1643
594 888
184 1278
784 1470
1232 1734
472 1855
1009 1861
1171 1893
883 1628
1030 1814
981 1590
340 1246
999 1922
651 901
1196 1248
307 693
1415 1622
1041 1416
659 1488
355 1195
677 1580
184 1126
565 740
309 1157
236 1622
34 1728
656 724
127 129
1553 1842
184 214
1332 1830
1687 1840
1580 1778
766 1049
1523 1726
396 1928
494 763
1622 1779
1859 1861
159 1622
1283 1607
976 1492
340 660
595 1037
230 1206
411 1495
345 656
411 1951
1266 1441
296 901
1247 1938
1422 1477
668 939
170 1893
784 1781
1488 1582
1468 1893
97 541
755 1209
289 656
200 363
901 1143
978 1149
1280 1628
455 1702
339 917
1149 1782
334 921
1389 1622
585 1734
1553 1811
387 943
581 1728
478 740
468 1111
646 1041
902 1022
542 1377
75 368
1109 1197
1830 1893
518 1215
850 862
49 989
72 398
902 1528
356 1870
869 1303
455 1719
230 728
532 1377
455 1909
1686 1779
1048 1058
1007 1763
672 988
272 1377
64 1643
1420 1797
110 1072
217 1617
1782 1877
380 1282
1195 1609
228 356
550 1488
646 1529
561 1553
455 1063
1069 1385
493 888
831 981
1553 1719
562 1362
49 888
1195 1960
458 512
669 1928
582 1030
754 1553
766 1441
705 1783
1195 1899
1329 1914
414 563
988 1413
184 1933
746 1728
45 981
37 1712
933 1779
869 1030
1391 1621
399 1375
727 1533
755 1189
1229 1628
975 1052
259 1377
1417 1553
1893 1994
548 1523
1297 1613
110 1501
1536 1963
939 1007
755 1734
1052 1989
939 1927
512 906
940 1571
980 1111
163 1530
644 1687
646 1673
297 1330
1272 1607
437 1893
1535 1779
723 829
393 1783
857 1488
461 1922
1366 1643
949 1530
658 1870
1477 1917
931 1184
649 1830
1582 1797
5 1830
417 1719
587 1571
646 1577
1145 1812
340 467
869 1985
1469 1782
343 380
127 952
1533 1691
356 1139
1175 1870
778 1530
1363 1477
334 464
49 1943
1149 1493
1030 1372
489 981
451 981
1362 1725
73 472
709 815
1041 1188
595 982
769 981
512 692
747 1571
339 1301
37 1122
1168 1173
1753 1836
343 825
549 1530
180 1571
660 835
947 1215
1101 1252
343 1448
343 822
200 491
828 1093
1607 1611
679 1362
1607 1918
380 1136
512 903
143 1728
177 488
1400 1938
1571 1687
334 1848
72 1119
432 784
1267 1617
110 586
336 763
652 1157
981 1315
1148 1963
275 424
687 1101
260 1783
317 869
512 537
123 862
20 447
512 1981
200 768
825 1747
37 299
960 1643
563 1865
1391 1970
1399 1963
1377 1541
1728 1963
1053 1236
340 472
469 1830
636 1431
200 1375
535 1580
110 1477
380 1377
161 541
361 1196
1604 1995
914 1329
777 1687
230 841
1377 1920
1195 1990
731 939
1530 1625
605 646
755 1165
402 1580
862 1210
340 1733
421 740
690 1825
841 1966
1423 1582
740 1681
755 1706
49 941
200 1270
620 1263
439 541
377 524
392 1533
709 1444
1377 1617
660 1051
902 1052
350 1030
931 1498
283 1628
375 1236
301 902
660 1978
862 1628
1109 1329
690 1718
459 862
1055 1329
738 1870
1144 1215
314 380
198 334
317 1843
1922 1965
1006 1779
308 888
1030 1646
974 1375
310 1041
387 627
723 1890
1157 1677
894 1109
230 349
25 377
1687 1952
446 693
734 1571
233 1782
343 930
1255 1329
110 1379
547 1607
356 787
1571 1676
703 1604
1377 1884
1076 1362
20 1548
693 744
886 1488
1254 1734
197 756
1228 1812
248 1431
465 1812
37 94
1431 1679
1109 1517
1149 1815
65 1691
264 653
184 1371
1195 1938
91 1101
285 1192
357 1607
869 1085
925 1734
1330 1570
1147 1157
1342 1691
541 1615
356 1172
756 1653
4 110
32 1362
988 1588
110 1910
862 1819
205 1329
343 861
110 1629
1330 1459
825 1056
862 954
203 1195
891 1643
1288 1963
474 1375
1362 1484
869 1225
377 424
690 1376
1196 1481
488 920
379 902
196 1052
1168 1958
411 793
118 1719
424 1564
733 756
295 1007
707 1719
334 371
646 1313
387 1359
37 1041
525 690
33 424
631 709
266 841
1402 1734
1069 1544
1048 1326
6 110
1798 1830
1157 1605
1253 1816
1327 1622
1157 1709
104 1613
72 1409
333 1111
175 317
512 1141
939 1883
625 1783
636 1921
338 1111
329 1157
1431 1552
881 1492
253 1109
1580 1863
204 1041
993 1329
375 596
387 1657
512 1783
1149 1812
477 620
799 1236
1048 1802
1179 1441
546 1391
712 1041
169 1215
20 536
496 709
249 512
527 1533
235 1728
206 766
1093 1414
127 650
344 1477
1881 1986
1185 1734
633 690
12 901
1607 1824
90 1617
690 948
784 1432
1861 1941
190 1375
246 763
20 674
604 1236
1330 1953
563 1555
20 959
579 1986
230 1314
110 1235
1111 1133
72 1317
472 900
142 334
909 1861
968 1030
986 1643
541 655
49 1724
340 1436
1734 1988
1101 1410
164 1530
356 1343
902 1292
359 902
404 1093
36 1582
1015 1157
375 520
375 1346
1365 1441
541 806
653 1061
2 1192
37 1284
1578 1604
901 1011
1325 1330
608 1870
181 766
135 1523
671 931
519 931
1391 1713
1101 1117
374 1582
168 1643
820 1329
1016 1986
809 1523
1818 1963
643 1007
429 656
1391 1833
931 1323
455 1238
1310 1830
35 1477
946 1922
176 901
424 1581
636 1568
472 1285
435 1571
167 1963
375 1093
784 1738
230 1097
577 981
580 988
834 1109
595 929
1111 1362
1093 1168
590 988
563 1433
443 620
942 1812
1060 1687
1582 1926
681 1861
223 1893
187 1928
72 1513
20 284
377 845
1192 1809
1191 1986
964 1861
1861 1868
356 569
54 317
311 841
595 1889
693 696
182 1431
1064 1530
1256 1613
771 1048
490 1431
825 863
488 984
666 869
1530 1533
932 1607
37 901
380 810
888 977
250 755
1168 1643
375 1873
1048 1987
267 455
901 1005
85 988
1351 1986
1123 1330
380 508
636 893
60 375
423 1377
915 1329
427 1327
676 1168
122 1622
714 1253
1475 1691
49 1764
212 1093
74 1196
377 1094
1069 1650
343 1907
876 1963
723 1257
70 75
1052 1690
293 1093
207 1048
150 1782
583 740
254 1111
381 1617
926 981
1477 1916
1176 1782
13 1157
1687 1721
1318 1617
95 1836
390 1628
988 1337
183 411
916 1362
513 1195
407 766
340 1265
898 1643
1007 1887
411 619
1375 1999
867 1192
1613 1693
49 1220
444 488
184 1779
15 656
772 1553
1168 1467
1192 1253
725 1928
763 1279
110 1274
82 1069
841 1732
1030 1841
847 1607
626 1728
1592 1628
375 1599
567 1195
563 1794
380 1722
37 629
375 852
127 276
660 910
780 1893
450 1157
1227 1836
1719 1773
415 1523
200 1110
573 1007
699 1691
842 1734
292 1109
497 512
110 1723
367 888
178 541
690 1084
1421 1488
1038 1870
784 1556
480 1963
690 1797
592 1375
723 1972
72 1857
49 1703
455 521
763 1782
563 973
20 1353
455 1698
931 1219
841 1194
1356 1812
1296 1330
1088 1719
1454 1523
137 317
1358 1782
341 825
340 854
653 1772
1533 1602
1069 1512
1215 1249
22 653
1533 1808
844 862
75 1836
10 37
1330 1922
1896 1938
1040 1928
252 1728
1150 1870
825 1162
1146 1870
1505 1783
514 1375
1025 1253
188 1938
766 1849
411 1596
387 1312
888 1014
1604 1652
1236 1973
411 475
1580 1823
756 759
1155 1613
1041 1845
340 1068
1574 1922
48 334
512 1938
1253 1401
424 798
1138 1582
1643 1775
1327 1905
38 901
472 1019
985 1111
813 1327
981 1669
320 1168
796 1533
1082 1782
1101 1196
1827 1870
588 690
343 1828
334 1717
37 1497
1387 1963
851 1253
723 1875
515 841
75 1562
43 1391
953 1783
618 1377
342 1441
495 1030
755 994
1492 1667
1431 1893
424 1930
261 317
756 1115
963 1861
1783 1924
476 1893
767 1030
1004 1215
482 1607
766 1944
624 1861
1477 1539
1217 1553
763 1118
156 1111
155 1041
723 1739
1101 1879
78 1441
1007 1244
316 380
653 1276
343 1437
1183 1963
20 304
40 1622
611 656
825 1934
221 869
825 1018
981 1955
784 1915
755 1341
841 1765
575 1488
1093 1113
317 1057
636 783
1684 1922
67 184
1230 1783
107 653
1751 1797
740 1476
387 1388
101 1196
665 1195
146 375
360 424
291 1893
551 693
1157 1770
660 1231
748 1327
288 339
340 1083
473 1441
1492 1504
1576 1613
841 1575
693 1334
563 1100
1786 1986
1124 1253
23 646
765 1779
72 227
20 1327
184 755
919 1734
716 1327
1631 1782
200 1731
1561 1986
88 340
559 1391
653 1322
595 1901
647 1963
148 1488
75 1962
855 1069
200 1761
563 1560
862 1305
1308 1870
823 1215
356 449
595 1087
756 1691
191 1236
1149 1287
230 1996
620 680
408 1007
832 1719
0 424
1486 1628
1093 1321
424 1457
1620 1861
200 736
202 636
1093 1984
794 1431
868 1783
340 1074
430 1192
144 1101
110 1755
690 1445
387 1569
541 1020
838 1253
901 1777
740 1338
541 866
211 380
1158 1533
200 1793
375 812
127 1048
269 1691
1617 1932
1328 1836
660 967
534 1836
127 1617
1431 1878
488 1805
841 1760
339 1598
472 662
740 1104
684 1441
472 1641
1362 1386
26 1477
49 102
1168 1971
1362 1395
354 1101
377 1675
192 1362
364 1812
373 901
981 1898
770 1391
698 1963
1580 1795
603 690
628 1734
620 1948
411 1480
1291 1327
1391 1553
539 1812
922 1192
1616 1719
543 595
1580 1780
723 1277
234 1149
1375 1452
1719 1903
1098 1922
380 420
892 1253
75 1214
106 1922
274 1797
1099 1783
1111 1832
418 763
505 1571
654 939
1499 1861
53 334
918 1607
1604 1743
1391 1427
541 1182
1174 1477
313 636
1268 1441
31 1870
1533 1929
709 1991
72 1190
576 766
902 1518
895 1779
1251 1604
455 1619
346 1052
1797 1947
653 1593
620 1649
756 1103
597 1431
273 356
1643 1791
563 1007
755 1992
558 1617
646 1532
646 955
1091 1613
656 1774
1203 1553
1111 1758
416 1236
481 636
339 595
1430 1488
640 763
231 825
931 1806
1109 1298
1157 1803
340 839
1192 1697
709 1027
620 1273
232 1327
730 1797
1271 1836
294 343
958 981
595 1509
343 623
693 1349
87 541
1329 1623
240 1215
700 1870
750 1375
242 740
339 1945
578 646
68 1553
690 1771
1362 1911
1377 1685
869 1636
1335 1607
1769 1893
1492 1880
318 1149
184 928
691 1101
740 833
230 1073
1807 1893
802 1007
1329 1394
522 763
1109 1216
962 1782
764 1523
902 1102
970 1691
1804 1928
486 1617
257 1477
1861 1940
701 756
20 369
1045 1719
723 1787
456 1553
1622 1768
334 401
756 879
377 1847
939 1705
1140 1195
1580 1860
766 1699
760 1327
797 939
127 1443
1041 1374
124 784
709 1554
130 1362
1111 1624
230 1928
377 1205
323 356
1571 1937
166 1192
1408 1836
99 387
1026 1048
185 1007
230 1239
931 1742
541 685
220 1797
58 1812
348 1215
1046 1530
405 755
1431 1664
251 756
1149 1630
646 885
1456 1533
455 1090
37 1551
119 1604
160 1622
138 1109
1101 1161
334 365
722 1893
752 1441
888 1407
555 1691
388 1431
286 1613
613 1691
1559 1779
75 219
1041 1579
317 1801
1054 1236
1728 1850
499 1628
51 862
1329 1375
870 1622
375 1785
49 1362
1221 1530
723 757
1375 1730
511 1377
153 1391
411 688
457 1329
334 1192
512 987
800 1041
1069 1507
1748 1928
199 563
1007 1164
869 1121
258 939
151 1236
931 1600
784 1130
115 1236
127 1558
784 1800
434 1687
871 1938
1441 1465
656 704
315 1571
424 875
127 268
1782 1894
1580 1591
1109 1756
356 433
255 339
719 784
110 1885
1783 1858
966 1719
411 1042
378 756
375 1453
841 1659
18 317
545 1236
334 376
1048 1412
1109 1236
1199 1782
937 1797
1728 1866
610 1441
1 49
356 1491
1687 1923
663 1109
869 1458
988 1340
501 1928
328 1779
455 661
17 1938
931 1215
931 1589
1261 1613
563 593
186 825
660 1862
1196 1864
303 1157
1477 1614
339 1295
599 1168
14 1617
667 1492
93 1111
1062 1734
1810 1893
1215 1665
1523 1610
902 1237
931 1208
988 1201
72 500
784 1519
55 1779
237 1643
641 1643
200 981
127 1319
109 488
1604 1628
709 779
1734 1931
413 1196
1604 1663
37 745
353 455
75 1233
636 1451
165 1779
807 1052
339 1473
145 1441
1149 1180
1215 1440
740 1531
358 1870
888 1050
20 52
529 1691
189 340
406 1830
541 1523
808 1048
317 1428
642 1687
126 693
678 1101
380 1151
902 1391
1329 1694
488 1114
1258 1492
553 1836
516 1986
1783 1892
503 755
869 1187
1485 1782
1488 1727
830 1195
184 1671
16 784
37 1116
147 1362
83 902
488 1644
395 756
693 709
766 1734
1260 1643
824 1052
1369 1622
72 1330
841 1749
334 882
317 455
1069 1720
862 1300
317 843
656 905
1127 1628
127 1854
755 990
595 1658
723 1604
862 1704
538 902
184 1462
1472 1582
864 1168
639 1530
1607 1660
841 1902
1540 1797
1613 1692
75 419
1306 1938
110 1135
377 1111
512 1606
1134 1779
332 709
755 1081
44 1157
756 1477
740 1030
75 410
1655 1691
377 1776
3 869
656 1345
646 1069
37 46
28 1327
1105 1938
111 931
431 1571
1034 1986
657 1330
888 1426
595 972
154 334
1264 1377
841 1968
1571 1856
339 1983
766 801
305 472
317 1120
1008 1734
356 1735
709 1654
75 1834
127 466
483 563
339 1986
19 660
8 709
49 686
763 1837
140 1783
646 1974
387 1583
773 1922
1523 1936
200 1566
230 896
39 1196
1111 1959
1922 1963
693 1380
1215 1534
656 740
723 1542
9 1488
488 971
874 1582
1687 1695
636 1557
319 1069
127 1167
42 411
1052 1065
462 888
394 1797
1032 1215
1293 1530
200 1142
278 1149
362 1330
1052 1954
653 1682
1580 1740
411 710
445 1779
339 1028
230 1075
75 1429
826 1533
1442 1622
230 1835
208 763
1157 1836
66 1329
1030 1031
263 1192
1502 1779
755 1516
1500 1836
200 1047
1048 1904
71 1492
380 609
645 756
49 616
20 356
1196 1710
636 1059
1582 1766
595 1092
1375 1900
1253 1508
1159 1477
471 1571
923 1604
620 636
660 1095
653 827
763 1861
112 1492
37 1796
1617 1701
792 1928
776 1195
387 1950
735 1523
656 1979
709 1956
653 913
193 709
1626 1836
656 1523
279 1048
766 1370
20 899
455 1304
637 1236
334 1157
162 1048
380 695
1330 1546
479 1604
656 664
638 1607
424 1580
1286 1580
339 630
1329 1487
1431 1585
436 1391
72 620
200 1354
1737 1783
184 484
888 1919
1007 1714
1687 1925
825 1281
110 256
1204 1628
1441 1762
290 455
660 1446
136 1604
149 1196
1101 1550
660 1767
1373 1580
271 563
887 1782
869 1521
1080 1253
347 1870
615 1628
200 1367
564 1604
335 472
340 1632
901 1876
888 890
49 1202
1492 1886
634 1836
171 387
387 1580
1030 1039
1168 1290
563 723
981 1799
888 1226
939 1461
302 1779
460 1196
1711 1928
132 377
131 888
1545 1728
114 1523
63 1622
343 1997
988 1017
690 1812
245 653
389 709
673 1149
911 1628
766 1200
1633 1986
488 504
1478 1986
791 1391
1708 1963
1253 1792
386 1628
901 1024
756 1639
869 1106
96 541
385 1052
1236 1977
1381 1963
825 1438
862 1494
1192 1587
790 1327
41 1797
1052 1211
1311 1617
1530 1838
120 825
1192 1584
75 1696
784 1510
1213 1488
693 708
1316 1870
1861 1939
636 950
380 422
59 869
607 766
403 988
428 1101
931 1331
1377 1597
1530 1784
184 1603
1069 1607
862 1339
860 1109
226 1327
1052 1993
377 1525
356 884
184 502
1215 1503
72 1520
957 1604
1515 1797
646 1741
110 517
1320 1327
1236 1425
509 636
1294 1687
1192 1527
334 1638
75 1435
1193 1492
356 1163
113 1782
621 1431
298 1622
200 1243
184 836
72 865
1207 1830
690 1897
440 1533
1236 1434
134 841
1093 1831
814 1928
693 873
184 1888
510 1719
1506 1622
366 1030
184 1419
375 1736
872 1922
174 620
377 907
737 1069
488 1307
979 1523
287 1523
1078 1617
693 908
762 1431
646 1125
560 646
27 1196
784 1687
766 1572
563 706
265 472
1196 1573
216 1048
1093 1455
139 1375
819 1330
507 1812
904 1938
377 1618
488 1538
782 1628
230 1594
277 375
488 709
1375 1450
488 1156
1048 1132
84 1533
606 1582
243 1928
723 1397
931 1222
1617 1789
1533 1537
526 1938
37 1647
1447 1986
901 1067
224 488
711 1101
693 981
200 1070
653 1830
222 620
387 1052
1687 1790
718 1030
869 1309
1377 1439
584 1613
617 620
653 753
1398 1553
20 195
902 1871
969 1836
1289 1613
152 512
825 1154
1178 1617
1384 1617
988 1967
740 1754
931 1612
343 1181
720 1330
1830 1976
330 1149
902 1352
280 1477
901 939
1489 1691
541 1844
61 1893
141 380
72 1079
300 660
763 1980
400 563
888 1405
1218 1431
377 1913
387 1344
411 1571
912 981
463 1691
743 939
377 1245
825 1895
1093 1700
572 1719
653 1759
945 1195
1149 1666
1043 1101
72 282
1003 1329
709 1595
356 1393
487 1030
325 1553
448 1253
995 1613
1036 1928
1830 1874
20 56
49 956
988 1986
1643 1662
1582 1851
601 1041
262 1253
1471 1797
1160 1441
351 988
1035 1830
612 1782
121 653
127 326
693 817
715 723
1327 1463
853 1327
339 1333
157 455
375 694
7 1111
1240 1938
77 1986
1001 1836
1195 1361
340 1169
901 1872
1869 1938
1460 1691
69 1986
1168 1601
841 1196
1330 1935
849 1391
128 1812
49 889
424 566
632 660
317 1364
397 1728
795 1582
230 1813
636 927
424 1608
755 1131
818 1922
1553 1757
544 1236
324 636
472 1368
784 1821
660 1670
774 1580
229 931
1077 1728
472 506
571 939
998 1048
1002 1687
1170 1582
442 1617
72 1746
902 1396
620 1946
816 1812
1488 1613
441 1533
470 1830
133 939
218 424
1327 1752
693 1186
426 723
1377 1908
862 1479
241 1362
512 1250
11 620
454 1582
411 1418
1651 1963
317 600
179 1870
340 1942
1168 1716
21 1734
498 1622
552 1836
541 1023
840 1441
1482 1492
382 784
488 856
1424 1571
331 723
1522 1812
936 1093
384 1093
1635 1797
62 1488
158 869
1093 1496
20 125
72 837
339 1355
512 1259
721 1488
568 1477
455 523
991 1830
988 1788
127 591
75 1672
740 1112
755 1680
690 1642
531 660
86 317
453 690
472 1729
49 1166
472 1817
47 1613
339 702
472 1530
528 1613
1041 1223
184 425
424 1853
108 1604
100 375
1404 1477
492 763
1553 1640
670 1192
1215 1982
784 1783
1195 1378
247 1488
614 939
57 939
1483 1687
1253 1275
1096 1812
110 1861
1607 1613
961 1922
1192 1964
103 1691
92 1728
934 1030
213 1580
1689 1719
563 1269
1533 1998
380 1645
1052 1586
1492 1565
79 1041
1348 1362
740 1627
281 455
317 897
452 988
194 656
380 1547
589 1812
693 1678
1093 1852
339 1464
574 841
391 1861
29 756
230 1071
270 1861
375 1066
1634 1643
424 938
339 1949
225 1582
786 1391
1168 1957
653 1492
327 636
75 1683
1152 1922
1329 1411
370 1041
24 1196
690 1086
756 1137
789 1041
343 1010
312 656
803 1691
201 1797
89 541
533 1109
1431 1829
775 1007
1069 1674
530 1195
939 1526
690 1912
472 1867
763 944
1383 1728
1052 1299
127 209
902 1975
409 1523
372 1530
622 1734
1041 1198
758 1622
554 1069
1613 1826
1656 1779
239 1719
72 805
1324 1734
383 763
210 343
1846 1938
411 1490
244 901
1044 1571
766 878
1007 1241
1719 1750
620 1033
20 1212
848 1253
1149 1744
343 1891
334 1961
965 1783
1149 1449
653 689
1262 1375
1511 1719
1492 1643
105 763
723 858
755 1302
387 556
1524 1691
1177 1492
862 1000
939 1969
1466 1938
660 1101
37 1153
512 1567
1111 1906
739 1607
751 1111
1382 1830
1492 1715
862 931
337 1604
306 317
1021 1215
1628 1648
656 1012
693 1224
620 1839
541 988
50 1812
81 1030
1069 1089
75 1928
675 841
988 1360
1157 1357
173 723
595 924
595 1403
1391 1745
804 1553
76 1109
321 343
387 741
756 1234
172 343
387 438
740 781
1013 1893
595 682
557 1530
646 1347
80 1109
880 1330
49 713
598 1582
485 1553
1637 1643
570 656
1029 1986
749 888
1157 1392
377 697
1108 1963
20 30
992 1523
215 1048
1474 1783
1069 1406
230 683
951 1330
1129 1836
996 1928
785 1069
1101 1390
595 846
620 1107
981 1661
825 859
127 1514
1052 1822
1242 1362
411 1441
648 1330
1128 1375
997 1797
1168 1563
729 1192
766 811
821 1149
238 1377
540 1938
717 740
412 1109
877 1048
901 983
595 1870
1668 1922
411 1882
888 1215
602 1922
1327 1350
726 1168
98 1830
1582 1820
352 1607
825 1688
117 1488
387 788
635 1922
116 1007
1195 1728
1007 1543
1168 1549
935 1830
1707 1928
