2000
1305 1485
723 901
1190 1409
111 272
32 59
343 512
1057 1524
169 288
901 1319
1224 1577
981 1111
254 1864
321 428
169 1983
356 928
323 1135
195 1236
431 1236
465 1988
1097 1478
233 879
1087 1227
597 836
906 1835
182 1923
818 1487
108 1310
1355 1555
1209 1444
1827 1836
268 946
768 1576
1121 1630
65 1787
1089 1316
300 706
1409 1751
836 1561
678 878
82 561
842 1518
67 912
544 970
343 1477
757 1437
1088 1345
1351 1860
1309 1329
386 743
1193 1988
879 1044
414 1037
331 1997
1630 1767
437 928
1378 1777
777 871
1437 1659
331 1907
59 1799
80 1124
978 1811
1033 1088
808 1713
768 1809
389 1901
25 706
1151 1541
205 722
837 1497
1088 1850
740 817
1860 1898
198 1977
1446 1682
1088 1855
1309 1770
233 1270
387 1835
466 1280
879 1720
1087 1640
1267 1868
101 1316
1398 1409
808 1827
907 1818
841 981
770 978
1462 1497
1198 1202
453 1256
1073 1278
1399 1931
453 1823
584 1057
729 1230
233 995
394 1006
70 351
319 1943
1149 1564
169 490
1228 1969
534 1355
386 894
923 1573
70 764
915 1224
667 1988
331 1998
1287 1519
931 1702
1273 1721
254 1891
1279 1742
80 1651
403 1818
1135 1446
414 1631
393 746
70 1950
480 741
410 1444
836 1480
480 781
916 967
486 1202
453 911
514 1087
1251 1275
1219 1446
219 1088
19 544
393 947
1844 1882
524 1232
1786 1988
1541 1562
754 1748
80 1727
314 1518
746 827
952 1165
1459 1584
272 1364
271 382
607 1032
20 1291
1815 1977
100 1977
344 406
1075 1435
178 1111
1558 1713
999 1984
65 1455
901 1819
722 1756
883 1138
65 848
70 1763
1035 1435
1328 1387
389 1810
808 1922
389 1247
463 1351
843 1186
1056 1224
1057 1633
542 1035
37 272
408 1328
1435 1857
238 1582
965 1294
814 1637
686 1111
382 1005
65 800
297 931
341 1566
394 1629
1111 1144
335 1441
254 1077
1088 1946
406 1994
1070 1236
1676 1703
1087 1389
607 1775
1258 1493
1239 1767
61 169
678 1582
248 981
10 1437
1057 1525
491 1236
393 1703
638 1540
637 768
1170 1291
1411 1486
1200 1734
978 1806
9 901
1097 1604
296 1351
939 1986
402 1748
255 331
1518 1792
77 1316
369 978
233 1273
1630 1645
901 955
808 1246
6 1767
712 1532
80 1973
1382 1879
928 1358
783 931
1137 1448
70 320
1291 1459
182 1924
390 462
1220 1518
174 254
369 1065
362 569
722 1257
394 1015
706 1991
675 1713
443 518
77 850
168 981
382 609
1835 1929
1345 1411
573 1459
406 1766
1307 1703
464 535
108 544
106 1294
1234 1767
8 1848
1748 1772
982 1111
321 1444
1703 1779
621 1328
901 1675
1485 1834
1918 1988
516 1406
678 1514
354 607
342 1630
335 1081
566 1287
105 1057
405 879
1265 1485
772 941
269 1988
414 1357
1348 1915
382 507
259 829
1464 1988
1275 1767
480 1271
565 746
813 1351
1331 1355
370 1497
335 1914
200 1021
74 981
234 1703
1111 1686
786 1988
42 516
1273 1495
671 1382
28 1802
436 1291
1673 1933
138 967
1387 1599
13 1186
70 1126
349 686
706 1492
182 1118
445 1309
77 1773
493 1449
1067 1986
607 694
119 678
216 808
1138 1843
386 872
529 1287
536 1104
145 394
102 1387
1088 1665
1159 1204
460 1224
360 728
89 1915
30 1236
381 516
515 978
1593 1915
254 1045
635 1316
59 1846
59 1485
1460 1965
859 931
79 453
1287 1925
1138 1206
879 1870
406 1697
336 1748
762 1200
808 1248
1157 1411
1230 1639
981 1280
1258 1367
1079 1926
1186 1635
59 834
678 1014
969 1612
658 1291
978 1087
746 941
206 1411
849 1200
617 1152
65 901
182 1437
607 1912
948 1111
378 836
1187 1224
1352 1777
1373 1818
1485 1842
931 1409
893 1518
117 1964
73 1485
978 1552
69 1543
414 1249
1161 1198
1236 1371
66 1411
230 395
832 1915
587 1287
967 1321
880 1245
321 1951
169 360
1252 1345
182 1335
121 762
343 785
663 802
917 1057
280 1986
607 1092
977 1435
169 1671
1195 1309
135 1345
453 1166
503 1287
967 1079
663 1904
1409 1613
516 1177
401 480
1314 1387
751 1197
1437 1777
57 1750
176 182
35 1184
1107 1287
808 962
746 1650
114 1915
886 1854
394 1318
1230 1539
1024 1446
34 396
1309 1559
347 1198
768 1090
462 901
57 638
321 415
87 722
493 556
311 1485
489 1111
137 1258
169 1587
42 1128
745 1422
377 1198
1199 1541
233 1241
493 678
360 1084
260 1331
1663 1703
1541 1818
478 1309
603 1057
1713 1999
1048 1882
316 600
663 1400
1138 1977
619 1497
1013 1028
1532 1653
981 1930
836 1506
836 1957
348 544
1236 1328
393 740
295 1882
386 1250
1459 1974
414 1726
335 1520
733 1961
480 689
579 1382
1382 1830
78 233
251 722
1230 1699
1111 1291
1351 1522
830 1541
1135 1728
389 1764
978 1871
1139 1747
143 1485
1444 1586
751 1097
306 1111
169 1099
250 1272
343 1262
976 1088
393 598
1066 1444
406 644
480 1617
964 1088
726 1435
418 676
1291 1376
338 1198
612 678
924 1224
607 954
333 663
544 709
493 933
720 1309
889 1111
1316 1829
1122 1177
343 1677
133 658
77 278
752 1455
77 1116
663 928
1568 1570
1541 1960
59 360
200 213
1409 1574
980 1057
252 1977
36 182
1633 1948
666 1345
722 1467
1057 1102
1226 1530
1149 1977
480 1184
673 1570
1046 1748
722 1956
1345 1695
77 1188
5 879
341 453
936 1537
544 1009
768 1497
780 1087
360 443
406 550
1291 1760
856 1633
638 1886
516 855
1205 1435
1437 1605
222 931
886 1859
1710 1990
638 1027
272 1798
732 1198
1409 1664
592 1671
169 1130
125 335
272 1642
1236 1610
607 1433
1258 1483
885 1977
1309 1351
321 630
1111 1312
159 1200
678 1975
1333 1839
169 1488
636 1481
537 1316
59 380
551 1355
345 453
130 331
182 404
200 1909
18 1633
913 1437
397 1309
28 538
1532 1545
26 77
616 1316
59 1451
1230 1435
1351 1959
874 1570
638 1945
1061 1767
493 1711
245 1355
530 1186
1351 1905
420 1382
286 981
230 1186
1236 1338
966 1532
243 1777
886 1976
56 57
264 548
1273 1414
1291 1657
1316 1410
1882 1921
853 899
967 1896
414 1853
55 846
192 1287
304 480
1347 1835
1791 1802
14 272
414 1668
975 1382
745 941
170 1437
331 1279
169 1528
1450 1871
140 607
343 1458
627 1381
331 875
233 690
59 1171
149 663
355 1284
221 233
193 516
254 1471
270 503
27 1387
57 1949
683 1258
146 1703
909 1713
386 1479
735 1388
482 1444
346 480
1384 1818
77 1919
613 638
1210 1989
493 759
1273 1383
1139 1200
367 1818
1088 1802
782 1227
152 931
480 1354
200 1833
1316 1436
123 971
182 1071
457 996
665 1595
994 1988
1224 1565
393 1944
511 1409
50 182
169 763
1795 1986
833 1915
768 1041
33 233
1097 1915
386 806
55 1818
1236 1636
1135 1185
1240 1316
1632 1979
113 360
902 1186
407 931
427 1986
200 1474
321 1783
237 1087
132 1741
539 1802
335 825
77 194
1387 1461
1105 1915
1401 1541
721 1088
784 901
967 1894
360 925
1767 1856
307 978
493 1822
607 1377
389 865
836 899
120 1182
225 1135
215 544
384 1224
697 879
1198 1409
967 1233
599 1518
343 1497
17 931
1049 1097
978 1412
1003 1236
308 1547
775 1236
1120 1351
768 1145
1309 1761
488 941
374 1748
1236 1768
574 1541
272 547
766 886
169 1192
70 200
725 1882
414 1533
1276 1633
1541 1955
272 1940
1421 1767
650 1402
1138 1391
220 808
1138 1293
232 722
1551 1936
335 1267
76 1355
525 1057
678 1387
393 1094
165 1097
546 1145
80 1980
421 1541
931 1360
203 1835
722 1430
1294 1343
254 1325
414 831
57 1004
1273 1990
1345 1456
722 1630
1143 1818
262 1083
967 1717
48 1411
886 1718
1039 1387
1311 1459
389 662
414 680
272 1753
1087 1840
1223 1915
316 1258
898 1087
1309 1712
706 1971
1981 1986
1031 1444
227 1882
808 1954
1748 1835
493 1969
705 1497
644 863
787 1541
1221 1459
386 882
852 979
953 1382
393 1666
655 1977
808 901
1303 1869
1740 1835
1532 1679
1777 1988
1835 1867
553 886
693 886
244 516
386 1818
1387 1418
57 191
59 1917
1302 1610
624 1459
797 1057
799 1840
1215 1288
277 360
1518 1892
293 706
1032 1841
93 1570
1411 1835
148 1435
274 1503
42 1678
892 1287
1309 1356
839 913
84 1135
701 1459
1198 1861
414 594
290 1273
57 749
107 928
1135 1821
131 1748
717 1291
59 1112
879 1068
629 1532
186 1459
295 1736
493 1487
72 1988
321 1964
1431 1680
803 984
80 1023
343 700
649 987
169 864
1156 1570
1034 1200
1089 1654
1435 1491
406 1507
434 1345
343 1578
1355 1526
891 1411
42 1288
382 1790
1002 1258
1411 1544
544 1609
1200 1685
1765 1882
544 791
706 974
52 1633
1088 1093
158 1435
11 1942
254 452
1457 1532
762 1993
413 663
239 669
519 1565
1320 1781
1201 1767
118 544
1088 1264
973 1411
604 1446
1342 1567
70 1570
1097 1972
47 57
1541 1785
439 941
360 1600
1138 1254
595 886
508 1802
272 896
1690 1970
1394 1446
582 638
879 1692
335 668
1485 1570
128 1345
172 638
42 398
233 368
516 552
1588 1882
1093 1163
1138 1729
1173 1802
516 777
879 1915
824 836
607 1273
1186 1557
967 1801
363 931
393 1350
321 1563
992 1802
678 1337
188 1411
431 1261
550 1301
768 1026
1767 1794
1713 1889
393 457
1164 1200
71 1413
1602 1906
768 1194
331 1607
173 389
886 1284
1426 1444
1298 1748
1138 1496
731 1915
835 1518
167 664
200 711
331 1877
182 1781
389 638
663 1984
1245 1409
1150 1703
1437 1554
1780 1913
299 1777
901 1476
319 1988
808 1958
1098 1411
60 1435
88 553
23 1186
155 663
796 1216
103 1446
1147 1446
638 1667
317 389
792 1225
1213 1518
678 1448
254 279
423 1986
53 57
788 1818
760 1309
382 1634
610 1909
430 928
1341 1977
1344 1387
1387 1837
928 1616
516 1858
985 1915
925 1865
1706 1835
1397 1497
765 768
80 1317
322 331
762 1597
116 901
7 1011
389 1382
199 1359
294 331
411 1200
557 1630
200 1548
335 382
1283 1777
1097 1509
154 1230
129 245
755 1570
47 790
1176 1236
572 1986
1351 1952
144 360
389 611
942 1884
75 1230
1218 1322
233 1571
931 1977
65 1814
292 978
1001 1658
254 971
1618 1802
42 1083
654 1309
706 1900
1203 1294
638 1745
758 1287
504 1230
1198 1953
1036 1411
340 1977
70 1159
840 1748
803 1541
1043 1437
1497 1681
42 593
513 1818
254 1129
768 810
182 440
726 1080
389 708
1431 1802
1108 1532
386 1103
394 1018
928 1660
1232 1570
651 1777
254 1131
959 1345
776 1273
742 768
986 1497
352 1294
1316 1622
1446 1714
253 1459
411 1694
941 1444
715 1497
544 1266
335 1069
737 1224
3 394
1186 1987
263 1561
272 383
1570 1804
1214 1748
1260 1570
361 926
473 836
1627 1630
541 956
528 1291
1016 1882
182 1608
1713 1881
287 588
722 967
331 1114
350 739
197 389
45 1007
937 1731
620 1532
1405 1437
1387 1732
57 1647
169 1532
233 1708
1443 1444
746 820
1497 1502
406 1484
330 516
59 366
1192 1845
414 1091
386 526
57 414
502 1345
943 1633
1513 1986
284 1777
77 870
941 1649
808 1549
1387 1704
182 1229
706 1911
200 1737
425 1382
80 1299
453 1986
1287 1656
70 1874
442 1097
70 396
406 1652
987 1135
1777 1813
360 523
65 1419
1290 1988
70 1253
120 901
474 981
1339 1355
484 1446
30 1362
1109 1294
1200 1454
544 1624
65 1324
1236 1690
1446 1875
310 706
359 638
241 1767
714 1713
857 1259
1053 1802
774 1097
1309 1313
65 1415
285 1198
49 1988
1291 1623
879 1939
258 928
1743 1882
249 544
1300 1703
454 886
321 1085
1111 1733
200 672
836 1985
394 1370
94 978
936 941
1655 1920
816 1291
762 1873
441 1345
327 1986
941 1269
200 796
807 1882
692 1817
493 1812
1052 1138
362 928
642 1703
414 1674
679 1236
949 1097
1485 1793
1508 1735
1087 1167
627 1485
343 1183
981 1535
663 809
58 1087
479 1483
756 1273
1328 1700
1603 1903
1434 1444
233 1852
901 1469
762 778
39 59
115 394
39 522
1777 1941
414 730
1403 1713
375 1497
231 1291
982 1369
218 931
558 1351
233 1807
1142 1703
532 722
762 1556
57 509
388 762
1198 1226
453 1965
1294 1978
533 1424
157 1802
153 1111
406 1336
365 1703
1217 1713
1355 1365
406 738
305 762
169 1007
90 254
343 605
77 1541
91 453
254 1040
414 1025
978 1295
40 1186
334 1435
941 1134
1698 1835
303 1802
851 1977
343 567
343 1181
495 1097
12 1294
886 1208
70 703
1141 1291
1289 1915
650 1200
967 1198
722 814
250 331
301 1057
65 562
1355 1429
493 1375
805 1057
1437 1828
204 981
470 1224
406 476
1399 1459
1132 1230
343 1020
706 1097
196 836
41 157
1570 1669
389 1542
577 1328
910 1166
467 1088
389 1687
746 1591
941 1346
42 1771
951 1485
578 941
126 1294
968 1437
331 1890
505 1446
480 1569
722 1906
682 1446
141 722
16 1879
676 1518
1258 1304
1186 1475
1224 1432
575 1198
59 657
42 978
312 1570
432 1158
1323 1485
160 909
438 1345
481 1541
494 1630
1042 1382
746 1078
1008 1236
1748 1927
65 660
343 1908
1101 1570
458 1328
1511 1818
453 1416
360 1154
393 1531
1038 1351
80 961
80 903
67 1258
331 836
272 1258
1316 1730
126 419
618 1713
981 1230
321 1382
941 1011
1230 1385
29 1382
1064 1986
406 687
80 1100
97 1088
1722 1748
480 1633
887 1294
335 1238
92 967
70 1534
836 1442
983 1273
941 1560
182 1882
42 645
1351 1505
236 1435
1504 1977
335 1543
727 746
1281 1777
815 1334
1160 1713
1334 1411
588 1258
247 1818
1082 1818
1330 1345
1186 1489
845 1882
1359 1915
321 1619
1087 1655
934 1767
920 1427
386 1572
85 200
794 1309
615 873
59 1179
930 1382
321 828
861 1882
697 1019
1138 1287
563 607
1291 1516
990 1287
879 1096
1057 1573
239 1437
254 394
1111 1119
459 1915
945 1767
1536 1590
464 493
1662 1882
854 1387
1186 1309
967 1396
583 1258
678 1754
406 695
1096 1583
1689 1777
99 1355
1439 1633
625 1628
65 1353
895 1727
1328 1603
272 331
59 1598
389 1030
477 1138
1175 1835
713 1463
22 149
1435 1482
1274 1345
321 1073
124 1532
674 1630
1186 1638
1316 1446
54 1459
908 1653
446 1802
393 1967
42 313
177 678
226 516
433 480
200 1767
63 389
386 1211
576 928
931 1784
440 1916
607 1059
134 343
394 1186
302 1111
1113 1932
80 1988
1664 1691
1230 1612
811 1409
746 1494
190 393
829 879
339 808
1255 1579
559 808
978 1899
1263 1986
65 432
722 1769
623 978
931 1055
266 544
200 718
57 1408
1135 1808
1328 1758
1294 1510
805 1641
228 254
200 1047
469 1518
1087 1523
750 1459
1155 1435
836 1060
371 480
1644 1986
321 1719
748 1915
1180 1273
372 406
70 257
77 548
1230 1851
150 453
1125 1748
927 1258
631 1459
1570 1910
1258 1883
1409 1590
544 1285
678 744
1648 1988
485 508
393 914
1294 1340
1630 1724
795 1437
15 1224
706 1117
570 1351
1805 1882
1222 1387
83 1328
217 1328
201 1382
343 1296
1615 1695
214 1911
860 1485
451 1633
169 400
328 1135
233 950
516 1029
1097 1452
993 1186
1818 1902
127 706
182 1825
298 901
200 531
1355 1992
1200 1258
602 1939
161 1459
1497 1893
325 1532
493 989
77 643
325 1521
1474 1621
876 1918
417 1135
1172 1713
1230 1626
1135 1440
110 1087
78 1428
65 68
1135 1935
1028 1532
663 1782
978 1286
4 684
265 967
201 246
289 836
1625 1777
282 1630
1282 1977
608 1605
981 1517
886 1355
229 886
256 414
1835 1963
59 905
449 1713
223 762
1057 1838
1444 1553
1515 1959
1328 1878
96 200
988 1230
475 1767
769 1437
981 1575
1057 1498
393 520
716 1915
521 1345
928 1895
1146 1633
406 1703
1054 1138
886 1995
884 1633
1349 1630
554 1198
267 1351
80 956
1355 1788
1595 1986
132 1518
607 704
393 1379
135 812
483 808
77 472
838 1759
42 212
57 156
208 1309
70 1848
376 1224
1374 1446
746 1012
139 1630
1630 1933
862 1459
1287 1435
182 888
516 997
632 1088
273 1630
98 1435
707 1497
447 1703
492 1138
24 1316
42 1074
928 1368
1518 1934
614 1818
386 1800
1417 1435
81 335
944 1411
416 1198
80 1225
952 1802
886 1527
112 493
647 1409
1174 1273
1088 1242
1135 1292
43 357
171 967
663 1404
77 656
315 1818
540 1585
224 360
468 928
619 761
272 1876
801 1273
422 1111
641 1360
480 1696
1231 1532
1224 1797
276 653
1387 1472
210 1446
1099 1966
1294 1817
544 836
31 762
332 571
233 1592
357 928
706 1294
719 1409
1230 1447
544 1693
51 105
1375 1550
1518 1748
386 1051
1382 1589
639 879
607 1937
1497 1580
392 1630
1646 1748
634 981
80 568
1148 1437
394 648
652 1633
242 335
762 844
663 762
941 1326
922 1294
1703 1942
358 406
808 1499
1774 1986
386 499
773 1518
678 681
1152 1485
1230 1315
1282 1363
615 928
724 1977
394 1913
622 678
678 957
1136 1198
1446 1832
767 1415
591 678
318 1198
373 1703
1138 1746
421 1127
991 1200
480 710
809 938
46 384
343 480
389 636
590 1344
733 1316
1459 1546
166 360
57 1327
453 1735
1411 1529
136 1087
77 589
633 663
1200 1816
487 1630
276 1382
283 1532
804 1224
1453 1802
182 1268
1409 1585
768 798
1244 1988
429 901
748 1010
1570 1601
426 453
394 581
560 746
638 1755
386 1986
65 516
77 399
335 1518
881 886
1200 1796
998 1444
21 1580
626 1777
42 1017
1847 1912
762 1789
391 607
195 819
360 1062
696 1198
1162 1523
516 919
353 663
605 1106
200 822
321 1938
536 1135
209 725
746 1423
409 1328
663 1551
261 836
162 746
184 638
928 1351
379 965
771 1853
42 659
1110 1135
109 1287
946 1411
185 1514
326 836
453 501
685 1485
272 1169
1468 1633
852 1988
329 1447
789 1929
1097 1762
1000 1437
179 901
967 1196
768 1996
65 497
406 1057
759 1086
866 1835
561 1777
1138 1752
42 823
601 1977
71 493
1235 1387
38 1111
1596 1930
181 1660
762 1425
1113 1291
638 960
698 1826
607 640
233 1420
500 954
628 886
1082 1643
586 1355
163 706
1744 1767
448 1319
1022 1409
1630 1872
931 1390
254 1606
80 1887
175 556
1097 1392
1140 1713
1138 1849
1485 1701
1328 1672
321 890
493 1294
768 1824
664 706
187 1411
142 1497
1291 1982
80 1236
151 1224
1541 1716
240 1802
211 1973
879 1776
564 1748
202 272
321 1820
169 1759
877 1767
826 1351
940 1777
331 1628
1189 1258
177 235
517 1328
1303 1409
1684 1802
243 580
963 1633
386 1123
386 471
1703 1739
1273 1538
65 1705
1088 1388
281 808
122 335
585 1387
59 324
62 455
86 931
493 1470
335 1547
1258 1427
1287 1731
332 1287
393 1863
1839 1882
663 1168
360 1063
147 762
1273 1658
734 1315
702 746
461 1659
967 1133
1408 1749
496 1532
897 1703
424 1273
70 646
364 493
64 879
779 1200
544 886
180 1444
926 1444
0 1294
4 1258
453 1713
360 869
1723 1729
1386 1835
1409 1614
1382 1803
941 1218
44 967
272 935
753 1186
394 867
1072 1633
275 638
788 1611
768 1567
1050 1355
42 858
1818 1989
412 1355
1191 1518
900 941
1058 1400
981 1237
414 1135
77 1707
394 1395
1316 1465
1207 1563
207 901
57 1581
1725 1977
498 1570
1713 1715
739 1328
104 1273
309 400
65 385
1277 1915
1330 1366
762 1738
1087 1962
746 747
958 1748
1306 1518
274 1345
1 453
746 1968
471 1670
1835 1880
506 808
1332 1345
1835 1928
607 1224
768 847
638 1620
321 1661
549 1316
57 1500
1802 1882
1212 1708
533 981
1473 1588
393 670
606 1057
868 1532
189 879
1138 1490
736 1200
663 921
1328 1888
918 1633
444 1541
272 1688
929 1777
80 527
291 706
543 702
677 1977
516 1115
688 1097
821 981
1512 1713
254 1224
1135 1178
360 450
1259 1570
394 1594
1230 1947
972 978
1316 1866
1097 1445
699 1633
453 1885
661 762
1087 1355
1308 1767
768 1459
1372 1549
1380 1444
941 1897
1328 1757
1016 1438
42 904
928 1466
1294 1407
456 1485
638 1501
57 435
70 1632
335 1831
1087 1579
164 480
455 516
394 942
545 722
1033 1243
793 1186
1444 1778
2 1200
1446 1862
337 1287
691 710
1297 1478
183 222
722 1393
698 1351
233 932
1361 1541
1095 1497
596 706
1709 1835
510 1986
713 931
95 879
1444 1683
331 1076
555 746
1153 1382
