300
56 123
98 191
13 22
186 221
132 248
32 158
103 222
22 290
43 139
148 236
12 22
47 123
40 221
132 253
235 251
123 173
222 225
23 86
18 271
23 41
212 291
124 221
213 236
125 212
211 222
150 191
17 233
96 123
128 214
23 30
7 161
5 251
43 141
132 249
27 191
18 42
212 279
43 144
230 247
22 134
230 283
123 134
111 214
32 287
214 298
20 23
54 123
230 252
23 269
32 113
137 230
123 243
192 230
107 123
145 191
134 214
214 276
214 227
32 87
146 221
22 267
55 212
132 294
18 24
22 245
212 293
60 251
43 46
170 236
65 212
7 167
222 226
43 53
221 284
17 292
43 134
37 214
17 179
132 134
208 230
26 221
45 251
191 237
123 215
74 123
43 246
177 230
163 212
134 230
39 191
197 230
196 230
81 214
18 105
4 32
43 151
189 222
17 261
38 123
22 207
212 240
23 129
95 132
7 48
52 236
17 134
23 149
18 183
18 120
101 132
32 77
43 281
198 221
100 123
117 212
154 212
202 236
85 251
22 180
134 251
43 92
132 156
132 195
136 236
18 33
17 263
7 64
168 221
15 222
22 131
14 214
18 206
18 209
17 143
69 212
236 250
110 221
72 251
191 262
130 222
32 75
214 280
134 222
191 275
23 114
22 89
123 193
3 23
43 51
58 191
43 270
43 190
18 223
17 99
106 230
109 236
218 236
2 222
18 204
17 91
263 299
132 135
23 268
84 191
23 164
134 191
61 221
7 127
59 222
0 123
1 222
7 210
73 214
236 242
194 222
49 230
66 212
123 199
18 274
221 288
22 185
94 132
174 221
17 122
23 257
23 134
80 230
32 62
32 254
162 212
7 165
93 230
19 191
134 212
18 175
17 115
118 212
32 140
11 230
191 231
188 251
160 222
132 256
171 214
104 221
153 230
166 230
219 222
70 251
25 236
18 277
22 220
123 297
138 214
83 222
78 214
187 212
23 155
32 134
22 102
181 236
43 112
22 34
32 200
17 108
236 264
191 239
212 241
7 134
251 295
17 44
9 32
132 278
43 172
43 260
132 205
221 286
7 234
236 255
43 259
7 282
31 32
132 176
16 17
63 251
22 152
7 296
214 228
88 191
7 157
32 289
17 21
221 266
23 265
35 251
43 184
7 203
32 97
18 134
230 272
134 221
201 251
32 229
10 132
7 50
32 116
18 178
6 18
121 251
22 285
123 217
67 263
22 244
182 191
123 232
68 221
23 159
90 251
79 251
142 214
76 212
119 251
36 222
214 258
71 222
7 224
82 251
22 126
7 216
23 57
7 147
132 133
29 236
134 236
17 238
8 191
17 28
169 236
18 273
