2000
1777 1981
86 1460
254 1019
381 1893
69 980
605 1734
1233 1877
252 1365
427 621
343 1610
1192 1225
549 1371
109 765
1128 1374
425 739
838 1000
425 1775
1185 1611
654 1812
701 1752
349 1031
99 1249
741 1831
742 1090
1255 1942
307 1635
305 1892
1074 1974
434 1219
1876 1885
1017 1244
1736 1942
98 1606
1032 1212
1391 1919
138 1570
1547 1591
447 825
187 609
809 1981
180 1156
863 1509
538 845
995 1823
559 897
1423 1475
659 885
287 1378
1934 1988
357 439
425 725
206 829
229 1109
208 1876
239 1075
103 1089
698 717
517 822
328 1416
866 1965
315 1985
1322 1845
751 1928
412 1877
1369 1454
665 1650
801 1243
789 1908
127 1523
387 1288
4 1267
845 1449
248 1004
64 1369
339 1816
300 500
263 1825
946 1485
10 509
942 1978
142 321
784 935
968 1402
370 1736
34 1609
800 1893
1358 1975
1059 1224
532 1005
1282 1613
1586 1782
822 1862
805 1416
42 740
73 1634
445 1916
481 1149
437 898
55 1758
1632 1760
1163 1625
250 913
521 1009
184 1323
1292 1787
744 1339
259 1870
1425 1654
163 1038
694 1039
181 696
93 1121
373 1876
20 428
132 164
995 1123
720 1042
98 1032
638 838
87 1470
497 922
4 553
457 1491
1638 1790
1165 1524
20 1297
1457 1664
907 1625
598 1855
706 750
423 925
78 849
339 1869
167 1373
369 1622
322 1252
737 1088
104 158
309 1332
1106 1396
31 518
1222 1593
866 1566
1372 1771
789 912
293 1785
270 888
635 1713
234 989
1342 1515
542 584
1268 1593
993 1981
1169 1925
320 486
1818 1921
1659 1907
1427 1602
168 1171
481 1550
745 1743
720 1843
1334 1680
833 1934
1117 1178
353 1065
283 925
1244 1276
848 1606
1137 1768
213 1640
554 1366
1250 1806
996 1779
1070 1999
355 1565
45 696
1051 1667
562 1079
267 1490
342 1743
1550 1616
558 1362
404 1587
792 1729
839 1026
599 1664
923 1491
848 983
931 1674
261 784
849 1165
299 310
1170 1580
53 108
104 1283
1617 1761
401 1966
1077 1390
744 1129
1149 1242
576 959
302 872
56 1486
529 1113
54 75
324 1216
784 824
613 1202
408 595
523 1952
1319 1981
735 1425
1096 1622
314 880
979 1710
706 1309
377 1048
300 1307
960 1730
1197 1522
748 1430
974 1526
926 1879
855 1836
996 1839
159 1590
994 1395
1927 1984
517 764
332 1999
492 1286
945 1241
1250 1902
230 1576
1327 1593
107 1745
968 1731
1770 1792
56 1239
547 1705
442 1571
77 1273
1084 1332
199 469
1028 1637
890 1813
922 1427
228 929
986 1460
231 1082
1295 1700
1119 1744
291 1900
748 946
757 1112
1110 1563
1168 1726
1455 1471
648 1394
541 1117
746 1894
814 1048
1444 1611
298 1237
929 1143
30 1317
177 1430
1278 1973
819 1230
50 1541
864 1055
355 1705
1135 1726
1350 1375
791 1353
613 1758
389 1024
758 1565
334 1360
340 534
567 1003
424 1958
661 788
129 1973
1114 1466
573 1962
638 1089
86 1177
545 944
181 1716
241 1307
234 1836
1001 1396
1314 1703
114 1405
1451 1713
1422 1561
16 742
702 866
644 1124
573 956
195 1274
288 1388
107 1087
96 1188
1010 1336
98 832
737 1660
744 1542
207 1664
1350 1563
1599 1982
85 891
229 1280
1372 1812
620 1476
637 1420
1353 1750
1193 1769
671 922
560 834
501 1359
362 731
41 1047
263 1788
260 322
890 1518
1196 1914
672 1182
184 1641
590 906
1504 1995
509 1970
1318 1795
805 905
456 1860
607 1137
300 1101
455 1980
129 391
1121 1262
388 612
1687 1708
167 391
1016 1273
629 1337
1563 1850
1269 1565
50 683
115 1332
449 1263
1060 1877
1555 1803
179 1206
184 1522
1381 1719
135 1929
1447 1740
1475 1973
676 1695
575 1773
934 1761
1501 1993
1410 1975
691 1287
1125 1160
585 1309
1205 1302
183 1947
370 1145
1159 1219
1710 1833
1658 1748
944 1325
356 1759
17 1566
50 1691
1040 1982
114 1929
240 1510
360 988
998 1127
929 1229
921 1274
311 1360
78 990
238 437
76 1413
69 1936
232 327
1001 1701
1143 1710
237 1676
1090 1610
512 1370
1562 1609
304 497
106 296
365 1767
720 1396
959 1372
709 1773
762 968
556 1052
1311 1967
779 1292
126 1601
472 622
492 1491
714 1223
1497 1776
466 568
1326 1998
30 485
410 499
204 1933
134 1182
686 1186
808 925
542 1817
366 572
745 1315
172 266
497 987
1195 1799
601 1472
707 1515
284 1560
625 1986
218 362
31 1402
387 842
230 1643
1444 1657
475 627
1147 1506
605 1680
391 562
1762 1902
528 765
420 1209
298 680
226 1058
104 817
359 573
610 1648
559 1630
298 1611
664 1384
114 1778
613 1821
1634 1688
534 853
588 866
80 693
1015 1992
995 1132
474 1108
1278 1717
311 1668
1388 1451
556 1942
673 843
1186 1861
105 1092
1179 1650
1383 1958
109 1293
1523 1711
818 966
398 903
2 1871
24 507
1694 1862
34 751
389 1757
509 1732
82 988
357 459
968 1930
303 1638
1104 1343
105 611
90 644
723 1601
692 840
1137 1728
1030 1131
892 1824
206 451
145 571
636 1983
595 1972
528 1027
1666 1796
855 1298
871 1294
735 1689
1021 1241
1238 1762
76 1905
1231 1247
1201 1487
374 1059
460 1674
220 1203
444 614
1190 1666
846 956
213 1139
899 1824
622 647
367 1313
1458 1684
1605 1733
129 1883
1449 1552
878 1531
353 1230
1278 1380
230 1434
168 1805
583 941
767 1892
42 1999
97 807
1629 1960
1031 1220
591 998
438 1328
351 1174
757 1570
257 734
705 1177
17 1214
704 779
1345 1786
122 1495
94 1897
451 479
18 296
1675 1991
35 527
56 481
1295 1923
1769 1942
790 1859
974 1856
765 1251
13 1124
1707 1924
252 1802
412 1366
634 1968
664 1155
31 1437
622 1595
1065 1599
1352 1907
313 1138
362 403
240 1490
203 1259
524 1033
296 1306
691 1419
2 1655
698 1382
494 1273
1639 1671
1823 1992
337 1966
1878 1968
961 988
1336 1584
648 1469
516 1405
1200 1346
474 1041
50 288
386 1047
924 1840
1076 1940
1065 1205
830 1824
139 1212
69 1490
13 1874
1240 1517
130 909
1689 1720
1004 1730
194 1075
55 733
944 1636
270 719
794 1548
805 1528
740 896
798 1482
623 745
740 1385
1188 1812
15 620
779 875
477 586
706 974
1417 1584
209 522
24 215
1149 1556
474 1685
1097 1456
391 1748
22 598
223 1138
637 1260
1852 1922
390 1748
1288 1497
293 1409
1231 1855
1337 1740
194 1156
576 1320
809 1993
942 1883
259 1574
581 1707
171 925
589 1582
371 1141
378 1853
924 1941
507 1900
949 1240
290 1336
154 521
959 1520
940 1549
235 1837
799 1516
1583 1910
736 1433
910 1864
1418 1676
1200 1815
1175 1719
1046 1922
85 1445
1645 1778
628 1628
1244 1388
225 1716
824 1106
274 297
684 1103
1509 1978
901 1695
776 1093
611 1473
388 1492
540 1077
1092 1312
892 1065
1620 1845
42 257
205 1392
442 964
13 1592
530 1509
1667 1720
842 1119
125 1188
526 1121
1259 1468
1090 1949
26 790
532 1283
562 1577
421 1432
285 570
1085 1370
1593 1688
1726 1978
789 1170
1318 1734
100 1713
144 1907
353 1160
429 906
301 844
107 1538
86 121
735 1369
614 1720
849 1106
161 1830
1443 1555
157 1570
136 1998
694 1488
567 1610
1250 1756
894 919
1078 1956
1391 1779
165 1112
413 664
972 1792
507 1746
1313 1338
1149 1868
1063 1101
60 1551
1152 1876
52 1548
1596 1746
1257 1999
338 1570
928 1363
121 1125
412 1736
552 1584
675 841
408 853
1360 1537
51 1632
1532 1766
1550 1814
23 267
32 1407
1047 1951
34 1026
755 1740
1146 1618
1424 1956
991 996
268 654
1293 1845
1115 1836
1311 1727
400 1282
99 1144
759 1529
101 1515
1136 1407
523 1210
185 1182
587 1754
525 552
49 1370
162 269
334 922
555 1177
1075 1669
1337 1506
853 1286
311 1025
142 879
1250 1889
558 728
651 1557
204 1601
1416 1786
380 1017
371 1908
446 616
47 470
858 1387
880 1181
1458 1946
284 289
746 1961
307 342
1311 1688
1307 1406
420 1162
396 1653
628 1263
166 1360
420 870
141 951
288 1458
1321 1911
181 1444
740 1764
353 1217
493 1554
1335 1837
535 737
912 1657
858 1309
601 1553
1023 1657
628 825
328 1130
893 1494
492 818
1076 1296
1074 1903
159 1507
244 719
704 857
91 1080
367 908
1290 1808
163 558
522 988
231 1728
584 951
933 1911
496 1733
396 1324
533 1549
109 1016
1093 1331
162 738
1369 1412
551 1708
357 1283
858 1950
1290 1696
1223 1613
120 458
1080 1134
650 1741
179 418
1767 1888
759 1516
302 1258
1487 1842
31 253
370 1984
366 1724
1511 1537
392 969
497 1351
1018 1491
358 1255
419 1403
771 1983
38 1705
384 995
446 1526
1834 1944
854 1183
342 1680
725 1618
136 205
395 1195
24 1452
406 743
867 1769
796 858
340 730
976 1618
56 633
948 1169
477 689
1068 1417
1493 1532
549 1943
673 1285
458 1484
198 969
549 1706
612 1666
651 1479
594 1882
1049 1292
446 1160
715 1537
1003 1621
1161 1837
291 570
42 143
197 1095
468 919
685 1256
174 1305
24 939
363 1958
351 1644
1112 1198
609 1642
276 523
1255 1436
216 926
800 1402
1308 1986
660 1141
111 1718
757 1792
942 1648
396 1915
696 967
750 1591
527 1665
296 725
116 1273
584 1031
772 1137
354 875
546 1185
670 1975
437 1312
1012 1116
67 1863
875 1772
1076 1449
818 1846
254 347
1179 1901
383 1284
247 742
694 1288
436 1993
83 1475
57 614
1365 1707
205 1939
1231 1963
1264 1712
744 1812
233 871
786 1986
140 1001
1143 1183
1344 1359
1097 1151
1350 1773
799 1771
366 1205
1287 1957
1093 1917
491 1470
373 408
759 937
687 1092
529 978
675 1087
804 1482
148 1762
155 848
266 1463
76 1955
352 1271
710 1972
1064 1487
397 1117
333 1236
638 1098
741 1652
788 1505
822 1097
846 1397
288 627
301 1413
1610 1779
1 960
523 832
874 1675
179 1521
763 893
291 549
420 1426
737 1743
357 415
301 519
410 566
98 1883
644 712
895 1552
23 1374
161 217
319 1496
1532 1971
1341 1667
730 1886
977 1156
532 1608
426 909
809 1217
292 1910
310 454
598 1465
832 1675
840 1086
605 1893
242 998
33 286
411 1958
985 1361
1439 1757
845 1316
1358 1853
192 1455
1851 1978
860 1827
37 613
27 1716
674 1089
310 965
1271 1693
1087 1195
1460 1931
17 1187
40 234
143 1216
229 1057
399 1055
427 657
104 1176
11 1623
260 1318
493 1546
411 873
1160 1883
274 534
595 609
153 204
611 1811
328 1737
835 1584
407 1375
943 1411
975 1328
486 1293
189 1286
1636 1703
881 960
736 1902
1101 1873
669 1591
62 1097
1643 1907
1516 1956
240 325
133 1328
605 616
79 924
1466 1890
168 489
1083 1671
301 981
388 1279
88 601
167 679
380 664
1298 1613
629 806
1235 1947
307 1530
618 1550
368 1095
1276 1298
1388 1643
1689 1971
808 1219
99 1543
324 1738
4 579
592 1047
1451 1496
427 1875
1594 1741
67 371
1426 1712
947 969
627 868
334 808
754 1334
842 1968
240 1937
580 585
231 1867
1089 1832
318 1427
492 1671
524 859
1272 1411
224 1219
1014 1707
189 470
220 1580
394 759
1243 1781
502 1532
1340 1786
251 266
6 1519
882 1530
298 422
1622 1648
770 1419
812 835
398 1794
698 1785
1030 1032
1098 1462
410 1451
529 729
1215 1271
1055 1604
1140 1192
169 742
43 1272
1290 1617
542 1303
280 367
1402 1470
576 1164
263 958
584 1900
593 1947
1514 1716
479 747
1290 1690
274 790
631 1058
637 1785
871 1795
191 802
382 910
259 602
1115 1854
1117 1390
10 445
1795 1960
262 659
1125 1900
1207 1403
783 1141
1263 1614
107 1797
2 411
343 1689
551 1310
1217 1411
1497 1765
152 890
701 1090
822 1023
1623 1915
551 626
164 1976
186 1949
877 1197
1240 1426
1058 1398
1578 1746
243 684
562 1415
906 1633
173 1520
1366 1600
577 911
691 1370
1880 1897
105 571
853 1526
643 662
774 1192
1430 1866
39 1399
815 1366
92 232
190 1305
178 1862
364 1004
450 662
213 693
682 1026
1274 1566
489 1933
862 910
1099 1115
595 1897
932 1671
750 1093
567 1947
414 1746
55 1800
7 1622
1483 1531
1036 1674
725 1856
58 1124
500 1990
146 1982
209 1081
964 1286
527 1216
687 1736
719 1037
1281 1625
904 1606
373 622
442 1498
1169 1525
1029 1921
355 1911
666 1929
578 620
1636 1856
856 919
952 1227
819 1676
202 1432
463 1466
1227 1898
1362 1393
430 1253
658 1259
204 1910
612 728
1059 1810
329 573
55 490
1223 1887
432 1609
331 1851
1613 1718
196 1666
513 1183
200 805
1002 1118
876 1504
408 956
787 1853
164 1218
627 761
25 166
509 1459
667 1552
108 1780
576 1400
1692 1740
649 1953
952 1305
252 1758
946 1987
1628 1997
1138 1802
543 1259
1426 1908
1277 1915
648 1000
1545 1862
604 836
458 1793
1098 1774
295 1282
1004 1697
1798 1972
1338 1835
659 1513
646 1080
451 1017
75 1615
181 339
645 1251
1274 1477
558 1934
1365 1985
638 1332
1272 1408
484 1705
1649 1933
1189 1968
950 1569
84 1637
194 1407
1186 1973
34 1055
909 1534
687 1276
675 823
191 1312
179 1802
604 1448
76 316
1287 1994
730 1354
122 1564
58 1461
1000 1837
861 1993
481 799
1347 1921
834 1044
838 1771
648 1414
254 678
477 824
430 1631
718 1675
1071 1243
23 330
153 1166
1006 1759
323 1985
80 930
300 1170
23 1241
1184 1241
1196 1559
257 1656
1338 1438
1563 1673
326 846
9 1405
293 769
479 1056
324 1848
437 1715
255 893
10 1100
1964 1966
1032 1504
1455 1971
340 458
1118 1246
1277 1283
663 1343
835 1008
865 1295
1754 1904
748 893
1059 1358
67 508
260 1674
28 142
632 1185
1458 1567
1288 1741
343 387
1626 1723
65 220
1509 1572
684 1928
941 1928
818 1709
1334 1566
334 1649
411 847
694 813
1379 1591
479 889
846 953
596 904
72 330
1213 1982
611 713
1512 1757
571 1598
136 1431
610 1844
984 1552
330 464
121 757
252 1734
926 1205
67 778
1425 1804
741 791
409 1407
880 1489
1565 1989
212 751
366 982
112 1460
706 1785
405 1773
209 1589
230 279
522 1908
929 1261
1580 1719
688 1263
998 1404
69 210
693 1334
17 1725
565 1948
1349 1827
1432 1597
164 1172
122 1648
461 960
466 1847
1094 1637
321 1544
888 1337
433 1251
488 1001
524 1809
234 1367
129 543
1753 1771
89 1075
919 1779
1068 1277
343 912
162 386
1165 1376
1172 1540
1795 1986
257 348
1743 1882
661 1182
756 1272
388 619
166 1480
176 673
321 1230
1431 1902
528 1043
375 1761
1100 1499
1245 1985
820 1292
108 1120
1105 1177
1755 1984
655 1544
1635 1819
232 1194
214 585
346 741
552 1270
20 345
1362 1500
1228 1634
1413 1431
847 1657
59 704
267 1068
453 873
521 1533
997 1953
913 1299
445 557
902 1076
973 1003
1855 1865
520 941
122 272
920 1145
1048 1802
258 1561
603 985
160 351
779 1170
99 1747
799 862
514 1851
570 1935
335 901
1396 1569
1053 1098
452 1100
70 1778
924 1739
1508 1960
163 1829
470 563
108 612
393 1338
1291 1359
797 1975
310 1543
124 527
361 1240
435 1024
850 1307
1221 1569
1217 1617
282 297
142 1627
336 1115
701 1558
270 1966
344 1719
927 1353
768 1703
46 1922
952 985
700 1761
654 1442
263 1313
373 1359
1023 1416
480 1278
816 1628
517 1401
372 1897
724 1892
1180 1911
380 1626
209 1646
1031 1111
1216 1625
6 1453
30 61
852 1929
754 1343
1007 1972
791 1230
1333 1586
97 123
1022 1284
284 1107
1403 1926
791 1328
1003 1789
306 406
832 1729
159 855
212 1892
396 1300
205 503
695 1635
559 1695
1429 1470
532 1603
153 1624
704 1670
1199 1882
510 1786
1102 1523
441 1186
1030 1791
110 324
528 1932
884 1827
662 1906
808 1953
330 1849
1638 1758
33 321
847 1404
821 985
600 1920
521 1411
589 1682
489 1759
370 890
20 956
153 1721
75 1663
708 1845
671 1539
888 1680
473 1302
1154 1726
60 193
266 1172
1016 1561
531 943
736 1899
194 381
1377 1992
188 1638
1054 1626
102 1195
610 722
992 1530
556 716
809 1515
1204 1405
3 1623
582 1948
128 1920
60 212
483 943
938 1650
505 1983
589 803
677 1634
676 1045
495 1901
85 189
44 231
1236 1543
79 728
221 1284
996 1440
567 1080
1302 1838
851 1540
1061 1851
166 498
840 1357
754 1754
1522 1856
1336 1913
1313 1865
131 1302
614 918
1254 1992
529 750
561 1305
80 955
749 1212
206 482
1635 1647
151 1718
1395 1857
10 1298
274 1948
431 873
1287 1742
735 1399
256 928
825 827
297 999
644 1248
1276 1526
913 1034
1389 1778
317 1998
1386 1586
507 1922
585 971
232 1823
1062 1425
0 1741
156 730
448 698
1188 1474
147 901
1343 1677
1540 1858
1197 1714
831 1599
322 795
1211 1710
162 1672
675 1977
1072 1185
191 780
167 963
159 1954
189 604
1058 1606
1702 1824
427 1855
398 1801
380 1196
201 500
517 1013
184 511
556 1153
699 1944
788 1751
29 1650
386 1432
1158 1520
628 800
748 1277
1024 1881
1520 1826
608 928
467 577
1730 1933
137 951
676 1329
1067 1537
406 1107
291 398
601 824
161 849
728 789
954 1419
888 1823
1020 1540
66 831
1698 1718
500 1446
6 1404
30 1915
443 1311
1066 1077
609 1464
260 662
951 1735
121 1358
904 1226
440 941
1282 1481
886 1200
462 1362
97 1304
478 848
119 404
1011 1391
182 943
726 1374
455 1348
8 1667
964 1118
752 1419
1148 1623
1428 1729
1368 1548
351 1643
451 1121
838 1449
834 1971
284 1421
222 1156
777 845
163 476
80 1150
430 1822
1699 1901
410 544
71 1628
118 1733
1853 1938
1390 1487
615 1496
1266 1949
307 928
1330 1910
68 191
720 1579
1295 1708
455 693
765 1403
543 906
1637 1928
543 1827
1100 1355
362 1312
1167 1399
668 1531
6 1807
1767 1996
701 1503
430 862
1256 1686
1192 1617
781 1506
1145 1969
273 1119
552 732
465 1375
63 1748
640 1676
1200 1490
1069 1544
690 1183
788 1945
574 1227
673 1728
1092 1143
936 1231
245 1119
727 1555
880 1179
569 831
277 571
19 1609
653 784
5 1374
206 1722
564 629
1527 1713
220 402
537 1026
656 1549
341 1618
385 404
1687 1893
1364 1555
1289 1901
466 1636
671 775
550 1712
629 828
957 1251
915 1754
486 639
1872 1934
342 389
339 379
264 926
281 1569
697 745
1196 1612
1133 1757
610 1959
60 1619
199 1413
1607 1949
826 1475
14 1506
1124 1687
1068 1753
551 782
506 1792
175 406
489 1466
1427 1784
404 1516
873 1918
642 654
917 1712
766 1197
278 637
328 1588
721 1482
534 1107
883 1012
136 1548
616 1753
1091 1984
78 117
456 878
524 842
58 1783
265 1759
597 746
114 381
504 1212
97 1522
691 1372
2 170
1074 1836
389 1664
754 1169
855 1543
445 1356
914 1118
548 604
620 1016
236 1378
617 1145
1101 1678
81 719
834 1173
641 1112
1496 1749
964 1012
1497 1662
75 1693
219 1531
267 1695
1365 1944
150 302
878 1687
1301 1632
149 213
1395 1693
1353 1435
493 1265
386 1417
416 901
376 598
1107 1632
36 78
847 1688
199 681
542 1683
703 1012
1165 1763
466 811
85 1679
350 790
1733 1803
1050 1074
624 1141
900 1956
942 1728
659 1803
199 810
946 1568
1017 1179
1293 1549
969 1611
1649 1753
837 1395
1035 1048
249 1223
1544 1909
275 1504
1284 1599
33 1704
456 1581
1087 1444
944 1275
211 1944
487 904
470 753
79 1920
746 959
577 1000
58 74
831 1208
536 1998
751 1734
1024 1073
1375 1585
1450 1762
254 1720
1730 1921
1891 1953
294 684
168 869
95 875
33 1142
840 1708
322 1651
887 1626
297 471
113 456
1530 1896
477 1467
1828 1960
387 1693
1378 1478
1172 1318
711 1561
474 892
570 916
308 1138
442 1234
340 1523
671 1912
606 1430
302 412
1095 1191
862 1095
79 909
21 367
760 1256
371 1586
4 270
48 651
381 661
800 952
696 1535
425 1502
293 962
910 1575
109 974
143 1649
259 522
86 1767
819 1482
355 1417
493 819
1106 1244
589 1580
687 1865
1404 1983
229 878
455 1884
1820 1877
785 1227
616 912
13 652
1125 1431
871 1536
246 1455
773 1703
1390 1865
161 271
1882 1895
577 1979
1023 1803
105 913
417 1399
1681 1769
559 1232
1601 1661
515 676
539 1948
143 1350
212 1378
793 1077
311 1573
1157 1920
312 1729
12 736
1391 1841
825 970
1243 1309
1255 1441
892 1256
630 1030
651 661
1126 1271
835 1122
227 486
