2000
1197 1541
996 1115
179 596
1325 1705
841 1892
1367 1461
1597 1651
0 80
469 801
310 909
777 1525
244 267
1276 1628
609 643
1230 1677
1150 1898
202 1713
2 1818
720 1328
1569 1947
1214 1629
249 301
833 998
319 429
1386 1612
1240 1324
724 860
1051 1295
116 877
95 287
1129 1604
121 1345
800 1535
438 553
943 1582
380 478
27 104
1050 1127
1565 1906
905 1659
1511 1936
911 1654
636 1693
690 1798
716 1475
376 1498
230 1553
507 553
187 1335
1592 1795
447 1147
769 1222
895 1819
1639 1885
482 1834
75 1669
1351 1887
519 1741
91 1577
562 1723
1323 1709
849 1620
1253 1512
468 966
1272 1791
48 126
24 27
23 1763
365 478
940 1691
548 1970
238 606
381 1756
586 1845
343 719
1725 1958
487 1552
377 1932
962 1254
802 990
1482 1931
207 1183
957 962
466 1421
918 1887
235 1081
1201 1439
551 1464
1176 1641
1068 1937
164 564
674 1376
1503 1988
531 618
793 862
971 1913
794 1282
21 1348
29 1545
885 1848
510 774
873 1335
711 1964
751 1871
1668 1823
81 1154
50 476
630 1656
963 1000
296 1161
454 585
524 1246
1429 1490
255 766
189 422
25 661
940 1292
422 1359
1161 1548
38 569
188 650
408 1932
248 1832
931 1119
313 1992
259 642
1528 1608
171 1955
1459 1676
360 866
587 1910
288 1340
941 1021
1006 1049
69 291
479 1440
426 1951
141 839
967 1344
682 1004
639 1837
170 1132
245 694
272 766
827 1441
777 1528
1751 1971
1062 1116
1258 1330
1723 1735
612 1054
1013 1942
33 748
364 1963
738 1020
541 589
990 1962
102 953
807 1030
223 1266
281 431
543 1041
1440 1597
934 1853
296 923
560 683
14 1523
1006 1765
998 1131
1314 1843
1722 1839
393 1222
1206 1433
701 1744
1042 1322
1270 1933
790 1591
1090 1759
147 705
144 752
222 363
1051 1959
190 1785
314 1652
210 822
676 1758
1098 1371
626 997
920 1243
89 249
128 1920
282 1210
309 1943
1308 1903
1167 1718
488 1225
1596 1913
664 1525
1622 1925
1139 1388
158 785
519 674
1603 1809
843 1711
844 1648
436 983
687 1492
1073 1352
164 1813
1082 1361
114 1292
19 628
485 1495
1198 1735
1471 1998
1517 1940
336 1445
1219 1699
411 1458
1619 1825
225 227
1465 1562
1099 1145
795 1751
563 884
1318 1578
1114 1155
220 693
159 1566
980 1807
22 1803
145 237
1164 1613
936 1011
193 1958
1350 1351
1377 1654
40 605
107 581
992 1357
1674 1785
1166 1432
587 803
638 1024
577 1122
141 1166
74 1549
406 1478
715 813
332 755
90 1877
416 1886
972 1828
223 1058
856 1096
268 1762
452 1516
574 669
194 1208
17 1550
1031 1520
984 1057
70 342
812 1737
318 1875
988 1876
511 1538
723 1100
1513 1710
561 948
1055 1376
322 387
28 830
79 1058
290 1211
172 1567
1277 1687
495 850
445 1466
993 1487
521 1423
1118 1873
1069 1073
92 1293
937 1956
286 1229
342 1504
586 1203
684 799
658 717
203 1864
88 1462
490 626
376 1019
418 501
1373 1529
853 1739
938 1135
1401 1568
651 1767
518 1305
836 1128
378 854
260 410
1127 1233
239 1886
148 1579
390 1180
718 1060
685 1018
839 1799
418 1470
1271 1618
247 1672
581 1174
1745 1777
1909 1935
588 1738
712 897
1054 1125
107 1865
1068 1895
657 1095
559 1981
951 1559
710 1573
117 1770
373 1422
119 1818
784 1699
113 617
298 1905
75 1236
343 439
444 1113
3 324
218 358
874 1582
293 471
60 1083
185 778
1609 1847
1182 1584
477 544
1643 1673
82 754
76 1216
380 489
592 1724
1618 1863
1081 1499
444 1140
307 1059
712 788
30 1396
177 978
650 1043
904 1318
818 876
556 1750
304 1436
148 405
1556 1615
176 911
513 1570
395 1299
748 1949
231 1302
369 1194
1102 1700
278 1508
817 1484
823 1249
341 1094
168 1954
1417 1841
370 1371
1028 1980
352 1844
92 283
425 1301
1365 1412
389 1760
1296 1402
1202 1779
106 645
1585 1985
44 637
419 891
1107 1407
450 1926
85 368
264 1329
397 1720
44 1444
326 1003
594 892
724 1453
509 1155
1429 1539
544 1368
933 1045
385 682
132 1921
1587 1603
740 1732
552 648
1374 1944
359 1022
1354 1680
351 961
1003 1009
796 1146
719 1929
1859 1997
1472 1768
1026 1062
683 968
302 330
166 1703
525 1493
201 1101
31 1215
891 905
672 1153
301 1732
1309 1333
1038 1779
344 1537
976 1510
55 274
409 1544
82 473
122 989
505 1173
595 1240
1249 1941
354 1511
529 649
240 625
39 1806
571 791
96 1839
239 1050
434 952
1361 1663
153 420
599 1221
209 462
331 1771
589 1422
37 1395
304 1066
692 709
494 818
1204 1450
337 1731
659 1241
1257 1966
1369 1970
32 1188
1506 1617
908 1075
1355 1501
476 1814
1575 1784
165 398
212 1714
614 1415
80 149
232 386
348 1093
73 458
584 1119
85 819
246 1527
882 1703
26 1776
884 1627
1595 1761
18 928
1226 1633
220 1254
386 435
68 779
1084 1944
970 1850
603 1128
1437 1916
14 257
879 1263
620 1220
1484 1829
472 561
52 1290
39 45
257 269
508 673
371 1349
781 1599
275 793
663 1611
240 951
1042 1262
362 1655
138 1854
518 1965
1197 1712
1485 1666
145 214
1111 1690
868 1187
948 1510
136 1202
1025 1515
1220 1387
320 577
582 1265
902 1557
437 1849
1599 1794
842 1926
604 907
206 1923
908 1258
1522 1606
522 1150
566 1594
183 1043
606 1505
292 926
139 773
548 829
18 256
580 1200
900 1105
1499 1718
217 625
491 1893
787 1686
1246 1960
1385 1561
1218 1696
1319 1739
146 1394
1195 1477
670 886
1612 1721
448 1486
414 1811
499 827
895 1722
991 1317
53 1934
1209 1658
37 231
609 1480
916 1097
923 1768
455 612
78 1158
400 1167
16 949
730 1096
1048 1915
770 1138
232 877
481 483
327 1990
142 1281
495 1122
89 457
9 1716
857 1554
1113 1382
575 1938
1451 1787
299 1847
630 1491
73 1602
199 271
1261 1560
939 1140
994 1447
1030 1555
1623 1943
154 1999
516 1177
151 1736
147 1075
1125 1661
686 801
26 1462
930 1016
1441 1480
694 1598
162 1023
880 1678
204 314
401 1213
1590 1694
740 1852
279 1840
978 1543
205 997
1819 1882
647 1354
325 474
1302 1384
312 831
1219 1472
1022 1811
96 387
728 1574
5 229
610 1403
824 1665
560 1305
486 1585
678 1991
129 1331
474 1104
40 742
389 1630
763 1640
155 284
466 1840
929 1489
1247 1624
903 1278
906 1607
844 1200
74 1515
6 1087
400 1519
756 1903
115 459
505 1590
499 1752
1206 1383
449 713
282 417
402 1359
238 1967
828 1467
110 318
1683 1788
1372 1860
309 1296
725 1632
538 750
226 1098
941 1980
68 1097
1084 1747
813 1983
204 1743
127 1589
523 1066
34 1678
336 1767
747 1827
595 598
328 374
193 791
760 1391
1049 1321
749 1156
986 1924
1231 1955
313 772
317 816
1039 1431
15 1996
253 789
157 1477
681 1526
821 1964
987 1071
964 1207
206 702
1311 1316
506 1471
61 1299
368 1701
446 456
9 1339
1332 1641
1194 1466
1646 1923
195 455
87 1053
83 1781
580 861
897 1389
808 1235
243 1171
1866 1995
698 1663
567 1190
1228 1973
230 1271
974 1787
536 646
679 1481
91 1243
786 1343
1144 1814
163 1904
196 1044
166 672
1465 1805
30 1277
1563 1736
1835 1940
285 1072
632 1902
1448 1909
524 1138
765 1513
563 1595
1620 1894
390 1986
1396 1907
95 985
200 955
991 1797
781 1591
1393 1468
396 510
602 1291
270 511
733 1013
542 1086
635 848
233 960
468 767
152 1896
321 1178
214 1137
1312 1956
993 1460
305 1381
646 906
180 1236
853 981
173 1769
1435 1690
1 279
190 1972
744 1833
216 1658
959 1432
268 1267
329 1742
655 1635
741 950
109 1623
695 726
447 1265
263 1168
1468 1791
654 1593
1019 1234
388 485
237 1449
1112 1151
290 665
261 496
454 776
1012 1178
821 1083
571 1881
324 1549
726 767
1617 1698
802 1607
1681 1930
1704 1793
1547 1763
512 1566
45 656
778 798
8 699
1601 1784
295 335
276 436
858 861
188 1539
572 1941
567 1638
1238 1983
1014 1773
1130 1910
1447 1754
922 1808
727 1032
1561 1715
1142 1837
484 601
1390 1860
94 1587
514 1047
1439 1858
260 1613
666 1285
779 1100
1041 1649
1136 1564
222 815
69 1622
1126 1413
48 1659
1565 1694
667 1392
372 554
285 1504
1014 1134
750 879
1695 1774
1010 1406
1039 1670
1338 1906
1308 1398
156 846
32 1498
346 1205
401 910
6 1473
590 1369
631 742
445 775
539 1232
322 1710
893 1921
502 1419
102 1946
1011 1820
391 970
1133 1269
856 1881
1306 1458
1094 1184
288 429
1942 1961
461 1729
338 591
225 648
100 1444
627 1782
31 1995
570 1241
311 344
975 1159
197 1086
10 1802
1297 1373
350 690
308 349
404 804
917 1430
423 1298
1108 1380
1117 1521
8 317
1975 1990
598 1408
20 776
340 706
490 1514
926 1047
566 1476
66 1961
780 1531
181 697
54 425
397 1605
545 972
234 264
262 957
508 621
358 1130
1035 1829
662 1056
1089 1916
918 1442
98 916
97 1660
416 579
653 1893
433 613
311 1879
921 1952
20 1727
1046 1410
467 1177
50 902
312 1214
202 632
379 413
1103 1486
1110 1748
557 1425
484 1707
687 832
629 1738
718 942
1163 1446
382 1679
1766 1875
1181 1260
1349 1412
679 1963
835 1726
181 1650
550 1776
369 371
137 1646
549 771
1165 1428
1287 1844
720 1056
200 1876
86 198
1348 1572
579 1331
1169 1488
1168 1199
925 1899
366 1237
797 1619
335 624
1334 1866
725 1370
331 1859
1320 1340
355 1072
298 1417
1366 1586
721 1719
160 1256
105 1196
702 1478
749 1496
215 1464
1172 1664
415 1558
739 1898
1793 1883
271 1606
1063 1273
1198 1914
72 253
815 971
784 1457
1400 1457
1382 1493
797 1328
442 1070
108 1320
1124 1418
78 1925
1245 1487
864 1112
29 834
546 1967
994 1455
144 1170
1139 1889
882 1517
633 1306
707 1368
680 1897
533 631
1817 1985
1400 1782
1074 1358
794 1053
804 925
210 497
1424 1872
559 1917
333 1974
209 540
55 1826
1846 1950
593 1809
72 1159
51 852
578 700
1038 1602
103 489
977 1111
438 1503
67 357
901 1463
494 1616
921 1040
1010 1790
294 696
1715 1911
269 840
465 1317
411 973
480 652
708 995
1071 1134
398 665
1192 1346
286 392
23 1227
142 306
1327 1450
772 1812
710 1234
1419 1873
780 1026
394 830
1044 1456
526 1454
717 1789
496 1705
211 1901
946 1065
7 162
901 952
554 1698
60 654
845 1230
668 1765
363 1067
624 1427
611 1248
817 1871
618 1315
194 1679
112 528
1307 1353
1385 1443
5 154
1121 1522
573 1773
946 1187
88 1175
633 1489
456 1891
833 1259
668 1702
379 1135
1285 1778
1186 1583
1610 1758
1080 1542
405 1730
698 1115
1664 1770
1137 1992
472 498
675 1669
1438 1780
61 677
46 1418
1017 1114
128 1426
281 1065
838 847
627 1257
323 1290
733 1754
140 1344
1162 1807
278 890
186 1798
886 1237
303 1828
435 1745
1001 1291
883 1347
1824 1951
1120 1339
244 1740
764 1848
131 1994
356 1982
1174 1374
584 825
1849 1879
878 1626
614 1531
497 1792
678 1208
954 1662
671 979
1079 1204
547 836
384 1931
3 1851
634 1673
295 1034
764 1912
59 1939
639 859
493 1036
1631 1821
101 1132
1696 1836
38 596
680 1434
470 1806
152 1002
13 1394
1280 1842
865 1088
982 1987
550 1273
471 1680
421 1733
79 590
851 1858
245 1580
616 1357
576 1336
1085 1857
760 1390
701 1158
339 1551
753 1264
535 1977
1666 1978
723 1867
171 562
761 1610
502 1077
449 1453
49 1104
409 900
1048 1266
1268 1333
662 753
945 1867
47 1536
97 1816
1474 1897
241 728
1733 1870
1015 1133
834 1979
236 729
1070 1501
684 1808
346 995
169 327
1212 1380
638 862
303 1106
127 677
463 1752
227 1514
330 924
1275 1588
57 875
620 857
660 924
1570 1938
197 1800
1143 1301
542 792
63 155
1364 1405
613 1628
565 1556
99 1786
1347 1908
384 762
734 1270
1036 1116
347 1126
207 233
12 34
479 915
894 1267
348 809
106 1843
412 1060
999 1502
722 1322
847 1078
266 1665
1052 1142
615 629
820 1634
864 867
71 1748
2 515
1089 1825
125 399
308 1274
356 1191
1827 1957
277 757
133 160
391 1625
137 1281
123 737
651 1953
58 930
796 1375
666 1338
117 1614
140 1892
1783 1901
446 985
153 1667
1546 1838
663 1544
996 1647
874 1024
437 441
108 475
365 1141
976 1426
183 1184
124 1746
375 1298
248 543
875 1076
838 1524
211 1973
28 1033
896 1213
184 792
841 1358
1345 1862
1253 1799
169 289
1223 1420
364 1123
292 359
848 1953
316 403
904 1861
173 258
84 213
283 944
568 1883
134 963
1553 1996
913 1851
297 850
1671 1991
1251 1824
172 1406
251 1580
1774 1842
407 1730
526 1279
360 1300
218 1564
1737 1914
1207 1649
424 1969
130 1692
477 1245
657 799
825 1708
99 262
782 1485
732 1413
1389 1657
1201 1896
113 611
1147 1316
413 845
1152 1571
1232 1410
254 831
851 1025
1415 1865
809 1405
977 1706
912 1295
177 636
819 1835
751 1377
469 557
81 699
1341 1552
868 1969
846 1092
1223 1927
351 1684
345 1315
393 583
967 1087
316 1199
987 1761
888 1329
118 1757
738 1516
762 1708
592 1027
15 1409
958 1671
549 1238
215 932
739 992
219 500
1604 1746
259 1753
132 1228
1029 1319
641 1008
272 1224
565 835
1029 1650
43 1731
512 1889
578 1911
1148 1312
730 1803
1034 1337
399 1714
1239 1409
354 1720
1037 1490
788 1635
568 1930
167 208
464 1356
315 1423
43 1362
517 1404
1076 1148
62 731
65 1813
757 1902
353 1764
161 1584
339 744
1567 1836
1574 1634
529 714
1016 1508
1255 1448
1398 1805
805 1534
731 1000
965 1403
58 969
1742 1957
1046 1268
56 1667
434 1936
1402 1760
13 51
820 1546
1009 1215
221 1538
123 1129
427 1313
1638 1790
1884 1939
1225 1263
176 1256
1105 1672
118 513
66 1660
1542 1975
1164 1372
619 655
159 1802
855 1040
93 1984
1890 1998
556 1393
280 1831
532 771
440 752
17 1336
251 319
443 1704
370 1451
62 1888
1550 1695
1063 1491
1355 1540
1411 1455
104 1675
509 1662
965 1145
1279 1586
1719 1890
366 652
255 704
19 688
865 915
790 1683
36 1109
617 1789
869 969
1 1668
265 1691
722 786
1287 1749
373 956
175 1310
888 1841
64 943
219 280
441 1191
453 1863
552 860
345 885
63 1976
432 1688
785 1388
734 810
1304 1543
53 1031
243 252
898 1838
887 1918
1397 1589
870 1430
1307 1365
555 1008
1483 1870
414 1633
840 1512
1107 1431
1532 1804
426 922
84 873
135 1960
266 1812
729 1530
493 1762
234 1788
1443 1854
1438 1894
76 1391
1160 1994
407 700
1717 1947
1242 1905
33 1379
661 1817
1061 1091
341 1915
307 1557
1179 1713
448 1833
70 1399
582 1576
689 1182
826 1173
1077 1935
185 909
670 1608
459 1494
934 1193
1740 1968
432 1157
10 1783
576 1653
451 859
423 527
591 769
59 492
1143 1282
540 673
174 1702
782 1796
1288 1630
515 914
1259 1928
1352 1459
755 852
178 1648
98 938
242 597
56 1428
310 372
480 1392
1313 1651
7 1832
647 842
458 1162
1157 1853
488 1303
1005 1233
1437 1685
1175 1378
1356 1900
461 984
273 1294
115 120
1181 1509
415 1540
789 1519
547 1792
226 1701
765 1880
427 1262
1878 1959
179 1908
457 929
320 1568
1251 1727
1476 1880
585 878
1052 1069
57 192
843 1244
300 1109
224 605
1434 1693
855 931
71 1136
349 645
532 1772
1018 1537
1120 1725
597 685
41 1772
708 1435
470 1804
975 982
1017 1497
1185 1972
863 1845
583 644
357 516
1057 1527
404 876
536 1227
46 1110
1171 1364
112 1997
333 377
256 1321
887 1482
83 736
1252 1500
410 894
1755 1775
277 1163
263 763
545 1626
270 588
1276 1558
980 1750
917 1346
67 602
119 1190
174 1375
743 1211
546 1823
87 1420
890 949
1309 1381
1007 1334
182 1661
367 1771
711 1775
1149 1977
504 691
250 1700
551 1288
180 520
352 1712
642 1080
527 1572
236 1185
378 1605
604 1103
101 1481
1239 1822
622 1082
958 1891
1631 1689
1289 1454
754 795
758 956
735 1689
829 1937
216 521
93 525
439 1217
947 1151
913 1874
1416 1882
52 143
109 1801
353 1952
1533 1621
1131 1778
131 541
47 919
1796 1810
1581 1596
224 1064
299 1966
192 691
157 531
122 430
927 1067
1170 1494
1571 1993
1078 1411
139 783
4 1781
1483 1534
747 1611
628 1401
870 927
229 1885
1242 1293
42 217
671 1856
1470 1856
814 933
334 1753
265 1685
828 1795
919 1456
814 1169
775 1146
250 981
899 1085
1404 1868
24 1846
1688 1974
276 854
599 610
25 491
246 1203
1601 1652
759 1821
594 1545
293 1192
334 1370
676 872
966 1304
252 641
302 1165
656 1999
896 1386
1555 1706
1118 1562
388 600
1326 1526
475 1579
601 983
199 1536
947 1020
1226 1342
872 1216
774 1507
688 973
783 1160
849 1289
1495 1982
1325 1922
134 1968
77 1102
1272 1888
420 1657
196 1261
138 1475
558 858
1379 1530
294 1436
205 1106
1218 1627
1195 1927
126 1079
1327 1826
156 637
1183 1330
806 1264
607 1189
942 986
442 1463
467 593
1850 1864
90 1861
1189 1247
22 1988
361 745
616 1474
1250 1311
1541 1687
826 883
111 696
35 1637
291 1749
1616 1984
1408 1442
338 1123
473 1636
660 1716
800 1766
300 1743
306 960
450 880
191 382
383 1639
326 1427
130 974
713 1598
114 715
1035 1945
1033 1101
534 1274
375 1741
287 1594
1681 1797
968 1193
503 1764
201 1099
533 1524
1363 1800
1188 1919
721 1248
412 1950
361 430
893 1366
706 1682
486 1324
1337 1395
501 1414
695 1583
746 1108
1533 1609
163 1777
863 1425
932 1644
374 1523
1032 1577
274 1643
623 1563
329 603
714 1551
881 1569
367 812
203 807
979 1473
1004 1852
1310 1830
1721 1855
1244 1945
350 964
1360 1919
704 1857
11 1624
1074 1971
928 1378
803 889
608 1632
953 1593
681 1421
837 1023
284 1090
129 241
961 1088
35 955
121 1449
428 1092
36 492
305 1820
622 1578
1492 1962
537 1934
530 1588
385 1682
453 1518
1221 1332
347 534
959 1560
692 1284
419 1407
182 1186
428 643
42 810
824 1452
21 1724
184 1855
116 898
195 213
481 1153
727 867
716 1496
768 1424
1479 1747
161 903
1055 1640
1141 1547
460 1416
989 1675
150 267
787 910
1180 1479
640 1229
806 1212
362 1445
837 1874
1005 1235
165 703
805 1326
235 1507
1363 1822
1152 1717
503 832
297 1255
1387 1948
1711 1954
798 1280
451 1769
528 634
325 1929
558 869
460 600
158 1734
574 1948
396 761
709 1172
1342 1815
254 1869
507 539
151 392
1397 1614
1045 1989
1697 1904
506 1686
1600 1674
881 1064
517 939
103 1283
221 1399
1002 1677
1433 1615
54 1907
1179 1918
523 1642
1460 1834
228 406
41 623
111 1576
408 1600
464 520
615 1343
402 808
737 1059
424 746
187 1692
1117 1987
1367 1872
178 1647
920 1012
619 1286
323 892
1061 1260
675 1509
1021 1645
522 1979
758 1759
124 1978
120 1636
4 135
1554 1917
866 1269
1275 1862
1231 1684
1625 1949
77 1697
328 1656
1535 1575
228 1001
242 1756
1414 1831
381 1303
100 607
693 1446
743 899
1028 1707
1383 1801
64 487
1209 1224
247 273
1144 1815
1176 1928
1350 1981
535 621
167 935
756 770
1015 1734
658 1878
431 1488
465 1027
1156 1986
395 1124
0 11
340 944
143 289
443 937
871 1314
482 912
421 440
703 988
483 1300
16 705
537 1924
573 659
12 94
136 667
736 1900
170 569
1037 1810
889 1007
707 1592
768 945
321 1521
452 1121
732 1965
261 1920
86 1644
745 1642
871 914
635 936
811 1709
212 1744
383 1252
1283 1645
198 258
146 1217
1469 1877
208 1506
125 332
514 1452
150 462
417 1297
1532 1670
649 1780
608 1755
1502 1637
1497 1922
1286 1794
49 575
689 1505
530 538
811 1946
999 1655
735 1362
564 697
555 1895
394 498
1573 1621
572 935
1500 1912
315 570
275 1529
954 1629
149 1518
759 1581
105 1676
355 1461
907 1095
500 773
110 175
822 1884
1726 1869
1278 1360
653 1728
433 1469
189 1993
1154 1653
823 1830
950 1868
65 1899
1294 1559
1210 1933
1757 1976
186 1816
403 1467
1384 1548
664 816
133 1205
191 1323
1341 1989
1196 1284
669 1786
640 644
337 1520
168 463
741 1729
686 1091
1250 1353
504 1093
