299
13 145
175 235
8 55
133 286
73 147
89 103
47 241
82 151
23 98
158 202
19 94
57 221
117 198
8 210
47 258
93 198
105 255
95 236
83 208
100 124
166 253
137 280
1 76
176 236
165 226
14 15
56 195
45 183
281 282
58 216
39 102
46 234
4 210
37 149
126 293
212 234
90 284
81 121
33 276
152 264
99 241
7 212
205 262
111 258
24 101
100 102
53 212
96 115
59 214
127 176
26 210
75 150
99 253
174 184
248 283
201 261
184 198
49 71
0 3
60 172
126 193
60 218
2 259
85 160
49 84
110 288
220 255
23 134
98 251
220 248
16 175
142 219
60 237
168 192
132 232
33 280
26 32
65 236
186 270
236 253
200 213
92 270
162 268
68 153
28 122
223 239
250 285
124 170
162 186
89 257
194 253
70 140
77 208
183 186
130 281
137 177
236 238
34 158
164 232
191 214
212 237
52 274
230 280
24 72
137 211
112 139
161 205
50 99
193 210
74 253
38 266
29 62
157 268
144 294
54 274
15 87
23 30
178 203
18 187
116 254
9 165
148 228
219 292
98 210
136 212
237 259
43 198
42 56
7 64
225 259
179 181
97 266
190 280
128 165
224 269
181 197
123 259
52 245
23 185
5 232
215 295
96 210
167 277
107 204
188 233
179 271
151 263
116 226
217 255
48 215
212 216
4 125
163 277
196 256
217 280
11 27
121 189
195 291
14 124
146 238
98 133
196 267
9 52
53 141
108 217
122 298
173 181
80 244
11 53
77 275
159 255
83 213
6 90
52 138
9 231
149 237
41 141
98 114
1 287
137 228
78 158
25 87
106 120
207 214
119 236
17 289
89 156
14 246
40 107
162 168
8 219
34 38
51 216
101 241
58 239
143 222
9 209
75 88
40 66
154 186
217 242
40 290
128 206
118 152
199 293
67 121
256 260
85 237
20 216
210 216
155 186
150 224
158 162
79 112
221 249
63 276
26 35
76 249
23 29
234 282
4 77
61 131
110 170
187 232
160 285
82 190
88 272
131 243
0 109
61 76
11 169
1 244
72 91
11 261
77 229
36 119
11 129
44 99
40 119
153 259
10 147
12 215
161 279
89 189
2 147
186 217
135 239
34 180
150 222
170 195
15 247
19 220
13 203
26 150
0 35
28 140
215 273
11 104
69 217
84 175
60 252
75 205
216 264
60 277
31 136
16 86
12 53
233 255
216 241
158 203
6 110
253 297
61 128
60 232
168 214
70 160
144 194
92 240
104 171
58 124
58 76
139 252
210 280
60 113
151 227
138 265
150 173
8 120
170 189
175 237
21 87
22 226
17 205
84 256
0 296
75 184
182 290
278 280
