300
170 212
80 293
192 236
86 289
43 181
244 298
121 124
169 218
260 262
48 191
184 272
84 96
48 224
15 113
20 236
70 292
96 100
77 122
8 24
73 162
20 278
34 134
22 218
74 181
261 292
150 193
81 171
20 277
94 122
30 280
166 236
63 178
42 249
146 171
72 260
71 214
145 149
225 297
67 162
0 5
24 191
2 96
149 222
220 244
23 108
156 212
251 292
71 191
33 166
119 165
34 259
40 289
108 263
119 237
42 152
104 291
202 291
34 294
109 122
119 205
80 229
67 113
80 111
48 270
260 299
122 253
227 295
30 208
206 268
12 246
117 247
182 212
53 193
149 264
171 243
132 289
34 126
283 291
51 267
121 130
51 188
51 160
51 107
0 172
192 258
171 267
9 171
20 250
123 246
30 89
58 206
67 122
212 268
211 267
34 125
44 184
47 227
185 297
121 140
142 162
96 275
80 191
20 213
143 149
80 128
218 268
162 228
113 290
87 181
168 206
191 211
63 267
13 122
3 30
163 289
24 217
244 268
122 133
20 271
48 148
76 218
121 236
56 121
28 212
166 287
14 96
71 288
62 184
0 254
63 154
36 289
92 192
247 273
24 234
114 212
193 282
218 256
21 121
16 119
42 248
162 240
236 246
200 218
34 268
35 42
113 257
164 227
120 192
98 297
83 122
176 246
138 206
0 38
80 274
162 230
101 108
112 212
29 247
24 68
149 191
233 297
10 246
241 292
30 60
75 260
0 7
203 291
50 292
191 227
71 231
20 276
34 118
136 181
95 291
139 193
0 78
189 193
67 181
31 260
102 193
64 96
211 292
211 289
113 187
211 268
19 244
106 227
151 206
196 218
39 260
59 166
119 207
91 192
206 221
93 244
17 206
141 166
171 239
79 260
4 42
54 227
41 48
26 184
158 227
88 166
269 297
247 266
48 255
30 267
67 211
121 232
166 216
171 281
247 267
209 218
121 279
69 162
161 289
1 24
71 116
108 268
191 291
119 219
184 267
108 177
110 149
193 286
181 198
27 48
71 157
57 113
45 63
162 179
32 292
119 267
55 96
90 246
66 192
194 244
108 115
226 244
235 246
284 297
113 201
137 246
174 244
96 236
260 268
0 67
108 155
85 113
180 212
30 195
42 236
37 184
63 238
25 171
30 215
48 210
0 18
51 175
105 119
42 144
24 65
184 285
42 103
135 247
211 236
166 199
71 252
67 297
131 184
49 181
149 245
153 289
223 247
167 247
46 192
51 82
97 291
51 61
159 291
52 149
129 206
20 190
265 292
204 297
34 296
51 197
183 227
24 186
67 193
80 99
80 242
127 192
108 173
147 181
11 63
6 71
