300
121 184
29 35
146 251
28 34
100 180
135 171
9 126
9 65
8 117
23 91
57 114
90 202
94 273
12 192
187 263
199 271
71 107
53 78
108 178
67 83
50 121
5 21
51 244
101 261
217 269
138 212
241 288
21 120
4 127
68 254
167 207
44 276
53 93
90 197
66 152
24 188
174 256
200 209
20 75
147 275
31 157
55 86
3 48
40 245
103 295
30 205
16 124
18 155
132 248
89 175
119 215
35 279
156 256
41 189
151 287
59 231
131 214
104 223
15 179
206 238
128 200
155 262
178 293
22 291
139 258
204 285
94 95
245 264
3 228
189 212
128 240
40 148
54 264
20 144
0 160
177 216
42 219
46 290
43 132
98 137
63 159
28 289
235 275
17 122
30 175
1 56
104 157
81 141
36 85
125 198
89 142
112 268
38 88
87 151
150 161
222 258
83 260
133 274
143 282
106 185
24 131
182 272
67 76
208 272
134 237
93 239
187 251
25 201
2 96
163 168
27 170
181 265
17 206
41 238
69 191
49 173
112 168
1 179
141 153
32 105
140 288
42 77
13 195
108 207
7 224
97 284
96 158
176 190
186 291
124 242
33 203
87 269
80 165
133 197
73 259
47 62
160 254
12 255
84 173
54 215
91 270
70 213
11 236
230 239
123 234
79 82
142 156
60 266
25 229
15 246
111 118
38 92
129 267
19 65
97 119
154 285
146 194
48 201
39 70
217 280
111 279
120 218
240 260
153 296
152 284
37 277
241 276
63 236
109 247
78 270
115 177
154 280
68 250
98 278
46 229
10 58
113 228
125 150
135 298
110 230
88 143
145 218
101 159
223 294
58 115
72 130
31 196
193 297
158 281
145 186
252 299
19 232
36 56
66 227
224 296
18 247
6 74
71 75
144 290
226 289
246 263
225 298
103 242
5 267
221 257
14 243
221 235
11 232
170 249
77 161
116 253
33 295
8 82
27 32
79 213
172 211
22 194
39 277
244 278
43 113
147 292
16 273
14 64
114 169
139 163
61 268
193 216
172 253
45 84
166 169
37 134
281 293
227 282
92 234
182 249
69 222
136 226
137 210
198 214
10 252
100 148
102 164
176 243
99 196
203 257
102 231
174 220
265 292
44 250
72 86
259 286
202 209
130 283
109 261
162 188
0 110
60 180
34 59
80 219
127 165
26 138
171 233
73 167
13 74
76 294
95 118
140 299
211 266
149 274
123 136
2 210
106 166
6 192
85 107
204 225
45 126
122 283
149 195
23 255
191 286
51 185
50 233
61 64
208 297
248 287
49 162
62 81
116 117
7 205
26 237
55 99
183 199
190 262
57 129
47 52
4 183
220 271
164 181
105 184
