2000
15 235
732 811
638 1702
136 884
1550 1921
261 1387
175 1330
828 1406
1102 1759
32 1880
550 854
118 352
987 1811
1630 1987
223 1071
21 1190
13 119
143 536
551 1269
350 1573
374 418
735 941
382 965
1157 1436
386 1986
811 1064
1155 1241
978 1530
776 1291
511 1415
974 1599
662 1580
338 803
676 976
1024 1914
754 1087
931 1021
117 538
17 1923
273 615
695 1517
383 1078
625 1884
116 1882
359 1840
816 1341
974 1275
0 875
1846 1889
1145 1949
534 1084
160 874
1584 1976
947 1269
250 634
477 1175
1 73
289 1861
1044 1754
360 1306
63 285
882 1697
562 703
42 497
459 1262
199 1212
594 811
812 1405
191 349
30 610
805 1977
291 1353
304 593
1435 1964
290 1074
234 1426
578 1825
11 279
174 691
575 1456
1756 1762
182 386
261 700
994 1540
436 1439
1063 1275
950 1942
648 1299
146 178
28 1279
715 947
233 853
1061 1520
573 731
740 879
602 1183
865 988
110 1645
716 1891
1103 1203
1240 1992
955 1554
53 1504
138 229
723 1657
342 1225
748 819
411 1921
496 858
463 1043
979 1720
956 1253
379 532
156 909
987 1522
825 1433
289 516
954 1755
1182 1685
397 610
692 1293
785 1880
1230 1429
1226 1712
438 941
313 1303
1128 1594
1169 1846
26 890
117 1877
497 576
936 1196
676 1687
147 831
525 660
1950 1984
109 554
1010 1221
222 1604
385 1256
330 1010
672 1774
6 1478
245 1086
357 382
317 1725
678 1142
568 1703
25 941
9 1952
999 1701
775 1683
779 847
135 1881
942 1894
310 1373
318 962
379 1744
442 832
1220 1633
550 1636
168 884
306 1350
1037 1441
264 1224
351 1904
760 1211
155 1983
1473 1643
1374 1478
329 413
24 1956
738 927
24 1589
513 1366
620 1212
1265 1372
28 1711
8 1728
149 989
150 1797
1203 1477
1475 1928
256 648
254 596
120 1905
895 1497
938 1501
528 1807
431 1781
310 733
675 1583
375 1100
1558 1883
1110 1934
590 1214
237 323
665 1621
295 1139
542 1969
408 1354
585 1766
68 373
478 1350
277 1243
894 1834
1177 1782
1051 1989
32 1788
1596 1988
712 1031
808 1808
700 921
1298 1304
404 1495
324 671
336 1045
242 890
147 228
641 1018
354 677
1695 1826
301 769
1243 1645
434 1214
687 792
268 1694
278 1592
109 1265
1559 1735
1440 1932
772 1463
219 720
141 1257
830 1844
163 885
12 1822
236 1404
376 1150
841 1548
514 794
478 1993
815 1689
767 895
300 1290
1224 1637
1734 1900
268 1780
142 894
225 478
1525 1936
556 806
36 1805
830 877
50 405
353 933
1153 1836
1651 1812
636 1393
1240 1718
478 1780
1338 1657
321 1602
467 1881
147 1508
747 1457
1138 1935
1106 1826
859 1900
151 1320
129 1002
1369 1554
291 1883
312 542
1401 1904
398 667
378 417
302 1085
1392 1571
158 1248
407 807
200 1546
91 395
713 957
131 981
497 1237
1831 1854
664 1681
465 803
1527 1899
318 503
27 1432
1428 1779
1170 1909
873 1635
844 1388
559 1954
215 433
316 767
1296 1557
319 668
352 689
898 1958
965 1243
151 1854
1624 1940
365 1232
1143 1582
1019 1857
199 1773
366 558
219 1907
643 1423
1258 1512
16 314
1144 1380
1048 1977
737 1518
1798 1997
756 1570
634 1590
1580 1946
337 382
630 1211
1748 1762
344 1892
223 1227
469 1952
1252 1928
1271 1949
822 1471
288 1697
526 1306
1530 1604
184 1882
429 1609
234 1898
698 1057
671 1562
714 1723
566 1699
37 104
363 1403
338 591
400 912
193 274
945 1376
219 433
446 963
1682 1771
243 456
1324 1996
0 574
318 1136
1088 1206
1088 1503
130 265
113 520
225 1304
152 1787
700 1776
546 1824
12 1408
571 1993
1339 1649
554 1333
621 1791
320 602
313 591
1623 1753
217 737
682 835
409 1094
159 1531
718 1275
1035 1415
1643 1886
102 881
539 1899
1707 1865
437 994
246 1940
4 1491
338 716
523 1167
582 898
1577 1793
77 1237
944 1776
703 1972
286 1968
248 861
246 1604
1007 1276
561 1763
194 1946
106 986
1233 1256
322 633
1107 1958
1569 1843
249 544
188 1328
944 1833
697 1576
899 1757
1512 1634
126 1459
1415 1701
1398 1687
344 1919
257 944
152 529
43 988
409 1082
113 660
376 1904
216 947
601 732
18 472
376 1406
156 1632
808 857
1192 1727
21 740
186 1050
479 812
1093 1940
229 699
876 1283
208 1957
1363 1711
558 1047
59 1837
1166 1606
566 1388
612 1260
1099 1490
1112 1539
223 725
493 849
1487 1801
1 933
890 1396
489 898
145 553
175 1729
236 332
1670 1943
923 1092
461 1444
1535 1782
1091 1153
1640 1747
1164 1406
53 1617
361 526
304 1203
501 1895
325 573
283 449
565 1356
518 1691
1116 1321
440 1238
1142 1530
1014 1707
916 1077
150 860
383 1980
726 1442
577 1443
917 1975
870 986
796 902
417 906
1529 1743
506 846
506 548
808 1654
54 1632
195 1052
736 937
156 1243
1072 1410
1505 1614
997 1812
81 1855
1026 1285
202 863
220 1576
439 1520
112 595
321 1345
1140 1272
1033 1571
1578 1933
1312 1870
708 1653
531 1197
917 933
824 1191
507 1086
479 1379
1681 1703
973 1960
52 606
594 1385
279 1485
963 1585
1032 1635
980 1416
914 1863
378 509
182 833
1248 1663
21 1801
468 1749
395 1558
217 1124
389 1975
798 902
78 531
438 1872
1812 1895
54 309
558 1753
819 1866
293 1506
289 1199
80 336
119 225
872 1333
723 1203
758 1579
1377 1408
1116 1768
553 987
666 750
556 1827
1070 1825
1161 1562
933 1794
60 1152
763 1985
1192 1525
1159 1307
1311 1366
1453 1787
1392 1889
546 1039
54 597
616 1596
605 1994
698 1346
1471 1668
606 903
10 804
784 1770
308 781
1391 1871
756 1507
1392 1719
801 1588
865 883
220 1596
1131 1995
81 799
431 989
1386 1489
1670 1717
209 809
1465 1912
1545 1852
221 1948
595 694
100 1856
600 1207
796 1092
621 989
29 1564
1823 1981
56 81
928 1987
382 388
751 1363
335 1755
1152 1576
1462 1801
343 1997
573 1914
506 914
1018 1378
673 1996
736 1260
29 1658
1126 1518
485 1127
1020 1311
358 1389
1172 1320
46 918
560 709
342 670
20 1302
961 1579
478 889
342 1638
1346 1452
351 490
1371 1423
386 627
262 444
29 1887
1818 1899
339 563
168 382
867 1041
1385 1565
334 1010
376 1346
407 534
326 1893
553 1914
197 1342
1554 1693
220 1581
1570 1681
257 1718
1306 1554
76 376
755 1131
154 1698
48 1837
268 796
9 922
964 1977
307 1092
779 1384
475 838
144 912
936 1520
84 1251
63 1945
187 586
159 198
933 1098
426 1757
845 996
17 420
275 1291
1046 1460
1418 1928
743 1004
1142 1159
31 646
1356 1737
410 1040
260 1267
596 685
672 1702
248 1648
1530 1921
235 984
313 614
487 1121
866 1911
361 752
765 1679
495 1871
382 386
1118 1819
431 738
369 1684
330 1561
9 788
396 1732
98 227
1062 1368
947 1300
147 1810
941 1698
1344 1385
501 919
1014 1722
175 683
544 1134
713 1499
1145 1375
229 1767
998 1594
1619 1797
1472 1488
598 1146
1533 1733
987 1902
1292 1339
1215 1667
382 1515
140 1907
1269 1466
259 1226
1354 1684
468 1539
1001 1785
414 917
1896 1997
947 1678
353 535
74 539
382 1153
9 1395
298 898
1228 1439
237 819
1132 1511
1878 1902
344 1291
532 1939
137 1999
138 1284
817 832
107 1619
492 1507
205 1346
386 1799
898 1153
133 500
1046 1631
280 1563
753 816
1506 1883
753 1351
1736 1991
476 655
82 245
831 1683
1819 1961
1054 1608
173 1811
1006 1680
67 233
168 1288
1728 1914
931 989
386 1435
565 622
319 1044
1434 1883
372 821
416 1500
1492 1953
1656 1915
170 1210
451 995
1000 1500
994 1692
498 894
1108 1358
915 1145
498 1097
591 1496
299 494
428 1388
880 1076
1664 1871
952 1810
797 1604
537 961
1662 1711
480 1054
1347 1458
31 967
379 1948
1272 1556
284 948
1329 1977
1355 1582
719 1487
151 625
409 1482
217 1060
391 1112
338 399
868 1034
1795 1964
105 1843
623 649
506 1469
80 1450
1271 1991
1197 1447
1762 1783
654 804
1404 1572
213 834
648 1149
162 1700
494 1092
38 838
510 1273
850 1889
710 1301
895 1662
795 1089
132 1391
250 691
345 846
544 608
706 1711
515 1631
1213 1510
9 201
71 1208
1247 1379
1743 1793
631 1732
388 680
1176 1452
219 1547
1392 1608
27 836
1550 1978
635 1083
521 757
586 1392
75 1497
901 1251
1274 1795
121 789
686 1666
103 1778
1149 1875
596 904
986 996
501 1268
514 1212
796 1272
129 892
1277 1861
148 958
334 951
97 158
591 1914
1085 1647
65 1907
371 519
23 1361
72 637
1448 1498
7 1955
92 1062
12 1853
1122 1510
338 1741
1064 1597
1330 1896
287 1707
145 1241
281 856
102 245
527 1775
115 447
1801 1914
1297 1733
351 893
766 1106
104 898
596 975
774 1352
1023 1598
601 1560
739 1473
115 146
901 1616
600 1316
151 1650
1006 1328
358 1904
278 923
1970 1972
431 1392
296 1498
553 1156
491 1743
621 688
1340 1508
1492 1989
1330 1542
803 1206
158 808
23 553
1201 1601
840 887
594 1299
464 840
1441 1730
287 1898
777 1604
1362 1467
1273 1483
206 1069
433 950
531 594
241 646
1005 1239
1139 1946
1740 1805
284 1573
1861 1944
679 1431
1558 1933
876 1250
304 1517
65 1586
399 1194
979 1471
1157 1532
935 1318
728 1222
42 1981
577 865
877 1897
39 798
110 1931
25 868
1166 1638
894 1117
1427 1947
367 1390
1789 1860
95 987
938 1726
219 1120
1639 1985
1257 1390
208 938
504 1897
1348 1968
1010 1181
593 1867
801 1487
193 682
655 1420
462 971
535 1618
1069 1243
165 1177
300 1612
930 1898
88 1726
1358 1801
1068 1876
1109 1497
236 619
1133 1257
207 1430
393 856
1537 1966
1109 1825
622 1028
538 1625
1383 1491
401 874
157 1296
506 1873
821 1022
62 1541
513 1817
1282 1404
125 449
494 1860
303 1538
339 1168
22 386
451 1007
524 1362
1215 1880
702 1241
57 227
501 1220
784 1901
1003 1142
1649 1938
270 1382
478 802
418 1279
349 1459
1043 1198
895 1039
1365 1450
249 1816
420 1095
46 836
240 290
1502 1644
703 1605
1556 1894
231 347
257 587
827 878
862 1827
61 295
331 1234
541 1907
514 1904
964 1105
1039 1484
328 1407
542 770
664 783
236 1864
933 934
1627 1946
1015 1201
826 911
1203 1882
1525 1837
392 1993
178 1421
1524 1897
380 980
292 1766
312 1004
235 1549
1073 1231
1607 1983
1358 1713
69 532
208 1686
1761 1882
482 1911
1147 1203
181 1129
79 1071
941 1914
1528 1566
14 303
1693 1987
448 851
1104 1879
1391 1631
737 1637
782 1644
674 771
416 1829
1018 1936
74 1366
742 916
924 1484
220 1187
655 1400
45 542
18 425
917 1127
514 522
800 1980
35 964
428 817
1008 1594
1426 1910
220 1907
1050 1968
839 1787
635 1500
577 1218
160 580
446 1245
4 711
629 1787
687 1879
1357 1771
460 713
328 716
585 1980
679 1657
133 761
1408 1570
196 1330
985 1844
682 1932
625 1115
486 1998
217 1567
1039 1977
799 1521
538 1282
175 269
362 686
1519 1805
55 1674
304 1622
342 1971
378 1487
218 565
337 1289
543 773
885 1195
436 1061
663 1621
81 1030
498 1804
1050 1888
837 921
789 1675
929 1960
771 1412
315 1133
463 1745
208 858
294 1142
1052 1742
24 1356
965 1904
669 1852
549 1052
1175 1519
758 1331
1275 1849
262 642
231 1595
185 779
741 949
200 764
343 1973
1411 1496
40 546
1455 1470
212 1190
51 895
577 1202
179 911
1729 1918
898 1483
23 1141
1685 1966
181 789
81 1481
865 965
382 817
344 404
160 852
214 1688
647 772
907 1434
250 479
1121 1997
1759 1903
1114 1430
819 1272
452 1035
840 1001
929 1959
231 669
104 899
542 1250
55 941
1693 1909
599 1309
396 1850
271 1291
1539 1884
1568 1849
895 1408
90 1568
1074 1916
183 968
55 1558
506 1052
104 387
978 1536
1394 1898
170 817
505 853
545 574
1090 1356
1075 1267
1257 1558
749 1288
804 1594
1267 1776
186 516
55 1247
41 1412
419 1907
94 1962
997 1131
160 1313
25 1917
123 593
397 1941
429 1695
672 1951
376 1500
202 770
268 1062
1255 1980
91 1302
357 508
70 1879
164 395
555 770
99 1832
219 425
414 516
1229 1769
1601 1911
843 1990
1711 1819
189 1272
1111 1517
1445 1791
47 748
533 1712
993 1269
1516 1661
1203 1247
402 1041
699 1356
413 1811
635 1223
498 1768
1061 1486
1080 1541
1012 1126
736 1497
864 1194
313 456
1319 1482
613 1178
353 1562
972 1554
160 1902
380 848
133 420
960 1929
698 1984
1519 1780
556 796
124 1530
416 1533
483 511
512 1030
862 1101
1452 1806
897 973
534 1059
1444 1594
1247 1934
649 1698
382 1641
729 1523
1032 1471
141 1188
1551 1709
1452 1690
454 1575
778 1665
204 1152
453 1433
164 1869
247 312
622 1401
517 1299
137 779
1275 1451
1290 1866
258 961
1515 1525
371 1237
312 1830
750 1755
1008 1513
34 1659
442 1312
379 1614
363 1834
49 1567
961 993
917 1972
101 144
287 1428
1401 1704
1145 1475
885 1780
512 592
649 1036
1126 1925
1400 1645
276 1809
487 536
649 1454
651 660
651 682
892 1497
596 1780
1007 1382
1652 1732
37 615
945 1883
111 942
422 1187
106 1092
441 1831
423 583
368 939
1180 1821
717 1962
55 1807
153 1158
594 1985
322 1827
819 1735
1509 1945
336 431
741 980
58 965
728 1751
793 1236
944 1255
1518 1629
1324 1987
443 1521
466 1809
1598 1901
1296 1673
996 1672
264 1322
624 790
738 1009
1053 1520
289 771
131 1475
513 940
542 1441
509 1814
656 1204
207 1846
1001 1530
1413 1464
980 1049
380 1593
293 384
1345 1891
684 1630
21 611
1395 1626
1658 1684
946 1375
542 1914
207 1370
118 1631
543 573
356 1787
1409 1412
114 449
1027 1488
389 1162
109 1710
1127 1905
482 823
1448 1570
225 1174
895 1962
343 1315
1572 1990
911 1996
1197 1721
303 1456
637 1487
1006 1446
87 1790
354 921
446 1716
1324 1695
110 1173
427 1781
387 1468
414 672
324 1266
914 1800
614 741
1437 1936
1168 1662
368 1543
97 1278
301 833
463 1058
1793 1846
917 926
1441 1563
355 1553
312 547
388 1286
103 413
220 784
843 1079
211 756
255 986
463 1642
1291 1769
730 1985
1214 1759
281 554
71 1207
207 1343
1282 1587
101 933
1180 1914
1319 1676
288 1958
1062 1739
1132 1185
816 1763
970 1638
1089 1558
428 1511
783 1655
1399 1486
369 1476
1480 1604
456 1897
236 1708
543 1516
368 1477
922 1334
190 1232
1192 1696
113 1871
733 1712
1121 1236
516 1714
11 1211
1158 1797
1046 1553
888 1848
108 910
744 1263
315 415
302 613
40 1820
1643 1781
582 829
236 1184
31 609
1538 1613
151 983
86 1792
380 1665
729 1041
733 1213
154 370
130 207
458 1847
5 736
1324 1977
253 1528
29 1457
858 1166
1157 1491
463 1276
376 1835
1141 1263
382 1631
869 1836
3 58
1148 1629
1167 1974
245 1876
812 1717
272 320
819 880
420 1904
1426 1965
320 1638
151 1762
529 1171
210 808
1216 1531
62 512
583 655
1011 1930
382 1712
486 1126
280 818
103 1249
553 650
430 1612
224 1203
672 854
125 1929
1397 1937
573 1859
756 1591
1126 1842
134 1392
53 1843
209 710
959 1915
1329 1671
139 1758
1160 1323
735 1647
701 1367
733 1790
1327 1470
203 624
108 603
422 473
481 1072
34 1643
1119 1910
251 698
267 1862
73 86
406 1096
432 481
176 262
1092 1848
762 1059
126 1461
1055 1632
420 1706
377 511
626 736
220 851
457 704
238 1695
121 824
59 1217
161 285
840 1459
317 456
903 1287
724 1496
178 1072
552 1671
338 1200
1949 1977
93 1081
604 1975
464 1574
1349 1762
196 341
403 760
431 944
952 1958
1209 1390
295 1144
1087 1130
681 691
177 1109
263 641
64 1791
31 366
1862 1926
511 1497
965 1997
494 935
455 884
618 1749
158 591
365 1253
676 1799
632 1996
1419 1533
704 718
183 1884
600 1552
506 1879
579 1718
362 820
459 1859
348 1209
1123 1981
1088 1259
974 1913
422 759
1026 1888
169 1582
147 1603
1138 1162
541 1261
376 1912
618 1784
1368 1715
913 1484
1429 1642
214 558
366 394
454 779
402 789
1089 1691
375 1766
74 122
509 1099
417 1858
129 440
1121 1796
590 820
591 1915
598 1987
290 1390
1244 1251
918 925
1360 1734
771 1251
1579 1904
1124 1280
338 713
324 1802
227 1786
908 1842
815 1923
920 1713
19 668
990 1408
1367 1707
390 740
1325 1497
529 1920
643 1566
42 640
1167 1929
139 746
1187 1339
488 1741
248 1269
639 1868
639 814
1204 1263
1489 1765
564 1299
856 1163
192 1462
1458 1465
198 891
463 667
1828 1930
2 694
299 842
407 693
787 1406
567 1407
1809 1862
262 1782
886 1038
96 703
594 1153
935 943
1154 1975
876 1669
66 1135
745 1809
803 1395
1045 1738
1249 1885
610 1746
346 885
529 644
501 1996
1257 1364
765 872
74 167
605 1524
536 1305
467 1615
359 1647
100 1040
474 992
1500 1646
169 1567
1176 1851
1531 1544
318 344
607 1569
1152 1982
692 1639
186 295
895 965
1417 1544
622 1832
728 1299
792 966
1386 1538
23 166
1386 1482
734 1813
905 1704
1064 1179
722 1400
921 1620
133 1253
63 1043
0 1610
44 159
358 710
1149 1815
742 1011
180 1067
1793 1941
1017 1690
721 1401
342 516
800 1922
493 803
266 1508
553 816
421 898
1487 1898
454 1997
447 1414
128 1882
1042 1992
1076 1777
1067 1740
359 1947
652 1320
1422 1748
926 1594
977 1534
823 1517
81 622
1545 1983
757 1462
108 351
594 1404
470 1690
616 705
628 1748
295 1438
113 1242
159 1692
93 894
764 1470
1698 1960
900 997
985 1189
627 969
282 1712
151 963
333 564
1309 1783
424 777
944 1207
734 1263
16 830
552 1764
921 1073
1611 1799
969 1011
420 821
991 1681
227 295
581 613
340 1642
1205 1774
1908 1966
1032 1056
716 1723
502 1476
894 1296
585 1566
1781 1838
1193 1986
665 1677
151 965
305 1296
381 908
1497 1530
709 1735
1256 1832
233 1795
791 1458
386 463
974 1062
1087 1479
773 1979
727 1682
1328 1539
617 1733
414 789
696 1310
382 1954
445 636
334 636
226 1019
659 1447
740 1967
386 1296
787 790
249 1801
435 531
1660 1757
741 1219
311 1275
1424 1576
136 653
81 344
85 1619
412 539
172 1295
903 1514
819 1551
1176 1493
171 1153
402 1771
420 1239
654 1512
1229 1332
990 1924
1135 1619
1235 1478
1068 1600
286 1534
232 942
463 523
1425 1936
410 1089
484 1013
665 1139
690 1958
474 1066
149 1488
957 1381
497 993
694 712
436 1558
327 970
1061 1317
589 881
80 768
1052 1653
569 732
926 1732
404 1700
450 1030
1342 1439
737 1471
1295 1659
1628 1718
944 1801
292 1474
83 1743
1433 1889
343 1449
1010 1487
527 1359
0 750
33 1090
746 1391
74 1050
810 1086
479 772
726 1281
1558 1692
463 645
987 1667
467 478
178 944
141 1029
244 700
109 1873
300 527
284 1122
1025 1348
1255 1734
89 552
661 1363
588 1566
668 1459
876 1270
1535 1937
585 1548
911 1839
239 631
10 1890
1496 1705
458 1482
871 1053
141 827
499 1439
1113 1462
1310 1759
110 1019
946 1294
1047 1772
1197 1644
1071 1515
474 1774
644 814
24 127
262 828
342 1579
1336 1846
1188 1402
814 1255
1130 1358
750 1749
780 1271
530 1827
376 1051
855 1276
1421 1752
548 1323
297 633
369 1799
217 637
359 1927
1704 1845
1131 1494
932 1065
1478 1987
606 1579
1006 1264
126 405
321 1724
268 1879
572 1474
1358 1576
249 1234
235 735
678 1874
779 971
245 1735
707 893
1016 1958
573 694
312 764
409 865
1124 1151
774 1627
141 896
558 1594
65 364
11 590
471 1639
658 1243
76 252
373 1506
1640 1748
1121 1165
669 941
1013 1448
974 1326
803 982
262 1337
151 1096
236 838
413 1314
1491 1641
858 1893
133 1413
1254 1704
7 1097
643 1308
1395 1966
132 1906
213 245
836 1902
1272 1759
386 540
647 953
1797 1862
1644 1750
813 1975
570 814
1731 1774
256 1963
234 584
128 1125
8 1760
308 1685
1137 1149
534 814
229 1803
342 1797
382 796
489 675
1690 1841
390 1246
932 965
17 1038
557 1929
890 1728
944 965
337 1976
53 1913
803 958
1526 1752
935 1186
69 1519
310 1555
26 1335
230 941
786 1876
524 848
395 726
657 1296
