2000
154 300
248 962
613 729
40 1615
1408 1953
335 1587
1803 1815
610 785
112 959
616 1817
356 673
869 1168
1372 1941
1292 1460
118 1344
248 280
247 1899
848 1278
1611 1975
335 1004
34 848
613 798
673 1777
226 1707
1597 1683
1247 1439
541 556
703 1636
136 791
85 1354
1175 1571
133 1379
1292 1388
604 1997
1354 1682
253 703
232 1442
562 1947
1168 1498
1097 1344
862 1815
171 186
235 515
300 1789
524 1606
698 1917
1216 1512
2 1763
38 1498
252 493
459 1557
902 1831
230 1602
1781 1947
765 1252
902 1594
437 848
1716 1717
900 1291
717 1038
793 1237
493 651
1103 1289
650 1284
845 1380
703 1642
236 1721
144 1220
372 555
662 1683
1815 1929
426 528
671 1945
370 1595
339 1512
952 1038
613 1246
868 1795
1494 1799
272 1726
1566 1611
1039 1602
248 459
123 1344
38 813
1082 1616
472 555
1220 1966
1615 1760
1934 1947
331 752
556 939
783 845
714 1038
133 180
474 876
1406 1641
570 786
1716 1730
673 1915
528 570
786 956
1180 1525
1558 1840
340 786
270 1176
973 1291
737 1492
943 1329
988 1352
201 1207
256 1066
683 765
845 1467
1442 1645
725 1699
1237 1982
1176 1753
100 875
703 864
664 1168
638 1885
1273 1569
851 1816
1611 1717
1670 1902
1329 1832
389 524
1534 1631
606 1168
136 1463
474 1811
1602 1812
1615 1809
1509 1615
53 349
875 1629
431 528
58 924
134 1442
145 555
434 1959
1705 1856
1284 1810
857 1840
371 1147
913 1631
555 1425
1126 1442
227 673
160 1385
1786 1815
613 1241
1342 1982
1537 1884
59 1010
799 875
1292 1321
68 924
875 1942
1175 1436
331 546
945 1884
1293 1941
1244 1494
1038 1407
775 1015
136 552
1180 1743
1124 1443
570 1941
493 1246
1624 1953
381 1868
780 902
1324 1506
447 765
879 962
53 584
855 1631
704 1274
13 1717
474 796
793 1191
1563 1683
23 38
484 851
788 1717
1172 1494
1121 1442
901 1352
639 765
875 1122
174 671
698 918
698 788
38 693
1582 1607
474 1651
1012 1817
226 944
933 1582
972 1717
604 764
1324 1327
116 555
196 1124
1442 1785
493 527
136 969
378 1959
133 327
263 1324
524 1688
785 1574
1024 1716
1494 1709
493 1625
1431 1605
300 1531
1074 1175
740 845
1237 1385
671 1383
1063 1175
1292 1711
1140 1705
1088 1398
53 269
1741 1884
515 1633
1214 1354
1038 1473
789 1224
1155 1844
851 984
619 1147
280 1318
37 1616
272 694
802 1902
1780 1868
1038 1628
102 1088
67 223
494 924
436 1344
831 959
331 587
55 247
90 902
24 698
212 395
469 1431
300 882
722 1284
1365 1941
827 1782
845 1071
168 1168
395 1690
1631 1746
171 1237
83 412
877 1147
895 1868
571 1494
924 1386
902 1986
1163 1844
827 1335
441 868
1000 1615
721 842
500 1858
659 1147
671 1016
1291 1962
360 785
474 1498
795 1324
1124 1731
698 1486
1385 1735
187 962
248 1641
300 1668
1344 1617
1619 1699
765 1282
875 1653
335 1764
613 1993
1611 1948
312 737
1616 1887
335 769
83 645
226 285
959 1423
407 785
1802 1885
962 1657
593 1389
247 640
792 1683
300 1824
884 1207
332 1631
1176 1822
681 924
83 1704
247 689
417 1582
1273 1404
226 1195
218 1902
1454 1967
1038 1646
528 641
733 902
570 1291
501 1982
459 1069
53 1522
1500 1953
370 1539
1291 1852
715 1220
844 1442
1159 1844
379 671
1727 1884
280 1058
1333 1868
870 1354
476 698
1884 1998
335 734
306 1494
691 1868
874 1512
821 1088
1045 1385
881 1274
8 1066
443 1512
133 460
906 1602
604 649
83 215
1494 1833
142 1088
113 1763
613 1823
1697 1941
819 1494
551 1207
524 676
161 1292
528 778
793 1499
266 1959
613 1925
570 1220
673 838
1631 1745
199 1953
471 1147
386 1247
1246 1324
272 808
1010 1426
1112 1959
793 1614
668 698
576 1641
849 1582
493 1003
226 400
148 1840
698 948
200 555
300 1681
932 1292
698 829
272 657
63 793
634 1273
1582 1891
528 1797
755 1641
83 1136
902 1119
493 1517
785 1771
732 1180
345 1284
1317 1982
1716 1882
959 1075
504 1147
493 1275
1512 1680
404 1947
1001 1247
1176 1976
924 1236
280 1381
1292 1397
335 1479
972 1663
940 1967
1072 1941
1266 1922
710 1982
38 549
1237 1683
424 1274
827 1674
1239 1967
1066 1399
1329 1871
38 1754
490 1329
868 1222
1175 1528
957 1721
941 959
83 1744
1232 1922
885 1631
991 1284
848 1131
822 1716
1237 1959
272 1825
226 997
624 827
393 1815
1161 1582
500 631
131 272
331 1271
135 1207
934 1284
240 1352
868 1973
785 1237
124 1389
1442 1872
53 1351
280 1437
247 402
851 1471
343 1616
474 720
247 373
493 1685
1124 1555
1421 1922
794 1168
1578 1705
902 1245
848 937
323 1631
526 1721
13 648
1385 1448
785 1200
1292 1964
1880 1959
226 602
605 1699
1549 1982
1273 1664
1124 1860
535 1567
1103 1150
474 917
452 924
964 1147
1303 1885
1667 1953
406 1385
1419 1616
787 875
926 1884
1092 1884
188 1274
1274 1720
678 868
765 1347
495 1616
38 1958
721 728
807 851
209 1922
1038 1979
1124 1849
793 1956
453 1354
896 1220
280 741
439 1389
1207 1251
1717 1844
1180 1540
473 474
410 775
348 474
1223 1884
515 1198
1103 1489
248 1038
79 613
395 1761
865 972
743 1611
83 1794
1947 1949
1291 1332
1077 1567
172 775
262 1038
474 1508
1405 1763
765 790
1095 1885
140 1705
307 671
737 1755
272 986
83 1495
159 1885
133 1237
36 1641
1292 1676
1504 1721
1631 1719
39 962
1582 1971
83 1498
653 1344
1868 1898
500 1536
1175 1793
1431 1533
1180 1864
959 1212
1091 1324
257 1168
267 331
958 1147
197 673
1883 1959
1344 1692
136 1921
775 1714
171 612
247 491
654 1683
1462 1815
341 1224
445 1922
83 1235
515 1246
248 604
845 1842
672 1220
302 1616
581 1494
13 1677
1103 1340
67 1394
320 1699
1194 1354
1320 1329
658 671
234 1442
331 1994
570 1147
171 237
570 1616
82 1385
83 726
1028 1147
773 1844
489 851
1103 1530
53 1878
563 1175
851 1514
1224 1237
395 1585
1180 1583
931 1641
703 1779
16 524
298 1389
868 1434
67 1415
272 730
459 824
786 872
1344 1475
1094 1176
656 1716
1109 1147
860 1389
238 785
331 1402
204 335
528 1110
570 848
474 1656
133 1511
12 335
1246 1817
1083 1815
1721 1901
179 1902
1429 1691
1018 1207
459 1693
171 1021
1005 1124
1113 1442
335 1428
517 1284
67 485
544 959
214 1291
248 868
370 1920
1046 1352
745 1885
834 1941
72 1431
721 1748
13 669
902 1193
121 1721
737 1240
978 1103
231 1967
136 1808
737 996
959 1409
1103 1498
294 1247
753 775
1354 1498
1042 1284
673 1319
1529 1884
1978 1982
788 1274
129 1291
1186 1207
13 1658
295 474
779 786
171 1706
1476 1922
35 765
92 1922
515 843
765 1441
1176 1724
959 1037
848 1751
1431 1487
1385 1804
136 1205
538 1884
477 1175
14 703
1246 1902
292 1088
337 1010
827 1914
622 959
1224 1792
561 1721
524 1554
1389 1715
1352 1382
1501 1691
181 1176
216 1352
49 1224
1267 1763
597 1582
868 1084
83 305
556 1055
721 1466
577 1292
749 1817
287 765
210 827
303 1324
296 1641
1168 1173
318 1324
1066 1826
1491 1840
53 1457
53 947
136 570
4 500
1291 1647
502 1815
1309 1602
322 1442
1135 1611
967 1885
613 1249
370 428
1766 1941
848 1032
545 1273
170 1273
1062 1815
644 1512
1450 1699
1325 1884
567 721
1130 1385
613 1400
157 845
737 1895
11 1982
7 247
226 1435
137 845
448 555
444 1902
247 1496
1103 1784
1246 1631
601 1716
401 1180
1111 1124
1246 1885
13 1107
261 1431
1246 1602
482 1175
793 1132
198 673
248 1967
713 1716
949 1168
183 1389
288 1088
178 1066
1255 1868
703 1638
279 1902
793 968
354 1103
226 971
1010 1474
845 975
1220 1226
868 1933
938 1699
1284 1686
1010 1355
788 1237
38 812
793 810
1470 1868
1054 1611
1498 1922
463 671
226 781
1329 1610
528 1089
1389 1666
788 1066
1247 1999
737 751
136 1068
395 1367
1247 1985
459 1143
924 1237
370 1203
1796 1815
242 1967
272 980
1010 1612
98 1868
1582 1769
171 1411
67 1829
1576 1615
308 765
515 1468
60 765
408 875
275 1168
1599 1982
579 1844
93 1602
1344 1526
1274 1881
470 1902
115 133
67 505
1273 1974
1180 1390
809 1147
1602 1935
1124 1227
38 344
1403 1884
974 1442
246 1284
388 972
628 1840
1279 1941
737 1250
331 1498
1106 1168
744 793
930 972
660 1010
754 1224
1373 1844
1133 1699
459 1356
924 1749
1175 1839
570 788
716 1641
374 613
848 1965
280 1503
1410 1953
300 1376
788 1512
924 1424
763 1641
887 1038
335 1218
698 727
515 1701
1007 1494
688 1705
184 247
673 748
1038 1117
784 1431
280 1876
556 1311
13 1643
522 1691
845 1886
350 962
208 972
1038 1478
712 775
515 854
1482 1967
425 972
698 1866
397 721
272 1020
875 1900
422 1088
1567 1894
71 1385
1023 1840
529 962
750 1567
250 613
555 1498
540 556
67 1019
47 1431
500 588
247 299
155 1224
52 1815
432 1691
1274 1449
462 875
1717 1884
1138 1631
1324 1521
731 1902
81 1683
331 415
331 1968
1736 1922
761 1224
1088 1660
875 1888
1147 1865
226 570
560 671
547 1124
1358 1763
875 1339
1213 1941
1717 1815
273 902
459 1830
193 1442
132 556
1368 1840
703 886
1145 1175
846 1922
219 786
959 1125
524 1717
1192 1292
335 574
1274 1515
1641 1773
1009 1953
74 1352
793 1166
380 1615
3 827
335 1717
765 915
395 858
385 703
427 959
435 1329
311 1176
866 1207
786 1157
999 1967
774 1616
524 1733
621 848
67 1182
271 1615
1228 1721
521 845
1722 1922
673 1070
1180 1648
1010 1498
459 1870
245 1953
498 1616
1185 1631
1188 1354
165 671
370 1907
370 637
18 1567
128 1885
351 1817
1834 1982
1567 1659
671 1772
1124 1989
528 708
703 1162
1238 1494
77 331
853 1066
770 972
867 1273
1385 1960
272 1632
264 1817
692 785
775 804
1705 1991
342 1705
788 1246
127 1292
492 1175
962 1026
1153 1721
500 1221
709 962
663 1615
366 1716
1477 1512
556 1158
594 1885
972 1977
737 852
1613 1641
1687 1815
53 1237
1717 1953
243 474
861 1567
67 376
1461 1691
272 647
1284 1562
627 671
555 1304
1038 1137
927 1389
1114 1344
479 1494
1570 1615
1598 1953
13 1472
1066 1814
762 786
370 921
433 528
1229 1868
737 1916
556 1608
1431 1879
524 1219
300 655
1066 1552
61 247
673 1285
30 331
247 820
500 1972
136 1346
395 1160
468 673
599 848
512 698
395 499
827 970
133 675
1322 1953
775 1336
875 1265
673 1820
793 850
163 1582
13 291
268 848
136 293
667 1176
280 805
248 603
1544 1902
671 1246
1224 1634
1488 1941
32 1224
300 1118
1885 1992
497 1274
260 1168
1494 1717
702 1683
280 1204
57 1699
1294 1868
661 1817
765 1246
1573 1959
194 671
459 475
442 1616
550 1389
83 1060
1377 1567
1297 1616
133 666
83 109
228 1683
361 721
1291 1987
191 1431
368 902
548 1922
961 1088
83 723
1108 1815
314 1494
1247 1961
1354 1414
1481 1699
1220 1345
736 924
171 1593
788 1175
290 1982
995 1885
990 1840
1011 1103
409 786
146 721
1725 1947
695 1615
1689 1817
20 1683
451 959
1389 1913
185 226
897 1840
316 1959
1442 1984
158 786
276 1224
1246 1567
459 629
556 1717
630 1247
1174 1868
564 721
613 1497
1838 1844
249 500
556 1102
1206 1817
358 1147
1181 1967
1149 1615
171 1152
1885 1893
105 613
1164 1611
138 1922
411 721
1442 1723
76 1220
217 1602
1010 1049
737 1290
136 1438
1175 1375
383 1329
1752 1922
604 922
500 553
247 1035
171 1165
1176 1577
830 1274
1234 1902
719 1103
247 835
1177 1389
94 1207
528 1951
247 1498
321 1273
1233 1284
284 1922
126 1967
221 556
13 1955
1458 1602
9 1220
788 1721
136 282
27 1582
604 1202
248 788
1602 1903
924 1589
391 868
310 1124
398 1817
384 1274
759 1844
300 1897
776 962
960 1291
41 1066
1147 1918
289 775
331 1257
1354 1800
1006 1705
1147 1433
164 493
863 1840
569 1602
1616 1652
1527 1982
893 1641
827 1361
480 1273
405 1247
981 1273
585 1292
905 924
1207 1620
851 1237
395 1609
775 803
272 508
29 972
515 1215
1431 1596
962 1416
1641 1927
1224 1374
1104 1982
827 1445
352 1247
596 1815
1180 1299
1622 1947
333 785
136 1098
1103 1644
280 1601
334 1763
1263 1922
500 1105
671 1710
457 848
70 1066
101 851
513 1763
533 1817
623 1763
1763 1767
1696 1721
467 1567
46 1817
1207 1348
86 524
1096 1324
53 859
207 1431
38 919
1352 1788
525 1884
220 1352
556 1208
370 1841
195 1567
1220 1314
972 1031
575 1010
1048 1959
375 1329
1124 1559
143 1273
1066 1695
766 1631
300 1099
395 1717
272 788
413 1329
1025 1967
1567 1776
673 1568
139 1615
355 459
910 972
1273 1456
335 365
1086 1354
1284 1909
300 1861
966 1941
892 1567
274 524
1273 1396
670 1721
1101 1431
53 590
1259 1329
785 1391
1307 1691
542 1582
478 827
17 226
488 1175
1331 1902
150 1354
38 923
1310 1721
5 1683
107 1329
56 1354
698 1370
1017 1354
1756 1982
1254 1352
65 474
359 1947
765 1969
395 690
67 1260
1588 1902
459 618
1650 1884
625 1840
205 1959
1385 1862
487 1010
1312 1840
1344 1717
38 48
898 1691
51 1967
888 1124
331 680
133 1144
328 1180
555 777
248 1329
1291 1806
788 1431
464 1176
500 840
182 1641
962 1217
99 1616
524 1371
706 1721
515 1523
22 1641
80 1615
1547 1705
1168 1178
703 1807
977 1817
1167 1512
556 1264
493 963
300 1197
248 1292
370 833
698 1564
699 1705
737 1209
788 1176
224 1274
786 1801
1545 1705
67 301
611 1602
698 890
528 1943
1088 1498
509 1344
325 875
83 1996
924 1678
1412 1922
363 1817
737 1520
395 565
1627 1683
1124 1535
362 493
133 531
1180 1253
845 1848
868 1548
353 1631
1699 1774
1315 1329
1422 1763
133 1708
524 1669
357 1716
1582 1936
520 1616
1247 1737
614 1691
248 1763
1151 1352
1538 1716
1231 1352
300 1268
1066 1170
524 1283
515 1050
1168 1813
1168 1857
1551 1941
703 1196
1420 1947
1352 1447
67 700
703 1246
515 929
335 711
278 528
438 673
335 891
1684 1840
1008 1494
1354 1546
1691 1930
416 1721
6 1324
555 642
167 721
338 851
26 1691
248 500
703 983
430 1691
1493 1982
572 1844
785 992
53 1446
91 698
10 1611
1224 1798
570 1352
13 239
13 1740
570 737
1350 1947
1088 1873
1395 1959
459 1896
370 510
856 1941
331 1387
721 757
950 1631
1393 1683
1389 1661
604 1924
147 1247
677 1844
1550 1947
370 1671
13 976
1353 1615
1262 1885
370 925
570 1705
136 665
177 1291
556 1790
589 1721
280 928
1190 1431
171 330
111 1611
1541 1982
524 989
515 626
53 1855
459 1944
1081 1611
286 851
514 902
96 1066
556 1134
908 1683
955 1103
1639 1683
782 972
1455 1683
721 788
528 580
827 1717
1090 1224
272 1139
620 1512
636 1292
617 1602
38 679
851 1432
192 1088
785 1357
136 304
346 515
500 979
474 1990
21 1691
1224 1451
171 1287
1364 1631
595 1389
300 825
141 1868
902 1146
189 1959
125 515
1498 1868
555 1277
793 832
1171 1959
558 959
959 1717
1602 1904
721 1079
1543 1959
671 1759
43 1088
768 1176
994 1103
528 801
721 894
78 1010
972 1762
1027 1324
13 1703
203 474
609 793
785 814
229 370
1207 1931
554 1817
152 1010
848 1316
1805 1959
673 1452
500 1635
66 1763
556 1778
707 1953
500 1067
904 1274
395 1337
1237 1247
106 1512
1763 1783
1061 1967
45 924
775 1828
771 827
387 1247
84 1324
701 1220
42 827
883 1941
1602 1926
851 1621
28 785
1465 1844
1103 1630
300 953
613 1148
67 756
1066 1847
718 868
920 1512
737 1306
828 1953
916 1611
936 1885
1641 1662
1328 1641
826 962
474 1637
319 1010
1274 1524
878 1385
133 537
247 324
241 1220
336 459
1498 1582
1059 1176
1103 1747
277 1705
175 827
459 646
1313 1354
1884 1908
500 1502
868 1928
1359 1868
1154 1844
272 297
511 1582
1675 1699
591 845
1065 1176
1224 1939
506 1982
1180 1237
95 1615
272 909
162 395
369 1354
1022 1885
583 1611
1291 1821
1041 1959
1043 1868
1168 1835
555 1080
1076 1124
1180 1877
1129 1884
136 1366
868 1033
1120 1817
255 1616
83 1765
962 1938
965 1147
524 1272
765 818
912 1705
827 1485
1057 1947
202 1291
924 951
721 1047
38 935
1344 1362
671 1911
592 1815
1673 1885
1582 1679
1237 1273
684 1442
367 785
1230 1291
1207 1516
555 839
64 171
50 1180
500 1963
841 1611
1128 1329
1442 1498
586 851
331 1187
370 987
530 959
673 1237
1699 1912
258 1168
880 1705
395 1869
1199 1385
652 1967
38 1600
38 1280
532 1716
793 800
171 633
87 875
685 1010
226 1179
122 555
486 1721
1694 1763
1344 1640
568 1224
674 1512
1518 1922
75 1352
816 1941
280 414
1030 1691
848 1702
555 1093
528 582
703 1384
370 1851
149 1611
632 924
1127 1442
793 1580
151 1220
1326 1953
671 1592
534 1274
845 1875
1201 1582
962 1853
156 1247
13 1413
31 1389
797 1352
399 1947
280 1323
1123 1763
493 1863
280 429
962 1957
493 1819
515 1561
1066 1603
171 456
851 1586
1180 1655
1010 1712
1273 1946
171 1002
1483 1840
73 1840
1078 1385
1038 1988
446 493
206 845
1246 1699
1274 1837
827 1184
570 845
1510 1763
902 914
1220 1874
1494 1846
474 1349
69 555
1567 1787
1512 1734
1284 1717
786 1270
1344 1575
1284 1378
15 53
836 972
419 786
1626 1840
19 395
1085 1180
458 1959
1087 1699
760 1220
1542 1947
280 1210
176 1721
902 1237
1512 1818
775 1116
394 1344
420 604
1700 1953
133 1532
848 1672
518 1567
1616 1649
793 1183
875 1498
1560 1967
1716 1738
25 1247
528 1430
1013 1207
1176 1330
1623 1716
604 1850
907 1088
247 566
1246 1389
248 523
735 902
248 1947
1732 1844
873 1885
213 875
38 539
1180 1905
703 1242
1284 1427
993 1352
133 421
335 1459
1742 1967
283 786
1553 1705
259 1582
1175 1301
942 1567
62 604
315 721
902 903
851 1698
1611 1892
53 1469
902 1890
1770 1844
1334 1953
1053 1147
570 775
1363 1385
54 67
703 1261
108 1038
1 133
335 1919
972 1932
169 459
555 1565
570 1207
1354 1854
130 1274
1641 1739
1490 1817
248 300
1142 1220
788 1498
608 1611
765 1343
455 1512
962 1288
248 370
1175 1225
265 1324
171 1453
1073 1168
493 1981
370 1507
598 1631
788 1840
613 1295
13 578
573 1615
396 765
166 1385
899 1844
507 1967
738 1344
1513 1716
1246 1691
280 643
53 1889
1296 1324
1224 1505
1273 1983
114 1691
244 775
103 556
600 1844
496 1884
604 815
1169 1902
570 1615
44 67
454 1324
329 721
686 924
1273 1604
120 848
1292 1418
222 226
1100 1247
1156 1840
335 871
962 1256
13 1189
481 786
557 868
173 1699
786 1758
1579 1705
698 1141
53 1051
251 613
786 1036
998 1103
1291 1556
67 1246
697 1284
89 226
615 737
703 1867
418 1352
1103 1243
1211 1967
954 1716
845 1768
613 847
1056 1088
483 1512
543 1207
1124 1584
837 1815
136 911
817 1088
1300 1389
280 1845
724 1947
698 985
775 1040
972 1713
347 673
67 1248
1034 1247
364 1941
97 1385
1038 1980
1066 1859
528 1728
1484 1567
696 845
868 1044
38 946
423 1953
88 1431
1029 1431
1308 1982
493 1906
767 1010
53 313
309 1616
83 1791
133 1665
331 1338
466 775
390 1329
1124 1498
500 687
1590 1602
331 1286
171 1417
972 1910
739 875
705 1324
1269 1324
382 1494
556 635
1298 1763
1052 1344
440 524
1699 1750
889 1947
1757 1953
823 827
1207 1581
519 1176
450 793
806 1431
1175 1305
682 1494
1302 1691
747 1815
392 1705
758 785
395 1401
536 1567
524 1392
67 1618
1947 1952
110 133
317 1602
461 1038
737 1940
1519 1716
395 449
786 1369
117 959
737 1995
1341 1716
1010 1276
225 1691
0 1389
1572 1902
775 1654
1088 1591
559 1763
226 1923
254 1844
1064 1066
1718 1902
281 1817
515 982
811 1088
1440 1683
1292 1954
772 775
607 1868
226 465
1291 1444
211 1902
493 1950
742 1683
1220 1281
851 1464
190 1176
1258 1691
515 1729
153 1329
1360 1631
33 1868
13 1480
326 868
1329 1775
233 868
1611 1843
785 1970
377 1207
104 1902
272 503
959 1937
851 1836
1014 1941
119 1292
1699 1827
516 1512
1115 1699
746 848
403 1284
