2000
1088 1096
102 111
170 175
833 836
1615 1628
1207 1223
1445 1461
476 478
816 817
340 356
816 821
221 233
442 444
1394 1406
459 465
391 401
1598 1611
952 956
340 355
867 871
1241 1252
1360 1373
1989 1992
952 955
1326 1328
510 522
1394 1410
119 134
34 36
816 829
1581 1583
1156 1169
1717 1727
476 484
153 162
340 351
1683 1695
1700 1707
1122 1139
357 361
442 445
1003 1013
1275 1285
1071 1076
1972 1981
1564 1565
306 315
969 980
408 424
1377 1384
272 283
1853 1866
1955 1957
408 413
969 971
442 458
1683 1691
986 989
1462 1471
1258 1262
1479 1483
1105 1120
918 921
731 737
68 84
221 237
663 677
714 716
442 455
1666 1683
187 195
1258 1271
1122 1138
578 593
1037 1038
561 574
680 682
680 695
1734 1743
136 146
476 487
272 274
425 426
1989 1995
629 640
935 947
1700 1703
918 931
1768 1776
986 995
782 786
1241 1256
1224 1237
1972 1974
476 491
986 1002
306 313
442 453
1700 1715
1887 1893
765 773
935 936
1989 1998
867 873
1904 1915
289 303
901 903
204 209
1122 1124
1258 1259
816 820
816 833
1139 1153
1360 1365
680 689
561 568
1581 1589
629 632
1496 1501
1241 1245
1394 1401
1972 1980
952 966
799 802
1904 1916
578 589
782 787
1122 1136
986 997
1054 1061
1887 1904
1836 1843
289 294
850 855
34 47
1496 1502
0 12
289 290
1904 1910
1802 1813
1581 1587
1972 1975
136 147
1547 1555
459 460
1785 1801
1173 1175
578 590
799 810
697 703
1326 1340
374 387
1003 1010
1496 1510
1768 1779
1292 1309
1751 1759
765 770
85 90
1513 1524
1870 1876
51 59
1870 1873
935 942
1309 1326
1377 1390
816 824
1717 1730
867 875
1768 1771
170 183
629 634
1139 1149
187 188
748 755
731 740
1530 1544
306 307
136 144
1717 1734
901 902
1173 1187
1513 1521
391 392
476 479
255 259
884 888
204 217
1071 1085
1530 1546
102 107
1615 1620
493 501
1921 1924
1768 1774
510 514
459 470
1462 1479
1122 1129
34 37
612 617
1955 1971
1122 1125
272 279
833 850
1037 1053
1122 1133
1734 1751
323 337
1241 1257
119 130
1411 1412
969 976
1802 1819
153 163
1173 1178
1088 1095
323 329
1207 1220
1190 1193
357 365
952 959
1649 1663
0 7
1088 1101
969 972
1360 1367
629 643
1326 1337
1632 1635
1224 1226
1275 1279
731 748
357 368
1462 1473
1819 1826
1173 1188
1819 1835
510 521
442 451
748 759
238 254
1445 1446
238 241
952 962
850 865
1751 1764
1479 1485
1462 1468
782 798
1377 1381
816 822
578 585
1513 1515
731 738
1343 1356
119 128
1309 1315
1190 1195
748 760
476 488
1326 1335
1887 1889
901 913
510 513
1139 1140
1071 1072
629 635
1615 1619
1547 1552
272 286
1734 1738
136 141
952 961
255 271
323 335
187 192
1445 1458
1581 1590
1309 1321
1496 1512
1139 1154
187 201
1734 1739
578 591
68 75
1887 1896
374 386
1360 1362
969 979
1751 1753
918 919
1972 1984
527 536
612 628
969 986
578 583
170 177
731 744
1530 1543
1530 1533
544 553
187 191
476 486
170 187
289 306
1360 1375
1938 1955
1802 1814
289 299
1377 1394
527 542
204 215
1020 1022
646 649
1224 1232
1224 1238
1802 1807
510 525
799 816
1122 1127
697 701
850 859
867 882
1836 1845
561 577
884 890
1360 1363
1921 1937
986 994
765 766
935 943
799 806
1734 1745
578 594
765 775
1309 1317
136 137
1632 1640
1547 1564
68 73
1207 1218
952 965
1343 1355
1105 1113
493 497
1734 1740
1309 1322
323 331
1802 1804
1989 1991
408 409
629 641
289 297
782 794
1020 1029
1428 1436
1649 1650
238 240
1411 1426
799 812
1275 1277
1751 1757
595 609
1938 1951
1394 1397
1666 1679
1326 1339
1785 1790
221 230
17 23
935 950
357 362
612 619
697 709
833 841
595 605
34 38
357 369
1717 1724
748 752
493 507
1054 1069
1853 1862
595 598
1904 1918
357 358
289 293
374 377
1156 1158
170 180
1785 1795
867 878
306 310
1955 1963
425 432
1836 1841
1955 1965
1462 1465
1717 1719
1632 1647
1037 1039
1513 1516
1411 1420
1445 1453
1802 1811
357 359
1768 1770
1071 1077
1411 1422
765 778
884 900
374 384
1309 1325
1258 1275
612 624
1768 1783
1530 1547
1207 1215
1802 1806
1020 1032
0 9
1479 1480
918 934
1734 1747
986 988
527 537
1207 1219
816 818
816 826
1700 1709
1428 1441
612 618
1105 1109
1020 1034
867 879
425 433
1666 1678
102 103
782 792
816 827
1836 1837
1700 1708
1819 1825
1139 1144
833 837
510 518
969 978
136 148
102 106
629 637
1496 1503
1394 1395
1802 1812
289 305
1904 1914
170 172
1377 1392
1139 1148
1105 1117
204 219
1020 1035
425 430
119 136
1309 1319
102 119
1241 1249
442 457
374 381
731 739
1275 1289
1088 1094
1683 1687
306 319
867 883
136 143
1513 1518
204 211
1666 1667
102 104
425 427
238 252
714 726
714 720
442 449
1853 1863
1156 1173
595 602
1955 1961
1989 1993
935 946
1717 1731
918 935
1870 1877
595 603
867 874
1258 1272
204 220
1649 1657
1462 1475
1343 1352
1394 1398
1326 1341
1513 1519
340 346
1921 1922
1581 1582
1683 1688
1139 1142
1887 1888
1071 1083
1122 1126
1615 1618
442 447
1479 1489
1598 1615
1241 1251
833 834
731 747
1003 1017
1037 1047
1547 1562
459 471
102 110
765 777
1241 1244
1309 1311
255 267
935 948
1581 1593
1853 1855
1530 1538
510 526
1241 1242
748 765
850 852
1768 1775
714 725
1751 1756
340 352
1683 1698
1479 1493
1989 1990
476 493
1054 1067
1836 1852
765 768
1377 1382
1564 1580
1207 1208
748 758
1326 1343
1598 1606
1326 1331
1717 1726
1258 1266
1921 1933
408 416
1003 1008
1581 1597
663 674
1190 1200
425 442
1853 1860
544 554
1224 1230
799 813
748 764
204 207
238 248
646 657
272 284
493 509
238 239
1615 1632
17 31
1071 1079
1836 1840
1819 1827
17 29
1496 1506
1258 1268
493 498
1173 1190
1819 1829
748 757
1853 1856
561 567
85 98
1020 1023
612 627
1020 1027
1870 1879
1836 1848
1122 1134
1071 1073
1666 1674
1649 1658
221 234
68 74
612 622
765 772
1904 1907
476 482
17 33
1292 1306
0 3
1190 1205
425 440
1190 1196
1275 1291
816 819
408 414
1751 1768
1530 1535
1819 1822
1190 1202
697 706
1122 1130
816 825
289 295
646 651
1683 1690
1700 1704
595 599
221 224
1972 1982
578 581
102 108
544 559
1207 1221
1513 1528
1156 1157
85 88
1445 1449
1428 1439
1734 1742
1887 1895
1547 1553
799 805
799 803
51 60
1360 1372
442 452
272 273
1292 1298
1054 1060
1632 1642
459 467
1207 1217
459 463
1207 1209
1768 1777
1037 1051
1122 1128
170 173
1921 1935
0 15
544 552
1428 1443
1377 1391
935 941
1836 1850
663 673
1088 1102
1411 1425
663 675
1734 1736
663 680
1275 1280
1802 1817
680 693
1462 1464
901 910
1547 1554
1292 1297
1836 1849
561 575
1666 1675
1955 1972
833 849
1785 1799
935 951
850 853
1649 1655
85 102
816 823
1717 1721
1887 1900
918 927
442 443
1938 1947
1462 1466
544 560
969 981
1479 1496
714 728
799 800
1411 1427
833 842
1564 1581
1972 1983
1479 1488
680 683
1037 1052
1955 1962
85 93
578 587
867 868
1904 1913
1105 1119
1921 1936
204 214
1768 1784
1853 1857
646 648
1139 1147
1343 1350
731 745
323 334
1258 1273
612 614
510 512
697 713
1955 1964
51 63
714 717
544 545
1683 1697
969 977
1785 1800
1734 1737
1836 1851
17 34
1530 1532
238 247
1700 1702
782 796
612 623
969 983
1530 1534
1598 1610
1309 1318
765 782
578 582
850 857
663 666
986 1003
357 367
782 791
1343 1351
221 232
1173 1181
527 533
85 101
1411 1424
544 561
1938 1954
816 832
510 517
357 360
986 991
1445 1447
663 668
1938 1943
1615 1629
1479 1490
1326 1327
272 278
1649 1659
323 326
1513 1522
612 620
663 678
816 830
884 885
493 505
1632 1634
544 546
1020 1031
102 113
1496 1509
1326 1342
1258 1264
1207 1212
986 990
1190 1203
238 250
1632 1646
1598 1614
1479 1484
68 77
1853 1867
697 708
1309 1324
1360 1361
1207 1210
1819 1823
1258 1265
221 238
1989 1997
34 41
1360 1368
1768 1769
1343 1349
1564 1569
833 843
731 732
680 684
1598 1604
1819 1821
1462 1474
1751 1766
1649 1651
255 268
408 423
1734 1749
1547 1561
1802 1809
1751 1754
901 915
204 216
663 664
1666 1680
1088 1097
1309 1323
476 490
1632 1644
1581 1594
663 671
969 984
340 342
119 129
1207 1214
850 856
1530 1541
646 650
901 911
255 265
374 383
1632 1633
1343 1345
357 364
1955 1970
1003 1018
1870 1887
238 242
357 370
102 114
833 838
1275 1283
697 710
187 197
663 667
765 771
17 22
0 14
1020 1033
1156 1172
1921 1926
255 261
119 132
1105 1114
1190 1201
1904 1917
731 742
1853 1859
391 396
1564 1577
1292 1299
1632 1639
680 688
306 322
1088 1091
1751 1758
1071 1082
1275 1286
391 407
1445 1462
1853 1868
340 343
1241 1247
952 953
1479 1492
1785 1796
1649 1662
1683 1699
1904 1909
646 663
595 604
0 1
1734 1735
986 993
595 607
1003 1015
782 793
340 347
510 520
935 937
748 753
1717 1718
1802 1816
1632 1643
527 531
1292 1302
1921 1927
187 203
1054 1071
1292 1303
1173 1185
782 785
1445 1459
1615 1631
1547 1559
408 425
1547 1549
935 952
17 28
1751 1765
1530 1545
1581 1592
306 317
1445 1452
1717 1725
1887 1899
1088 1090
425 436
646 662
102 109
884 893
1581 1586
867 872
1785 1789
1938 1948
1819 1824
255 262
1802 1810
1241 1243
663 672
1190 1199
476 483
799 814
1054 1055
34 48
476 480
1105 1110
1955 1967
119 123
850 854
1530 1537
544 548
289 291
204 221
1394 1405
952 967
1836 1846
493 495
1003 1006
1343 1354
646 656
1496 1499
1887 1901
1819 1820
1275 1278
1700 1706
1173 1189
510 511
17 32
34 44
85 96
1394 1400
1071 1084
595 612
357 372
697 712
1054 1064
68 76
1717 1723
51 62
1054 1059
629 633
1496 1504
1258 1263
493 500
697 704
697 699
765 767
391 408
680 687
1139 1151
918 929
1717 1722
1632 1636
1887 1891
816 828
969 973
1003 1019
1547 1548
1037 1040
1071 1086
1326 1333
1207 1222
1496 1500
1241 1250
1819 1833
765 780
391 393
663 679
1649 1661
1037 1048
1173 1180
34 43
238 244
1853 1854
1020 1021
1989 1999
850 863
340 345
1887 1890
1377 1388
527 543
1938 1945
1394 1396
1224 1225
459 475
1496 1511
1615 1621
1411 1421
833 846
1972 1987
1938 1949
340 357
1802 1818
527 538
1887 1903
1037 1045
391 405
1819 1830
187 189
1360 1376
1547 1563
1054 1068
85 99
1938 1953
612 629
85 87
1700 1701
1615 1623
153 156
153 170
646 653
1020 1030
986 987
85 86
1071 1074
1513 1529
578 595
901 914
136 152
442 454
323 330
238 249
0 10
493 496
272 277
391 400
1258 1261
1955 1960
51 65
1921 1925
425 431
935 945
170 184
153 169
1700 1711
1921 1932
1717 1720
1088 1092
544 557
1870 1871
629 639
1275 1284
884 887
68 70
1513 1514
782 799
255 260
510 516
1343 1353
187 196
1717 1733
340 349
1105 1112
170 186
34 51
1666 1669
1054 1070
1870 1883
255 270
629 631
1326 1329
0 5
1564 1575
391 394
561 565
1088 1089
1581 1585
1054 1058
1972 1985
850 862
1751 1752
1190 1191
833 845
1394 1407
408 415
1972 1976
187 194
1411 1416
1938 1942
425 435
1156 1164
17 24
459 474
272 289
391 403
1292 1296
561 571
714 729
884 899
187 198
1972 1979
1326 1338
0 11
1088 1098
391 397
1581 1584
221 235
153 160
1547 1550
561 563
969 975
34 46
833 839
765 781
1785 1792
1139 1155
1173 1182
153 154
748 751
1173 1174
204 206
731 735
1411 1419
1513 1525
1513 1530
1207 1224
901 909
680 690
1853 1869
986 998
1428 1435
340 353
1275 1288
374 375
1802 1808
1853 1864
1564 1578
306 323
323 325
1445 1450
1598 1601
340 350
1700 1714
1513 1526
1190 1192
425 434
187 200
1173 1177
0 16
646 652
255 264
1003 1005
969 970
1734 1746
1360 1370
221 236
102 105
1615 1626
1496 1507
51 56
187 199
391 398
1700 1717
1768 1782
1700 1710
85 97
969 982
595 606
918 933
136 150
578 586
1088 1103
408 418
1411 1423
1666 1670
663 669
1462 1477
1921 1929
697 702
1037 1049
1003 1011
1462 1467
918 932
833 847
680 681
204 212
1241 1258
1428 1442
646 654
1292 1294
119 121
1717 1729
255 269
952 958
1071 1080
1513 1517
17 30
1615 1627
1683 1693
1666 1682
612 626
136 145
1462 1476
1615 1624
1768 1781
68 85
17 20
1802 1805
561 569
1173 1179
629 646
442 459
493 510
799 809
748 763
1734 1750
153 164
1904 1920
1683 1684
578 592
1785 1791
119 135
867 881
1598 1600
459 464
1853 1861
289 296
1037 1041
1377 1385
1377 1380
51 61
1530 1542
374 390
187 190
1088 1099
1632 1649
1938 1941
306 309
1105 1116
442 450
561 572
306 314
663 676
816 831
646 659
357 371
1343 1346
833 844
1870 1885
1853 1858
952 964
221 223
425 441
17 25
1292 1293
1615 1622
1887 1897
1428 1431
1292 1301
748 761
1326 1336
884 901
1870 1884
1700 1713
272 285
1292 1295
1037 1042
782 784
1360 1364
68 79
1615 1630
1819 1832
1666 1672
1819 1831
1003 1009
1649 1652
493 494
102 115
1751 1755
918 923
799 808
901 906
1445 1460
442 456
1870 1872
1632 1638
323 327
119 126
663 670
1938 1952
1972 1988
34 40
782 797
323 332
374 380
187 204
1105 1111
901 907
1360 1366
1071 1081
1377 1379
238 251
1649 1666
1241 1248
1428 1434
544 550
1377 1387
221 222
595 608
765 779
1972 1973
1632 1645
1224 1227
170 185
884 896
408 422
1275 1292
782 795
323 339
255 263
306 316
323 328
1190 1197
238 245
884 889
850 851
1564 1567
833 835
136 153
527 528
1683 1685
1581 1595
714 727
1955 1968
1989 1996
221 231
595 601
1938 1950
1394 1404
1122 1137
153 159
1564 1568
204 218
1819 1836
1258 1274
901 917
680 691
935 939
289 292
323 340
425 429
680 685
153 165
986 996
1887 1898
493 499
1377 1386
51 52
1003 1012
1649 1665
1071 1087
476 477
1207 1216
1190 1204
1428 1444
1598 1608
153 158
1428 1437
1054 1065
1870 1878
1955 1958
680 696
1326 1332
833 840
1598 1607
1564 1570
1564 1574
323 333
1224 1233
1836 1842
1258 1270
170 178
459 468
1785 1798
170 171
1547 1558
1445 1457
289 301
1972 1989
1649 1660
51 54
1173 1176
952 957
935 938
1156 1163
1955 1969
272 280
748 754
918 928
748 749
34 42
1258 1269
1649 1656
782 790
119 125
1768 1772
1428 1440
204 213
1156 1166
833 848
1428 1445
1751 1762
68 78
476 492
731 734
850 864
714 718
85 100
629 644
867 880
1462 1463
1360 1374
170 182
629 642
510 523
391 406
1037 1044
408 419
867 870
1156 1161
119 131
714 724
1224 1236
1275 1290
527 544
1037 1054
1190 1207
663 665
1394 1403
1921 1930
51 58
493 508
1394 1411
1496 1505
714 730
884 894
1343 1348
544 551
102 117
221 225
1581 1588
85 89
935 940
1258 1267
119 124
1462 1469
272 288
1190 1198
340 348
850 861
1343 1347
1530 1539
391 399
884 886
391 404
357 366
374 382
680 686
952 954
1870 1881
1972 1977
272 276
272 275
731 733
629 638
731 736
918 926
527 530
1904 1912
1598 1603
119 120
544 555
306 321
51 68
204 205
1836 1847
170 181
527 529
255 258
1105 1122
1785 1786
1343 1357
612 621
1666 1673
1428 1438
1445 1455
629 645
510 515
765 774
714 719
1241 1253
1887 1894
408 410
255 257
1547 1557
1870 1886
340 344
1683 1689
289 298
1530 1531
306 318
323 336
1139 1150
544 558
1071 1075
901 912
1309 1320
170 174
476 485
1190 1206
493 502
1853 1870
1785 1794
714 715
1921 1928
1938 1939
459 461
1207 1213
1513 1520
1649 1664
510 527
1224 1241
1581 1598
578 584
1377 1393
850 858
1496 1498
1122 1132
578 579
646 655
595 611
119 133
1734 1748
1139 1143
680 694
1785 1787
1751 1763
1581 1596
34 35
391 395
561 570
1156 1168
1445 1454
578 588
1836 1853
221 226
714 731
697 700
1938 1940
1785 1788
1003 1004
850 867
68 72
1564 1571
1479 1487
1632 1641
1853 1865
187 202
646 647
1326 1334
544 549
1292 1300
1700 1716
561 566
1513 1527
289 304
136 151
1547 1560
986 999
799 804
442 446
1904 1919
272 281
68 80
17 27
1649 1653
1139 1145
102 116
34 49
340 341
1088 1093
527 535
1479 1495
1003 1007
1445 1448
493 504
1275 1287
0 17
1496 1513
1139 1146
1683 1692
1037 1050
1020 1037
969 974
1887 1892
68 69
986 1000
1938 1944
1156 1170
1207 1211
1683 1694
272 287
986 992
119 127
1598 1609
1768 1780
1122 1131
1054 1062
1360 1377
459 462
1751 1767
1904 1908
1020 1025
1887 1902
102 112
1088 1105
1224 1231
595 600
731 746
1598 1602
629 636
1037 1046
1836 1839
1241 1255
1105 1106
884 891
1921 1931
425 438
1139 1152
1309 1314
1275 1281
153 168
1105 1108
1411 1428
459 469
1224 1240
884 897
1955 1966
1309 1310
1683 1686
374 388
714 721
1462 1472
1989 1994
187 193
1802 1815
459 466
1054 1057
1921 1934
629 630
867 876
1071 1078
850 866
1530 1540
136 140
918 922
1972 1978
1547 1551
935 944
1768 1778
204 210
697 698
612 615
323 324
1309 1313
782 789
799 807
1666 1676
1003 1016
799 815
1530 1536
1343 1359
1462 1478
867 884
1938 1946
918 930
918 924
527 540
867 869
1700 1712
1751 1760
748 762
1122 1135
1292 1307
272 282
1564 1572
1105 1115
51 64
1037 1043
0 4
901 918
1156 1171
1564 1566
527 534
1615 1616
935 949
153 161
1343 1344
68 82
765 769
544 556
1972 1986
1428 1430
1326 1330
1598 1605
1479 1486
1190 1194
1241 1246
1904 1905
493 503
289 302
1173 1183
1768 1773
1785 1793
1683 1696
1411 1415
731 741
1054 1056
306 312
221 227
442 448
1666 1681
986 1001
85 92
459 476
1955 1956
459 472
51 53
51 57
952 960
1751 1761
1020 1028
1428 1432
918 920
1717 1728
1275 1282
136 139
68 83
867 877
612 625
697 714
136 142
1003 1020
1547 1556
1360 1369
697 705
153 167
952 969
459 473
527 532
255 272
374 385
1224 1228
136 149
1377 1378
901 904
1292 1305
1955 1959
1904 1906
1632 1637
1224 1234
1598 1599
1615 1625
1819 1834
1292 1304
1513 1523
238 246
1564 1579
323 338
476 481
170 179
1870 1874
119 122
510 524
153 166
952 968
901 908
561 573
1343 1360
1768 1785
255 256
1649 1654
1224 1229
425 428
1819 1828
1156 1167
748 750
646 658
17 18
1258 1260
1479 1482
374 376
510 519
561 564
1921 1923
1411 1414
1054 1066
595 597
1904 1921
1462 1470
1292 1308
1156 1162
748 756
374 379
425 439
289 300
1224 1239
1122 1123
1632 1648
1870 1875
1870 1882
646 660
1785 1797
17 26
1836 1838
1479 1491
102 118
884 892
1241 1254
357 374
782 783
1275 1276
1479 1494
357 363
561 576
51 66
1445 1451
1377 1383
238 255
1836 1844
153 157
306 311
612 616
1700 1705
1411 1413
408 417
0 6
85 95
799 801
221 228
1377 1389
51 55
34 50
1598 1613
1071 1088
153 155
357 373
1666 1671
680 697
1003 1014
1598 1612
1105 1121
476 489
1428 1433
697 711
1343 1358
765 776
17 21
1479 1481
595 610
1394 1399
1224 1235
884 895
374 389
1054 1063
1156 1160
544 547
1564 1576
714 722
612 613
1496 1508
952 963
1139 1156
391 402
578 580
1020 1026
374 391
425 437
1411 1418
1173 1186
527 539
799 811
306 320
646 661
34 39
306 308
918 925
0 2
595 596
782 788
0 13
374 378
17 19
561 562
0 8
1666 1668
1734 1744
408 421
561 578
493 506
1088 1100
1683 1700
1020 1024
1734 1741
1020 1036
1785 1802
1105 1118
1309 1316
901 905
1581 1591
680 692
1394 1408
697 707
1156 1159
238 253
221 229
850 860
408 411
1139 1141
1156 1165
1309 1312
1921 1938
1564 1573
408 420
255 266
969 985
1173 1184
1615 1617
1394 1409
1870 1880
1394 1402
1666 1677
1445 1456
884 898
1088 1104
1411 1417
51 67
85 94
1904 1911
901 916
527 541
1802 1803
340 354
1428 1429
1360 1371
68 81
85 91
204 208
238 243
1496 1497
1105 1107
34 45
136 138
731 743
68 71
714 723
170 176
408 412
1717 1732
