2000
379 1057
726 1149
1407 1920
413 654
1217 1656
130 1130
192 873
255 1364
472 509
256 1447
7 542
700 1210
58 159
1008 1784
592 1357
680 1664
1809 1840
7 1042
232 1389
1228 1785
460 1585
1123 1570
652 1276
115 1276
543 1179
744 1361
481 788
599 1261
687 891
128 1217
257 1785
700 803
5 1161
407 1050
143 403
118 890
1254 1452
1428 1635
982 1367
1279 1492
410 1489
1376 1570
35 1599
212 652
1410 1837
231 1819
130 1277
845 1008
1021 1929
314 1903
403 1871
36 130
958 1116
1486 1790
1076 1608
212 1720
767 1819
34 963
500 1517
140 1676
1572 1651
381 1627
1383 1475
696 1546
403 1060
249 912
1094 1217
37 1283
1442 1474
651 1346
1539 1651
744 859
1035 1129
1050 1992
11 1091
40 1590
701 1579
37 1624
68 1447
59 1544
130 1674
907 1903
3 1946
500 1817
475 1731
736 1731
1697 1819
917 1447
84 704
358 1654
889 947
1608 1814
452 980
198 873
291 684
207 255
359 398
84 854
652 1608
820 1731
684 1331
86 367
1558 1604
320 789
1124 1481
829 1559
776 1778
1499 1548
687 1916
7 1078
1065 1946
510 1837
1566 1936
1460 1732
455 1279
1209 1881
748 1481
84 1238
1231 1914
556 1672
1165 1654
381 1744
1651 1841
621 1822
1051 1349
1455 1570
1405 1945
84 690
1050 1710
320 630
86 1417
1429 1690
55 829
157 206
413 1710
92 1482
658 1451
732 1464
279 531
46 1905
1691 1920
733 1179
99 899
741 978
667 829
230 1548
889 1921
738 958
1064 1548
1377 1558
166 700
684 1623
555 1037
1120 1920
144 479
410 632
757 1051
7 490
741 1648
578 1144
687 1001
1405 1420
1030 1591
361 1259
1015 1970
261 1429
790 1772
1009 1050
1324 1585
782 1732
53 889
744 1157
1405 1596
165 1903
700 1792
1288 1608
592 984
411 531
1785 1800
577 776
621 752
905 1051
1239 1957
391 1091
705 1405
413 877
13 1624
290 1144
1148 1523
1353 1780
1002 1599
334 1558
454 1429
1276 1704
696 778
825 1144
86 113
275 1772
141 995
1045 1159
157 821
124 1760
1095 1520
1353 1906
574 1152
58 886
1458 1664
1133 1644
740 776
1260 1486
60 1570
176 1326
812 1383
1145 1395
658 840
986 1931
857 1200
92 1105
469 878
1019 1405
500 1166
1464 1696
46 742
13 147
1734 1819
884 1148
1495 1544
130 1986
738 1630
728 1474
1041 1641
1730 1886
621 1534
1544 1680
413 1616
1086 1129
638 1149
84 1361
1294 1903
84 702
1013 1353
791 1389
1369 1946
45 58
381 1549
266 601
227 1585
866 1447
320 958
592 1330
797 1095
107 1116
1483 1486
58 1461
1067 1209
660 1051
464 1819
1395 1649
1015 1560
40 1849
583 1481
308 1423
373 1041
805 829
700 960
899 1359
850 982
929 1389
1008 1547
1353 1355
1232 1544
1428 1624
266 1706
814 1149
54 1051
162 359
635 1037
212 649
1200 1769
421 1384
1300 1401
1118 1209
283 1306
652 1179
62 1057
413 1988
738 1185
46 191
330 430
882 1464
574 1557
517 1837
1144 1472
1555 1564
500 1774
470 1206
889 1959
266 1551
1129 1375
1837 1940
317 621
509 1829
361 619
557 1544
283 1766
1224 1488
1516 1651
684 1941
1447 1710
255 504
240 521
699 982
1015 1932
1010 1772
1149 1652
458 912
1276 1394
1179 1187
298 1057
481 1944
283 1624
343 1654
1041 1373
696 1870
377 1772
750 1772
232 1654
1224 1525
873 879
148 1886
1382 1383
698 1091
1159 1364
592 1973
958 1558
368 1447
829 1364
686 1395
1091 1541
1536 1687
13 1023
509 1487
656 1179
331 1931
46 1933
734 738
348 1732
34 260
1479 1544
470 1121
1077 1903
592 1782
687 1673
40 1620
1346 1671
58 911
500 948
696 1521
838 1651
141 329
1103 1279
1395 1874
20 1129
498 1731
395 1676
240 353
410 1360
1217 1507
700 1786
632 1760
63 1936
738 746
487 1570
1262 1474
511 599
779 1041
171 1984
632 1279
1041 1971
920 1384
1129 1372
320 1669
715 1429
1149 1511
320 1883
1361 1886
268 1200
186 1903
1209 1657
130 1338
413 739
8 1984
1133 1896
247 1389
1305 1395
700 1868
1015 1812
582 1570
574 958
684 1991
687 1721
58 547
776 1681
1389 1433
756 1159
339 1383
664 1984
1083 1914
1051 1364
141 573
687 1298
1148 1902
310 1676
571 1486
1392 1687
234 240
682 1687
40 516
144 1710
531 1857
1353 1476
223 1217
1608 1773
450 696
1279 1315
613 1401
95 1558
641 1608
1553 1840
13 301
1080 1209
471 1732
958 1015
157 1981
570 632
283 306
144 1003
1020 1116
851 1148
864 1946
299 1676
1422 1840
1091 1386
599 1137
621 1550
526 1353
37 1088
108 1886
669 955
170 283
422 1452
1464 1897
57 1239
242 1785
69 1687
97 1057
46 1670
701 773
403 523
430 1610
157 1779
570 678
1558 1650
878 1326
937 1383
556 1765
283 894
346 500
430 961
997 1159
545 1144
1153 1486
440 1732
221 1021
1346 1540
528 1159
252 1353
688 1469
1279 1919
396 741
1558 1838
481 550
381 795
37 927
37 852
194 701
531 999
869 1209
1095 1247
1085 1654
222 1021
1057 1934
304 1200
592 836
266 402
731 744
889 1751
40 134
652 1021
400 1423
1150 1486
1379 1931
1180 1731
40 106
1413 1555
1039 1144
586 1936
1353 1911
903 1428
150 1149
574 1923
321 1346
463 1654
531 769
44 141
469 1364
406 1057
403 1139
264 980
941 1772
1363 1464
7 1503
462 1133
277 599
320 810
1015 1783
266 636
775 1051
988 1095
1599 1898
826 980
1574 1886
240 878
665 1051
324 1091
716 1555
640 1395
1129 1457
7 1894
141 617
189 912
240 1833
327 1544
658 1789
417 1041
1426 1654
531 1624
232 469
1585 1798
1603 1914
1204 1920
1017 1133
1321 1676
696 974
203 403
696 1844
1562 1914
744 1325
388 1116
381 1218
567 1279
130 1312
1051 1278
5 1155
537 1008
652 1599
105 701
84 1416
556 1176
410 1125
404 481
83 1217
890 1618
461 980
302 873
144 1033
469 1624
1108 1664
688 1365
1423 1467
632 1591
930 1224
1095 1388
40 486
366 470
1464 1710
46 185
1322 1984
878 1903
1265 1984
621 883
1205 1886
959 1570
430 1614
898 1946
1169 1464
1091 1818
1609 1886
5 569
218 1837
1398 1428
1149 1904
570 1071
436 1405
932 1548
46 469
1004 1599
862 1057
524 741
633 1931
240 1242
695 873
622 1129
1062 1239
998 1051
428 1224
738 1337
890 1686
591 1389
34 1624
37 1249
1006 1570
1096 1429
22 1095
359 993
297 1389
1484 1570
86 1875
1183 1486
570 819
1760 1854
776 1110
240 1162
556 1677
341 1159
847 1405
1159 1194
1785 1882
700 1097
1041 1925
46 1901
13 1069
1089 1353
129 144
320 1714
104 890
37 645
1037 1354
182 1395
361 792
1057 1595
1401 1508
532 1326
499 1401
531 538
958 1423
556 1924
364 1423
1015 1522
588 1486
14 912
144 871
1116 1979
381 1867
64 1676
607 1785
58 142
9 37
212 457
956 1428
500 717
413 1705
632 890
968 1050
918 1772
1217 1942
141 1842
612 1429
1848 1946
72 1664
1148 1543
1555 1860
5 71
955 1364
320 964
684 975
829 875
5 1863
912 1424
955 1380
1095 1852
413 443
266 1225
172 1464
1068 1558
1063 1964
239 1217
315 403
157 1804
37 225
1608 1736
13 1128
559 1383
359 652
442 1837
500 870
1531 1591
1599 1611
1224 1830
913 1159
548 1819
1423 1873
283 551
361 425
1346 1361
1687 1980
1346 1823
706 890
345 403
212 817
936 1148
1364 1548
564 1159
1748 1785
1732 1746
266 1624
509 1347
1292 1819
232 430
787 1239
238 955
1090 1819
741 1535
433 1423
878 1731
116 899
13 1443
164 873
1405 1711
429 1428
61 1886
282 1021
1173 1664
1148 1402
1629 1664
322 1464
1132 1548
138 1558
1676 1961
37 925
410 1025
1133 1758
114 1423
262 776
1101 1599
572 1946
500 831
17 1383
1272 1428
1037 1567
325 500
1144 1348
658 1055
1087 1591
1179 1427
1276 1619
1914 1967
1585 1742
525 1008
1383 1710
1401 1701
776 1317
688 1034
1740 1920
25 1041
144 1151
1452 1537
1196 1279
1179 1856
413 868
599 881
240 494
333 531
878 1837
592 1865
687 1192
58 1361
889 1323
1008 1465
1050 1723
283 822
81 1224
34 846
86 1490
1202 1429
296 1687
410 595
1229 1772
403 1707
1091 1581
1209 1361
618 1548
381 520
255 951
13 863
201 509
1135 1599
650 829
688 1099
86 1098
912 1112
98 741
1167 1570
860 1931
33 744
749 1383
276 1346
305 1383
1200 1219
632 1555
780 1217
161 873
390 700
245 912
1049 1936
255 1777
376 1116
684 1913
120 1015
1474 1743
37 1316
1015 1397
1276 1749
681 1159
1439 1914
470 1753
1722 1931
13 1739
909 912
283 1675
86 1497
621 1660
723 1276
235 1651
741 1301
535 556
892 1095
1326 1438
684 1918
359 672
887 899
413 1358
92 713
144 950
359 480
1144 1542
621 1989
798 1840
514 621
1544 1937
972 1474
1383 1712
599 600
255 1584
473 744
744 813
40 73
1095 1387
34 1281
1239 1719
470 878
659 1224
361 1978
1390 1920
658 1195
1091 1400
359 465
89 481
744 1996
92 1710
435 1133
1239 1569
939 1209
621 994
1036 1063
531 1631
160 1544
1279 1756
477 1133
122 570
232 1664
1129 1880
743 1474
708 1760
65 1676
86 632
50 912
232 1405
232 684
1591 1684
410 657
1008 1131
899 1147
621 1364
1276 1885
624 1144
58 721
112 1481
502 1654
469 1361
470 800
48 829
1276 1515
1116 1612
500 865
910 1429
554 1936
1193 1608
130 174
979 1591
361 1339
668 1217
933 1819
632 1819
509 676
92 1170
861 1903
1159 1899
240 1763
357 556
240 267
468 1428
592 1223
1384 1948
1248 1474
658 1628
980 1304
809 1050
92 674
1538 1651
741 1895
1057 1361
873 1724
212 1431
629 700
755 1481
1144 1184
1573 1651
10 700
1732 1828
1676 1893
599 1191
46 287
599 1642
1257 1384
1215 1474
878 1224
251 1837
130 505
58 973
1224 1846
1063 1710
878 1914
144 1266
34 43
470 1927
1144 1174
1116 1126
430 1290
253 1447
163 1276
56 1591
954 1984
456 1608
770 1819
84 1172
86 439
1276 1385
684 888
982 1820
266 616
361 885
307 1384
1452 1887
187 741
829 946
1057 1532
802 1346
1558 1847
58 1586
85 1021
92 1190
284 741
495 1224
1332 1886
157 375
16 1608
1715 1731
370 776
394 500
921 1903
1295 1599
76 1144
1436 1664
1401 1606
1113 1914
648 1148
168 1732
1405 1953
470 1478
74 1785
1028 1401
401 1428
673 1423
1041 1361
49 621
1063 1399
157 688
387 1760
828 1481
382 1840
701 1296
37 1307
13 369
738 924
589 1041
141 771
320 1813
361 631
410 1186
414 955
1915 1936
605 1063
753 1401
126 255
553 1464
1364 1486
75 1429
269 889
470 493
84 1639
1114 1452
1203 1903
1464 1621
84 1477
381 1605
626 1654
413 923
570 1046
700 1448
541 1570
92 1708
1178 1931
320 919
718 1608
741 1597
250 1914
274 1015
40 724
332 381
34 1208
556 806
1310 1920
416 1041
1279 1966
1447 1600
130 1710
283 1268
127 1447
481 1285
1815 1837
266 1270
232 481
266 1625
190 980
982 1273
1287 1772
84 1519
405 1481
1057 1344
459 1133
1021 1692
889 1589
1037 1473
34 371
897 899
354 1731
1914 1938
212 1518
283 1767
430 1234
381 1602
12 1840
1015 1216
1106 1599
393 912
1555 1947
1200 1504
890 1356
415 1558
1405 1807
1133 1361
980 1575
1241 1591
5 1862
155 1452
1214 1946
867 1486
873 1985
177 1946
684 967
29 255
1209 1409
212 1073
893 1239
5 1318
1513 1760
1805 1886
1481 1843
568 776
1687 1861
1745 1785
509 1665
359 507
144 336
237 1664
139 592
1057 1811
232 1353
531 1177
92 615
320 1702
2 34
1693 1837
585 1428
1037 1115
100 1429
652 1931
703 1544
1378 1591
179 701
1423 1752
266 323
211 1984
556 977
157 1510
1430 1732
232 1732
503 1395
873 1726
592 1199
15 1931
1664 1845
1452 1658
1826 1984
232 1474
32 1760
1396 1903
1389 1926
243 1116
1091 1138
212 1999
78 899
889 1237
1271 1687
730 829
1710 1984
1892 1920
890 957
874 1920
266 1220
1031 1548
1008 1624
196 1276
581 889
688 1733
1116 1529
744 1955
212 1972
228 1760
1594 1819
1389 1695
1309 1395
515 1224
23 1037
1149 1788
1050 1345
1053 1353
293 592
448 687
13 1588
212 259
565 1384
701 1794
212 1613
184 889
692 1129
1104 1326
300 982
658 839
240 1997
132 255
741 1425
912 1297
574 679
1091 1565
144 772
0 599
430 512
266 271
945 1760
1143 1452
844 1772
835 1217
1021 1263
360 1558
1164 1920
980 1501
527 1474
1243 1920
84 286
570 1659
1102 1239
576 1452
86 1371
574 1580
233 1149
647 1819
1651 1968
103 1760
335 658
1384 1494
403 953
318 1057
556 1364
210 1731
144 662
199 687
21 982
604 1224
623 700
219 1015
1716 1946
6 1050
556 602
904 982
46 1587
652 1920
658 855
1676 1755
558 912
337 574
608 982
509 1240
1054 1474
283 1994
709 1452
574 1252
40 278
34 1771
381 688
241 955
386 1179
361 632
842 1760
144 236
1840 1917
244 890
598 1129
1555 1908
1384 1832
255 1291
110 696
1481 1810
240 409
181 1914
1384 1526
1050 1299
403 958
1326 1454
38 1057
347 1346
469 958
1129 1498
1732 1995
1346 1636
687 1406
217 361
40 309
685 1395
737 1599
1052 1095
632 1144
46 1578
1091 1366
531 1333
1423 1667
188 1651
501 1133
506 570
534 829
552 1384
5 652
1148 1364
5 220
658 1470
725 1133
34 981
758 1676
592 1092
46 807
13 634
603 955
58 519
666 899
1687 1694
1364 1676
1107 1555
481 1834
969 1276
848 1760
1091 1956
1008 1450
492 1326
397 1037
7 1368
92 970
197 738
7 431
563 621
658 1759
470 1432
359 420
381 1977
1320 1785
1687 1853
980 1364
744 824
1008 1962
1718 1920
444 1063
320 1754
451 687
361 1453
594 1389
614 1423
141 1770
878 1239
1209 1679
42 1200
183 413
696 878
1200 1462
639 1389
899 1998
67 1401
801 1116
403 1975
438 531
1041 1640
1133 1930
101 1687
255 1689
212 344
483 1481
1122 1224
24 40
413 1698
1449 1654
574 1074
1361 1936
546 701
1313 1903
889 1466
1222 1389
599 1764
688 1768
1050 1079
214 1474
383 1914
889 1710
349 1585
955 1750
37 901
265 955
86 1633
982 1258
1661 1936
270 410
1188 1840
700 1361
1505 1732
1149 1221
714 1428
1163 1840
1334 1544
1235 1936
31 1239
727 1179
34 1374
385 1129
470 1289
652 1129
710 829
51 359
1500 1591
556 1058
1687 1710
481 1910
570 1943
751 1021
1008 1341
289 1555
82 1591
720 912
224 531
470 691
611 1149
989 1389
5 1781
248 899
1548 1646
776 1361
156 1591
28 1585
46 1626
5 1552
1200 1527
609 684
955 1850
1428 1950
263 1405
255 1983
489 1346
374 430
173 1585
1056 1903
570 1070
1418 1903
39 1050
688 1703
701 1624
1015 1808
340 1401
644 1731
912 931
204 1095
1383 1683
873 1827
531 1435
738 1081
434 531
467 1429
1664 1776
858 1599
832 873
408 1063
469 652
84 303
37 799
1335 1447
131 570
1021 1890
711 1984
982 1879
580 1041
130 896
1179 1737
1608 1775
1093 1129
133 889
481 1207
980 1787
693 1886
141 1437
280 1984
1008 1793
1050 1282
1279 1617
342 1326
958 1840
1246 1664
1563 1651
829 1900
292 430
1456 1555
157 1502
426 1936
677 1481
403 1717
971 1481
776 1381
1142 1687
1415 1481
1342 1585
313 1548
246 320
1319 1401
232 1452
389 1558
566 1346
102 696
351 509
427 890
687 1255
1008 1888
7 432
1144 1267
285 481
880 1772
86 786
843 1401
926 1591
761 1209
137 1447
474 509
157 853
410 1327
92 123
141 958
982 1119
1877 1886
1514 1760
872 1599
906 1159
783 1037
1109 1570
841 1486
359 560
652 1651
763 1837
445 1224
470 1471
1762 1984
361 1350
1227 1903
381 1198
606 1946
1463 1464
130 935
570 1421
599 1370
355 687
1154 1555
529 1021
592 1592
40 958
58 1655
266 1043
478 1931
876 1037
1011 1383
774 1384
92 121
784 1063
1264 1395
130 575
684 694
1148 1253
180 1148
1127 1936
688 1182
1239 1311
1117 1654
1160 1486
1026 1041
530 1063
1209 1230
109 1395
643 1819
7 1018
34 1440
1 1383
1353 1824
574 1601
900 1209
88 1159
556 620
712 1914
536 1015
40 1889
696 1761
942 1608
1401 1872
597 1936
590 599
255 796
361 719
1423 1688
255 1352
41 1428
556 1796
509 1168
430 1577
87 1654
141 1866
522 1159
1423 1491
117 1276
955 1362
776 1072
878 1095
1464 1480
1061 1548
1914 1990
1571 1760
1445 1452
1414 1447
469 1570
1725 1731
509 1643
540 1008
744 745
1179 1593
1302 1570
632 1481
70 1931
777 1037
119 744
1608 1876
561 1021
320 1634
430 1987
837 1931
316 1591
754 1772
195 1837
890 1236
350 1149
149 1591
58 319
579 1149
1286 1651
46 484
86 145
151 592
481 1134
144 689
768 1664
1063 1496
86 1963
1144 1329
764 899
500 1949
655 1732
1111 1179
359 833
141 637
215 1914
208 1429
556 902
1405 1806
642 1116
7 77
1459 1772
1340 1558
632 1544
1326 1583
518 570
992 1209
4 1095
912 1361
1328 1548
1148 1175
154 212
272 621
1149 1361
696 1000
741 762
990 1200
1351 1886
1395 1624
84 1678
141 1201
1836 1931
738 1727
58 707
1682 1946
1395 1735
1544 1576
361 1211
359 653
1274 1346
359 1939
1027 1486
849 1389
980 1275
419 684
362 1664
1050 1638
1700 1946
141 1928
27 34
92 962
1353 1907
570 996
781 1585
232 687
949 1063
135 1116
765 899
804 1464
574 1855
670 744
1129 1969
273 1936
766 1548
701 1747
283 987
966 1984
359 533
320 399
1464 1666
599 1831
418 1051
453 1063
92 96
328 1837
469 1710
5 549
1279 1869
1599 1878
1585 1624
815 1687
410 496
980 1993
7 1710
587 1063
240 1048
574 1554
878 1772
1607 1651
469 632
1244 1326
661 1452
684 908
738 1404
1419 1785
254 1548
130 447
816 1095
1156 1217
1951 1984
1384 1624
18 1051
701 735
1293 1346
5 1685
283 759
991 1447
356 741
744 1741
430 1912
1133 1393
943 1179
785 1200
539 1063
294 1159
1063 1637
658 940
500 1710
1353 1982
1037 1729
688 1801
485 1837
7 1066
403 976
1474 1524
688 938
701 1047
153 410
625 1687
1040 1731
701 1075
441 1936
470 1653
146 980
1200 1212
26 1429
701 1032
688 1512
158 1037
1197 1840
610 1731
1279 1280
80 1116
593 1654
890 1859
13 1189
410 934
1140 1651
90 1429
466 658
13 378
509 1622
5 1303
167 410
1555 1632
37 1044
1599 1816
175 574
288 1326
47 658
1486 1825
1797 1931
1051 1561
92 216
592 958
683 873
980 1024
497 696
40 1446
193 500
326 1486
136 1931
1007 1447
632 741
878 1401
1408 1428
878 1037
1005 1936
363 381
652 1785
983 1474
144 1528
205 1405
1250 1840
372 413
671 1148
361 663
1021 1022
1217 1364
914 1760
352 955
1343 1946
240 1960
697 1179
111 1840
827 1383
84 1158
982 1647
13 1699
776 1615
1308 1346
570 818
873 1364
889 1839
1326 1757
1084 1239
509 916
1217 1493
1136 1731
830 1840
811 1384
437 1148
915 1819
430 1958
94 1395
627 1353
1133 1935
1141 1405
596 688
1051 1795
1568 1654
1731 1976
1411 1555
93 1384
1314 1423
30 1276
52 481
1965 1984
1728 1785
687 1858
899 1545
1181 1585
130 1668
944 1570
1149 1171
658 958
1434 1664
157 1891
646 1785
7 209
955 1864
86 1835
544 1326
1016 1148
628 1200
202 1224
794 1133
392 1840
1239 1403
574 760
19 283
738 1226
178 1654
1200 1391
982 1974
169 1326
1624 1946
890 1884
312 1544
955 1556
584 1057
1468 1555
7 675
574 895
212 1284
424 1585
481 1821
890 1851
1401 1952
834 873
1012 1239
213 1732
446 1886
890 1233
200 738
482 1920
232 1200
738 1029
1021 1213
46 258
430 1059
562 1558
1544 1738
469 899
1608 1922
240 1791
1785 1802
381 412
157 295
1116 1663
599 1624
776 1256
449 776
1209 1582
829 965
152 1676
34 125
141 823
66 1015
232 1091
1389 1598
1038 1886
513 980
338 621
410 952
1091 1509
793 1384
1051 1485
922 1095
365 1920
1452 1954
469 688
958 982
469 509
1279 1909
488 1676
1713 1732
722 1452
491 1481
696 1082
476 1772
1279 1530
829 856
403 1645
1014 1428
1146 1179
747 1585
229 700
696 1662
226 1555
255 1441
652 1429
380 1676
1245 1474
470 1799
384 1037
79 899
481 808
5 1533
413 1412
266 1709
508 1050
1041 1506
1251 1585
985 1548
1336 1837
1021 1100
91 738
1008 1269
599 1444
955 1803
423 1239
729 1447
281 1217
701 928
311 1326
