2000
1015 1885
353 1472
383 467
705 1492
219 1927
68 1251
290 1215
9 629
331 524
421 1902
87 1901
1283 1982
264 1932
431 1041
746 772
457 822
1551 1901
546 666
290 462
1375 1378
1029 1527
1491 1775
663 1708
663 973
464 1165
834 1365
290 1572
66 1624
813 855
709 984
600 721
615 857
1271 1542
272 1758
353 1753
168 333
430 628
507 947
185 1962
1419 1471
972 1909
583 806
1384 1466
435 1543
1466 1853
1605 1678
307 784
1004 1550
150 1661
26 593
383 1196
109 760
1039 1523
285 729
71 624
839 1203
383 630
876 1066
406 1018
596 732
802 1911
118 834
268 1538
1759 1885
6 1317
147 1561
362 1413
546 1371
1066 1726
331 783
12 1202
126 1134
515 671
624 1364
19 1021
38 220
411 445
723 1684
775 1094
886 1527
198 598
87 732
741 1120
861 1312
99 1290
477 976
126 360
41 674
150 1280
617 1786
1880 1911
1383 1901
212 441
100 771
407 1407
290 1109
119 996
826 1527
261 280
865 1982
28 615
212 661
1428 1575
427 1378
363 892
629 727
512 1758
1125 1911
445 1637
1201 1321
1781 1963
1781 1977
1335 1967
305 1769
12 343
839 841
1142 1550
629 1375
1263 1413
1063 1600
372 985
231 531
83 760
1308 1541
291 1075
72 396
819 1063
181 628
875 1487
123 1962
862 1012
1012 1657
1510 1729
602 903
760 1448
87 285
1035 1308
1077 1746
741 1275
839 1916
995 1931
329 580
1836 1997
331 1681
15 684
310 1844
127 662
127 883
771 1322
1205 1967
330 447
63 1677
1717 1798
291 1126
912 1679
117 1854
855 1056
330 1809
794 1245
863 939
423 839
965 1466
115 1463
619 806
295 861
1880 1927
399 1216
233 823
264 425
940 1912
12 1182
807 852
684 1258
120 1858
1728 1738
1062 1369
457 1405
1260 1962
399 1137
747 1058
970 1684
310 503
482 1450
318 673
1255 1538
443 533
1093 1550
371 990
1012 1664
1013 1183
261 1373
458 912
67 646
396 958
1317 1892
173 396
264 1631
1747 1748
498 1728
790 948
761 1466
70 1775
990 1773
1352 1487
1428 1469
795 845
67 710
718 1369
548 1931
525 1711
124 1407
617 763
326 445
530 1271
996 1446
627 721
151 1997
1021 1546
839 914
555 1564
1758 1993
1411 1775
461 1050
499 668
664 752
852 1377
948 1537
515 1467
621 1349
1511 1527
778 1543
414 1747
263 1925
290 645
463 664
188 464
1012 1539
620 1531
212 949
89 1983
642 806
225 1077
663 1284
257 1967
1128 1148
63 1206
318 1104
465 1223
737 1267
1596 1758
399 1872
265 1012
457 728
25 126
207 1611
628 1432
1375 1758
476 546
1878 1886
1291 1472
67 1277
684 1959
290 1496
609 885
255 834
1055 1869
1602 1649
629 1830
1440 1798
184 1472
406 426
12 1495
1058 1778
812 1334
1267 1518
397 1308
491 771
1241 1678
1088 1775
1046 1809
834 1194
1592 1758
983 1213
956 1983
261 1896
980 1983
1698 1901
1349 1743
120 719
108 353
431 1848
627 892
264 1243
1044 1340
1809 1854
627 1349
1531 1700
94 1882
1645 1962
990 1658
771 1022
559 972
515 1795
296 1223
889 1752
310 483
1036 1395
1114 1752
664 1687
495 741
345 939
206 1413
94 125
593 1479
194 291
698 1030
252 1066
329 1319
402 1094
281 912
1291 1833
795 1630
232 340
615 1472
1617 1922
1678 1990
170 725
1058 1809
148 1402
45 940
1564 1647
333 1696
199 939
1474 1832
257 1050
1752 1772
976 1391
56 1251
1030 1843
746 1439
861 1861
1301 1927
1271 1809
639 1523
150 1588
330 1888
7 1819
997 1395
1466 1472
771 1971
821 1624
1271 1940
931 1094
714 1747
789 1450
27 939
71 1096
1561 1652
399 1620
103 982
566 1066
1586 1900
232 1938
103 1390
796 1096
330 1807
515 1618
82 760
721 759
962 1063
94 1000
335 383
237 1128
676 1781
1612 1902
804 1983
1021 1610
556 757
229 1275
1050 1306
1429 1523
589 1281
212 923
710 1369
1407 1763
261 613
757 1244
617 1847
893 1128
453 976
1498 1982
855 1209
240 629
522 1402
41 840
1021 1321
122 1063
1186 1925
573 1611
330 334
1204 1378
1189 1752
184 1289
574 1898
251 1997
174 1223
1402 1947
897 1523
1527 1960
41 1101
431 711
981 1564
1517 1915
81 591
150 928
1625 1925
1097 1902
443 543
126 144
515 734
560 1543
437 806
948 1167
135 353
1397 1419
1128 1343
1096 1190
806 1579
1849 1925
27 1317
1096 1659
1014 1178
17 1021
629 652
1487 1933
1120 1884
138 1492
184 1567
62 794
339 794
127 682
310 902
1037 1317
531 1211
545 1077
527 709
41 836
30 766
687 1775
972 995
823 1472
1604 1902
624 1337
806 1809
333 1828
1538 1966
464 1764
1120 1719
1213 1533
260 609
12 1809
732 1794
1378 1953
1571 1898
792 1624
707 892
166 507
938 1395
297 1317
27 1094
912 1459
275 1094
1168 1527
86 1561
1747 1994
48 771
133 1747
184 191
751 1885
1624 1749
431 1697
628 866
1492 1505
531 1310
692 1378
365 823
1523 1955
778 811
257 602
81 1336
264 1516
314 1525
473 593
812 1640
121 1982
954 1466
1077 1969
1119 1684
94 1220
1678 1790
972 1192
629 1566
464 562
1374 1997
359 1517
809 811
1156 1725
310 497
220 944
7 348
939 1737
1023 1349
1487 1672
57 1055
431 604
91 291
202 1308
1308 1988
974 1775
1395 1785
353 553
1110 1466
444 948
611 1058
664 1668
257 1678
307 579
103 1288
749 1055
892 1576
381 1510
418 1775
71 794
606 1877
318 1031
113 150
732 1674
816 1885
495 1425
1321 1925
627 1055
799 1402
935 985
23 1886
593 1589
257 1798
741 1982
310 1095
844 1624
1027 1200
758 1624
1223 1788
310 778
823 1554
193 823
331 767
1663 1911
485 861
333 699
995 1044
33 310
1407 1755
1413 1491
1223 1594
126 189
69 406
311 396
406 1321
838 1428
971 1120
519 1290
41 1472
330 951
137 243
429 1094
198 1347
8 1728
773 1728
912 1834
176 515
1012 1880
1030 1768
87 515
1483 1798
861 1718
1611 1868
1502 1728
71 1201
834 1375
659 1758
114 1267
880 1317
515 869
1369 1713
1501 1931
651 1463
663 1655
496 985
1715 1885
735 1832
198 1485
81 1529
709 742
1012 1570
744 1328
1758 1856
791 1775
22 1019
811 1313
316 892
757 1375
346 1155
232 1224
94 1897
261 1524
235 1021
443 564
264 1597
615 1499
218 996
330 657
210 1728
87 1201
192 1550
1120 1583
81 1393
171 1711
319 1902
396 1951
795 1695
1727 1902
811 1846
443 847
1450 1920
150 341
531 1942
307 1999
746 1146
664 987
663 772
1857 1877
305 1957
823 1739
1624 1779
330 1650
366 624
768 1752
256 1063
1083 1120
22 850
273 744
401 1050
1257 1922
1321 1886
445 1722
244 495
1308 1912
400 1369
299 1747
1435 1487
178 664
1561 1998
812 1400
916 1931
1131 1911
617 814
912 1141
290 1409
383 1789
51 1175
1314 1428
223 507
1268 1910
283 1066
243 342
810 1517
936 1050
772 1752
1105 1885
107 1982
1160 1466
945 1911
710 1684
1510 1792
811 1705
204 307
632 852
87 985
1294 1967
495 703
289 1349
1055 1085
834 1513
52 103
1389 1854
243 1831
14 615
1128 1986
1854 1908
939 1512
198 856
76 1450
389 985
36 839
764 766
22 991
628 1826
406 675
87 1877
406 950
318 946
1553 1902
557 1538
1445 1983
264 741
1120 1161
520 1251
1275 1961
507 1689
655 664
1208 1378
668 1912
771 1076
531 1302
627 1902
1536 1543
445 1607
1155 1452
868 1044
1880 1885
1308 1812
374 399
77 1967
1680 1922
170 1354
590 1428
13 1349
924 1525
849 1910
1180 1781
1381 1684
993 1395
1646 1911
5 318
1724 1925
882 1178
1308 1987
170 224
709 805
1521 1602
92 1156
629 929
1353 1369
212 1262
170 1829
720 1155
408 1531
824 1886
1028 1758
63 1361
912 1881
150 1321
602 1436
1444 1781
90 445
1484 1885
386 628
531 1671
861 1803
399 995
43 709
464 622
992 1096
443 1867
1096 1177
972 999
1058 1598
686 1349
899 1898
285 547
67 1623
333 995
353 1714
211 1027
479 629
1428 1491
1402 1822
7 379
390 1044
239 677
510 668
552 1752
976 1106
495 1172
261 1187
746 1682
495 1639
254 1251
87 443
22 328
839 859
285 777
672 795
1050 1742
383 1912
1077 1491
22 1426
220 907
745 823
1344 1550
287 940
451 1402
105 212
575 1055
972 1968
399 1985
1077 1315
1049 1543
663 1382
592 1450
1450 1662
539 861
157 170
864 1267
376 1550
975 1450
50 912
697 760
534 1281
22 1059
794 1824
1178 1333
216 795
40 1251
852 874
1487 1488
1678 1904
932 1491
209 318
1156 1470
933 1094
257 1156
7 484
243 1949
681 1291
746 1113
67 492
127 436
1525 1814
175 1832
978 1877
690 1922
457 1279
939 1557
1226 1317
434 1543
1404 1525
794 1676
293 1058
7 1581
284 329
593 1038
1071 1925
134 1983
495 1207
264 1123
1074 1684
1044 1181
1094 1796
457 937
1077 1231
1026 1155
387 1428
1463 1666
1475 1550
932 1201
278 1271
750 1962
63 988
615 1939
892 1644
732 1665
517 1684
754 771
1523 1841
177 1877
1044 1184
772 1223
290 778
164 1178
438 1267
220 1321
617 1442
760 1801
474 1525
103 459
1419 1751
170 1067
794 1723
912 1894
27 1201
1163 1183
628 927
989 1223
12 658
1419 1776
248 1523
1238 1752
1012 1632
2 431
867 1027
150 1582
715 794
1122 1510
333 1862
396 911
1040 1798
41 1733
1291 1669
103 886
184 1248
420 1711
746 986
546 837
456 664
518 855
232 1305
786 1407
584 1096
721 1956
766 1944
259 1538
1378 1973
149 399
431 1506
1052 1922
1213 1408
1304 1832
212 1252
198 1929
150 327
432 1611
243 1744
912 995
217 329
392 668
638 834
0 1877
143 1925
112 353
331 1817
704 760
554 1561
972 1098
1564 1628
839 955
1608 1927
1282 1378
27 198
161 1030
1710 1911
27 1922
709 1839
940 1159
464 756
709 921
1136 1525
594 668
884 1982
602 1863
1183 1756
500 609
368 617
10 1798
285 1154
331 1453
129 1901
624 1051
127 1984
20 1213
11 1183
1068 1854
94 1032
309 1983
546 1595
736 855
602 1544
403 1877
593 1507
81 1924
63 710
811 1706
486 861
870 1349
806 1350
668 1135
571 852
551 1463
305 1491
1327 1561
94 1995
246 939
609 1636
624 1493
601 1898
238 852
226 1711
443 1690
495 1526
1117 1492
507 1917
817 855
967 1901
769 1027
16 1611
1798 1823
302 457
1213 1887
1418 1931
102 1982
1223 1860
1130 1281
891 1156
212 394
7 1465
336 1271
1251 1767
179 1156
67 1515
848 1586
663 1825
546 995
593 898
303 1044
710 1290
795 1491
128 396
490 709
1527 1555
1271 1338
578 1901
976 994
212 1325
766 1054
184 332
230 795
80 127
1115 1531
677 1020
120 706
1683 1886
95 1275
406 1703
333 354
721 1292
860 1538
608 834
846 1058
634 1413
772 1155
307 713
355 664
1875 1997
886 1510
1962 1976
417 1027
127 320
1372 1684
285 1660
203 232
250 1463
305 440
677 1599
457 969
744 1643
21 1120
141 1378
609 943
1164 1281
347 1156
766 1864
1538 1593
546 1457
198 1140
855 1613
1800 1910
1033 1898
51 1193
615 798
1299 1538
321 1275
1804 1911
305 1815
1561 1880
1317 1412
900 1517
595 1213
664 1880
383 1171
12 325
236 1901
1329 1419
1012 1964
778 932
310 896
396 1234
915 1369
170 1808
823 1468
710 1611
1152 1564
546 1298
71 1898
855 1461
1229 1275
677 1741
169 1543
1030 1642
828 1531
32 1775
549 1251
744 961
301 1910
744 1070
803 1223
934 1291
633 1063
515 770
212 886
985 1069
101 940
142 757
261 1587
702 766
609 1914
184 1276
103 187
624 1100
940 1191
722 795
887 1962
214 1063
364 1752
213 1183
1517 1921
59 445
670 1094
663 1388
627 932
1063 1162
684 1232
536 1402
329 1236
352 1510
1478 1523
431 1965
242 1931
152 760
695 1096
106 546
617 1562
63 422
383 959
1240 1775
627 1492
721 1619
245 1066
370 1586
266 495
800 1877
995 1962
895 1267
1089 1402
331 508
358 1922
154 184
333 1476
63 1673
197 1531
1463 1491
71 1183
74 1050
966 1281
383 1799
324 1678
635 1517
67 532
660 1832
12 1111
384 834
531 1806
908 1927
1198 1450
823 1112
1155 1712
538 806
1492 1937
1027 1622
247 811
1050 1704
581 839
1578 1832
1413 1873
1441 1798
506 628
7 271
953 1925
1342 1466
220 1893
1006 1407
399 1926
1535 1885
87 318
1237 1395
475 1463
198 1138
656 709
305 1952
337 1213
1871 1886
145 1275
1050 1363
448 1747
454 1487
120 282
1044 1992
663 1950
388 1156
373 1728
241 766
1520 1898
1375 1487
1230 1531
47 1030
442 1982
331 1912
406 1651
51 53
305 1133
1183 1638
640 771
383 739
1072 1832
495 1556
452 1962
356 823
7 160
732 1272
1413 1473
685 1066
624 829
888 1120
190 1317
127 772
558 1213
396 1813
1711 1880
1143 1832
290 1303
7 942
546 1235
466 617
710 744
710 1128
1213 1438
49 1902
131 1898
1527 1563
964 1058
329 627
277 990
205 684
329 1025
505 684
972 1144
782 1030
81 778
855 1941
1728 1905
649 1281
948 1880
582 1983
232 730
51 1591
304 1962
369 1030
930 996
159 431
1586 1627
628 1265
1221 1564
684 1225
1011 1527
909 1021
1254 1290
905 1564
778 1624
778 1419
586 996
668 1415
794 1991
428 593
852 854
315 976
644 795
812 1491
1463 1530
585 852
305 667
664 1099
290 1552
261 398
680 990
431 886
906 1510
443 1307
1185 1886
269 1538
27 1213
1158 1781
932 1809
1285 1402
940 1948
976 1970
270 1450
1201 1912
1030 1540
1250 1450
51 1261
990 1401
507 1859
318 678
445 1434
624 1745
470 1967
1030 1616
976 1945
1214 1564
445 1694
413 1492
910 1517
1021 1170
731 1290
526 1183
576 677
618 1525
939 1078
253 1413
409 757
234 1178
766 1090
1602 1809
67 1212
515 537
684 1757
307 1375
1064 1291
415 1128
228 1096
502 1517
904 1531
184 1153
305 1034
220 1188
623 1711
820 1510
766 779
593 1084
830 1747
1321 1450
886 932
399 511
120 693
858 1487
182 1044
570 1898
668 1811
901 1378
257 291
569 609
766 1912
165 812
396 1218
264 1320
195 285
443 1895
1437 1886
774 948
201 721
732 1414
291 385
1150 1781
665 1050
1291 1309
12 1754
130 1832
353 968
514 1063
1403 1413
740 852
732 1053
683 1178
279 1886
103 1906
155 985
71 593
220 1003
1615 1798
163 330
307 1227
1 1419
995 1201
1096 1903
1081 1525
772 1027
404 746
471 852
1139 1369
257 1531
93 1550
1624 1777
232 1609
886 1178
1055 1489
1058 1972
4 318
41 1934
264 871
669 794
29 1378
18 732
995 1910
419 546
406 1087
120 1118
677 1946
710 771
424 757
150 696
1178 1837
127 1016
464 1494
806 1331
367 732
81 1686
624 1233
785 1275
504 1927
797 1922
464 1626
881 1561
1242 1901
1001 1728
1624 1930
443 1339
1451 1517
1667 1728
568 1877
1058 1670
1030 1321
71 126
1183 1816
1266 1925
41 1017
1752 1935
650 1798
1151 1910
308 1251
162 353
87 1997
757 1293
811 1760
65 120
396 1321
292 331
1402 1912
232 701
894 1021
879 972
691 746
998 1510
890 1275
1178 1820
550 1428
1603 1922
835 972
24 1077
1883 1962
232 1532
811 1460
572 1781
1913 1967
757 1633
67 1574
170 1375
98 1525
1463 1701
1027 1326
957 1611
1323 1492
111 1982
755 812
677 1311
1166 1611
1766 1902
243 787
1821 1877
1107 1678
35 602
220 1573
200 1982
637 1271
932 1375
212 1648
1012 1454
382 383
599 602
300 1291
39 184
58 1901
684 689
1267 1629
926 990
1066 1912
380 948
1564 1734
457 1880
103 1685
834 913
41 1565
1291 1497
330 1548
684 1891
812 1394
861 941
932 1880
1055 1449
27 1538
1021 1707
668 1585
478 609
744 1387
291 1560
523 811
305 1045
1042 1407
312 1752
37 261
445 1691
1128 1584
1395 1851
1580 1927
757 925
1395 1656
940 1332
853 1463
127 410
1291 1427
170 1634
227 812
291 1341
464 1730
222 285
1602 1835
743 1543
985 1765
732 1259
1395 1879
1654 1747
1066 1348
291 733
120 509
1761 1910
445 1491
412 1931
1058 1890
1149 1538
71 1267
12 1433
1174 1349
378 1586
307 1286
120 741
940 1147
1711 1805
677 995
232 778
258 1927
561 1678
464 516
51 1447
291 780
377 1267
44 51
753 1308
668 1380
872 1517
748 1832
330 1239
1096 1430
627 1281
1223 1923
507 627
1155 1219
1092 1898
636 1602
46 1027
531 1509
257 861
361 1094
167 1523
232 648
285 1569
71 1525
221 744
1044 1866
333 1780
41 1692
399 468
27 1747
41 1197
602 1269
1369 1534
886 1517
291 1782
521 1267
778 1550
1145 1967
298 331
286 1128
815 1781
294 602
51 1169
94 416
132 1492
34 333
795 1732
716 812
1602 1621
116 677
1287 1407
333 832
1066 1082
22 433
939 1936
67 1043
878 1711
1519 1925
1586 1912
1317 1376
1351 1602
353 1559
507 717
274 507
262 615
1005 1967
996 1273
1281 1721
198 851
431 1827
1420 1983
313 1898
481 1419
1009 1178
771 1482
97 948
788 1927
406 1838
668 1274
721 1116
158 1349
976 1472
688 1543
3 1094
1481 1927
1027 1989
1080 1290
1048 1798
1264 1419
1213 1954
1368 1395
243 1024
153 628
1271 1577
540 812
990 1386
641 1997
81 1416
855 1736
684 1491
489 746
249 1531
741 1251
110 507
1222 1543
1318 1886
1066 1981
1561 1590
1055 1797
183 1611
1086 1428
609 1974
494 1428
7 772
493 823
79 184
892 1653
932 1728
208 457
391 1271
1199 1275
741 1201
393 976
449 1886
85 609
677 1396
1297 1561
709 1132
1055 1300
351 806
329 1246
323 1027
51 196
1271 1699
531 1065
1850 1885
607 760
243 1321
1278 1931
1375 1832
1527 1731
617 679
694 1997
772 855
616 1290
60 629
1762 1910
501 1407
1781 1880
963 1775
1854 1943
567 721
87 1983
170 1458
741 1564
1290 1702
1366 1550
996 1345
1308 1840
7 513
104 1120
839 886
1173 1586
22 439
215 1711
75 1317
1466 1802
22 1889
1406 1602
977 1854
710 1407
1290 1979
318 1793
873 1854
1010 1281
1525 1528
624 1398
940 1358
103 1975
795 1547
563 757
487 1407
126 1874
1156 1720
1357 1997
985 1247
198 306
457 1774
760 1845
801 1183
1296 1561
852 1912
627 990
842 1077
67 631
136 1413
353 1228
338 1997
628 1375
329 469
920 1910
317 1684
996 1346
63 1709
156 1419
587 1290
919 1967
1428 1918
1155 1421
1063 1103
1007 1967
912 1370
1008 1854
22 1500
310 1121
488 531
63 96
310 1091
615 1047
1251 1324
1201 1472
515 1606
1558 1931
1281 1431
1128 1842
861 1253
81 960
264 1504
126 1568
276 1902
1402 1455
126 1641
450 1128
285 1750
1012 1522
288 1275
146 290
507 808
42 615
744 1464
1716 1901
61 1510
63 827
120 1514
220 979
843 1156
31 602
654 811
94 1876
615 1855
1295 1543
64 1611
617 886
357 940
78 329
103 1503
322 1308
1155 1456
172 1911
88 1747
990 1810
712 1997
220 1443
812 1057
350 746
709 741
1355 1369
267 1758
972 1549
55 948
1267 1362
541 744
27 1395
1910 1980
762 1910
1510 1787
285 1399
1179 1349
996 1002
724 1678
1176 1251
1385 1523
261 1919
653 1155
1877 1899
996 1809
700 1781
1050 1740
318 1129
677 1356
1290 1978
542 1055
529 948
765 1885
612 1678
1818 1922
818 1419
1061 1183
565 1223
63 1210
772 932
643 1466
305 1360
460 1854
1486 1711
349 985
588 629
610 1492
605 806
1157 1624
54 1931
710 932
1675 1983
1044 1693
94 1688
1635 1711
329 922
126 1865
757 1127
1490 1550
625 1369
746 1102
1281 1784
738 1156
472 1155
495 1928
395 1854
443 1735
1077 1392
307 1410
1021 1379
917 1586
577 1291
51 1124
825 892
544 721
892 1783
170 1770
1195 1531
1217 1487
94 1809
726 1922
127 1359
1424 1586
1079 1931
1178 1477
793 1077
81 1249
663 1422
794 1771
531 1472
1063 1472
120 831
12 877
150 597
609 772
220 1958
614 990
776 1911
1073 1684
344 1492
22 778
243 446
721 1480
73 81
27 261
603 1927
1462 1611
140 834
781 1586
602 1330
1758 1852
535 1487
186 948
952 996
406 647
51 886
892 1996
1108 1564
1602 1614
626 1586
744 1870
766 1545
976 1508
139 1463
71 760
480 617
331 1907
405 1413
307 375
1423 1527
457 708
84 126
257 1201
464 741
1120 1270
198 833
892 1256
1316 1602
663 918
1417 1684
593 1601
243 1791
455 839
307 1060
985 1367
528 939
257 1523
180 243
