300
71 228
160 285
48 87
33 266
151 195
72 113
124 134
47 125
32 286
185 294
80 89
30 154
78 158
182 260
106 293
164 242
151 224
98 293
100 277
53 267
1 258
134 248
51 235
49 50
265 270
69 274
155 188
72 191
71 268
165 209
87 190
134 215
125 295
139 284
79 178
63 77
272 297
118 180
146 237
159 224
102 213
46 51
131 280
66 205
101 160
1 231
39 155
86 218
76 113
187 223
19 137
189 299
235 237
180 288
108 219
106 266
73 77
253 282
134 173
111 260
145 236
203 206
128 146
8 84
138 146
91 169
207 212
127 132
57 202
64 95
83 208
134 226
184 238
134 286
63 123
198 229
253 292
4 238
58 291
13 23
151 259
20 192
129 180
11 12
189 291
146 252
135 285
89 243
184 270
81 213
30 167
25 257
261 269
222 225
164 245
43 58
247 256
146 152
98 150
66 170
247 274
207 279
203 241
40 193
35 281
77 199
154 289
117 154
159 232
93 99
48 268
38 247
37 58
135 244
246 253
191 235
234 237
7 203
115 129
92 268
264 273
109 233
15 162
51 269
90 267
112 229
177 274
60 87
156 229
62 91
15 101
147 196
49 67
172 239
14 207
9 278
202 274
34 126
9 12
103 242
222 248
48 245
30 235
144 238
158 179
194 224
84 224
104 126
186 215
19 55
166 233
54 207
98 110
86 87
42 63
193 293
93 291
82 134
64 165
134 288
35 197
154 171
185 264
129 216
52 89
96 159
127 227
1 66
228 249
74 286
215 258
16 251
30 189
38 163
122 281
118 161
40 158
105 264
49 207
157 235
174 233
75 76
187 243
219 277
30 297
24 41
25 202
7 168
26 232
160 266
32 56
40 264
69 221
140 215
203 277
234 290
192 232
116 253
85 273
116 263
59 294
217 285
30 131
107 272
204 262
25 88
139 287
114 171
74 130
106 181
31 141
159 234
229 240
191 274
229 268
2 208
97 260
233 266
119 226
24 180
193 200
176 194
149 173
135 283
10 52
121 133
169 233
28 125
70 198
214 233
142 289
61 229
18 173
187 237
51 68
183 192
30 254
180 276
126 155
274 277
27 140
125 250
134 141
121 274
26 153
53 260
191 210
163 239
178 229
1 267
22 72
132 285
36 268
46 275
21 98
164 262
148 226
1 116
94 202
274 288
252 296
166 236
79 230
6 224
136 228
66 295
163 175
55 274
124 184
143 219
68 271
35 224
12 264
44 58
210 251
65 77
296 298
201 289
165 217
63 67
40 196
102 193
45 74
155 243
29 197
49 236
120 270
17 61
87 274
255 287
0 123
23 46
131 255
5 205
11 211
33 220
208 264
55 233
3 193
