2000
714 1010
523 677
869 1841
1232 1914
23 793
175 512
77 775
548 852
1339 1844
1557 1858
1125 1379
230 1941
1324 1957
1050 1843
275 1285
818 1986
1965 1966
53 1825
746 1733
1503 1702
889 1045
82 586
82 1277
1734 1920
287 1489
99 1957
139 824
810 1438
377 1414
538 1000
1810 1844
471 722
96 818
1158 1595
994 1890
1415 1636
962 1455
831 1473
94 1734
361 869
148 1389
18 811
18 318
1106 1567
702 1731
884 1965
900 1389
823 1987
434 1387
365 1070
95 1192
1246 1943
1190 1595
36 1254
1705 1971
574 849
787 1822
1893 1957
1387 1579
176 632
101 1894
636 1613
632 676
794 1791
1256 1957
438 1555
869 892
475 1766
356 450
1894 1929
9 1595
471 1502
419 772
485 1166
1567 1810
1056 1793
275 913
1688 1972
3 1053
1192 1269
565 978
278 636
618 953
1054 1275
1147 1253
369 746
236 1709
710 1151
135 1010
17 1731
1222 1595
288 1972
641 1025
618 1932
238 644
745 1854
1845 1914
3 1259
39 393
806 1964
377 935
618 1065
1446 1608
1125 1865
32 175
415 823
175 1861
291 1394
131 442
660 1192
793 1151
620 1035
275 870
666 820
204 992
58 1524
566 933
53 1283
45 1387
1054 1875
593 1109
146 365
180 1947
268 1928
41 1387
1762 1928
1705 1897
1032 1972
522 1403
18 1207
794 1047
523 1273
1449 1679
1547 1928
632 1114
379 1246
121 560
750 818
133 204
11 946
577 1595
823 1659
651 1394
394 1021
1166 1449
293 1916
1123 1446
542 793
710 1380
461 641
20 1854
1679 1853
44 831
234 1844
859 1387
32 1246
125 394
871 1894
90 1438
438 653
818 1810
18 671
48 962
471 1826
955 1394
807 1049
618 1712
778 1056
520 1007
269 1911
632 1076
1408 1928
602 1054
356 1400
287 1315
1170 1965
783 1252
387 1049
1147 1224
272 1451
1278 1387
15 1709
111 1957
299 964
1254 1468
412 641
356 1454
143 377
730 1894
177 772
1049 1508
42 421
204 304
451 1049
518 1854
448 1734
452 538
311 962
271 1577
184 1644
1196 1679
1446 1771
454 762
137 538
368 565
184 389
175 1048
471 1749
394 909
77 227
831 1059
834 1125
632 1151
1099 1916
663 1670
63 1446
196 618
11 931
869 970
55 1147
215 1246
689 1867
18 729
507 1153
658 711
658 1361
53 1993
871 1957
869 1471
831 1419
507 1151
375 1125
664 1822
641 1422
831 1160
979 1007
39 503
1254 1913
522 1065
82 1612
705 1766
794 1833
70 131
216 1914
120 1928
155 842
121 770
1184 1928
506 1914
1439 1734
585 794
1317 1679
377 1829
155 1144
58 292
119 783
18 1752
269 345
663 1274
1007 1810
312 1770
32 523
783 1991
1415 1754
1347 1558
1035 1068
768 1007
77 445
1766 1935
160 471
1134 1480
1045 1747
757 1049
3 1951
1109 1958
823 1921
1627 1679
794 1137
1557 1869
576 746
416 1010
962 1606
828 962
139 917
299 1065
941 1004
139 1449
965 1449
746 857
1004 1143
180 403
39 1413
763 1705
861 1965
272 1704
1257 1867
1348 1705
706 994
1262 1965
377 1976
849 1859
783 1510
365 1261
184 649
687 806
388 507
372 394
272 1575
786 1004
138 391
238 1545
522 1467
365 1981
793 1089
820 1216
1267 1394
1822 1940
272 1435
187 1526
523 733
471 1599
287 1918
332 1045
1565 1928
772 1135
1010 1588
184 1810
190 1387
591 1480
269 1686
1127 1844
1056 1983
971 1415
26 710
1049 1810
207 275
852 1802
1697 1844
18 744
1221 1577
1176 1914
180 1998
1731 1742
312 477
438 1950
783 1332
465 1246
441 1166
584 1503
692 1965
3 1556
766 823
471 539
437 1010
241 523
121 1779
1004 1800
230 640
809 1916
1710 1854
1150 1557
53 1838
1536 1595
1480 1744
1421 1822
340 394
42 595
558 658
849 1463
84 1035
29 1049
9 1449
1567 1776
352 793
1172 1503
391 1769
32 1004
454 1128
131 728
121 1528
1065 1577
3 864
53 1903
777 1709
344 793
1706 1731
1238 1928
871 1415
710 1989
32 1446
210 710
1054 1310
151 377
42 354
1288 1709
848 1734
58 1096
794 1737
9 1387
1018 1045
53 991
4 1928
663 1604
958 1347
12 1854
267 1526
454 462
11 1877
3 40
1734 1922
299 603
1438 1805
91 275
9 18
238 847
9 356
269 635
1102 1731
479 522
1480 1694
1449 1738
155 871
537 1394
377 1447
783 1043
14 523
18 1876
418 1125
121 1039
852 1722
1573 1731
782 793
869 948
184 599
1007 1985
164 1347
299 841
238 1716
11 601
529 746
521 1446
794 1356
287 1145
826 994
394 1065
1007 1651
883 1389
139 885
618 1040
175 457
820 1436
579 823
863 1056
112 1347
394 495
1314 1394
193 204
377 1344
305 1709
877 1503
3 1404
774 1438
789 1972
605 965
597 1166
394 1155
965 1163
1486 1843
869 1585
1679 1681
287 732
114 1844
893 1415
933 1629
1546 1734
356 592
11 611
336 849
121 904
632 1535
468 831
1109 1205
155 1620
238 713
348 1007
184 464
682 1731
93 1438
658 1181
191 238
92 1125
356 899
1045 1994
18 1553
58 590
474 1480
289 1394
1916 1961
9 1705
1709 1850
1087 1965
1303 1394
994 1194
77 1329
878 1246
806 1396
121 1071
381 1867
1402 1567
1045 1331
1557 1591
238 1449
783 890
269 1498
1394 1789
715 1045
849 1487
562 818
377 556
39 621
83 1731
180 1475
565 1065
394 940
1147 1307
816 1387
204 286
627 1928
531 1709
458 793
504 1844
1822 1960
906 1734
1213 1480
250 454
1478 1738
362 663
794 1810
1007 1063
806 1367
755 1705
77 583
1679 1757
22 1254
1418 1567
430 1731
158 454
482 663
131 1219
1166 1385
618 1977
1045 1615
139 1531
192 1577
1268 1822
175 1908
905 1049
53 862
783 915
204 1112
82 1810
275 993
246 1389
38 507
13 1577
849 924
365 1542
672 818
563 818
1240 1557
1376 1567
116 391
287 925
988 1010
295 1766
1220 1254
201 356
1097 1637
538 1316
7 204
639 1867
1015 1972
1415 1868
438 609
82 1241
1164 1347
1335 1503
1818 1843
9 962
871 1734
180 392
607 1446
1672 1679
9 636
794 1578
1007 1646
155 173
1792 1914
1223 1731
394 1398
8 1387
334 1097
746 1820
54 663
42 168
876 1125
794 1618
565 781
1166 1924
109 1192
831 1141
481 933
1389 1721
121 975
994 1185
170 636
326 1054
69 1480
820 1449
287 1601
658 934
801 1526
1125 1652
658 825
220 1480
184 1700
1065 1480
636 1764
272 1363
438 1104
1007 1082
1249 1894
783 1495
780 1709
726 933
58 1788
840 1914
1133 1709
710 1945
272 1214
32 230
313 772
454 927
221 230
921 1010
180 524
312 907
58 382
228 538
522 819
1049 1482
315 1056
269 1735
287 536
270 1449
238 1117
565 1590
1204 1387
869 932
11 1279
129 454
134 1916
214 1438
39 231
272 545
1709 1815
139 1206
139 1298
1109 1885
287 1065
149 1097
230 1959
965 1431
230 779
610 1438
300 1894
849 977
9 1394
869 1433
3 699
624 1387
1446 1831
1142 1867
230 645
471 1423
1192 1668
103 965
275 532
1151 1854
77 980
238 1042
39 1110
1165 1705
538 1999
962 989
1711 1914
510 565
184 490
1526 1658
126 1734
472 1438
1445 1844
974 1007
1260 1389
312 1598
438 1098
42 1988
155 827
346 507
1004 1973
155 1395
1166 1717
708 1125
1161 1766
42 1449
230 254
42 49
1387 1768
1239 1347
180 1713
1394 1675
391 694
377 1028
275 700
852 1180
557 772
77 1168
962 1633
42 667
1035 1084
1242 1705
1366 1595
1503 1902
269 704
1045 1540
77 317
818 972
414 1928
1010 1113
21 53
131 1653
555 710
758 1595
1227 1394
454 1673
833 1097
459 565
356 613
180 1609
647 1972
1086 1526
1569 1916
500 663
1906 1914
58 1328
204 822
838 1004
1708 1822
399 1056
965 1193
11 501
53 1392
205 823
32 1914
1027 1394
783 871
1577 1641
438 1955
641 1723
658 1891
1526 1676
1010 1065
39 1532
249 1766
792 933
131 1638
858 1389
641 1218
1010 1319
299 320
654 823
1390 1679
380 454
194 299
1557 1761
438 1898
823 1151
741 1035
377 950
538 1291
139 376
131 1662
204 401
454 484
1072 1914
58 854
1692 1844
257 1867
58 707
155 1570
1097 1799
117 1254
686 1928
962 1775
150 507
11 405
1304 1972
480 965
154 1734
186 636
454 1740
275 1751
806 1030
507 1780
1038 1049
395 746
1251 1731
365 1024
636 1370
438 493
35 121
438 1006
806 1774
466 933
121 1648
1894 1996
42 51
269 936
499 772
569 1577
272 1516
1289 1867
1049 1359
1526 1621
933 1210
237 377
200 641
56 1843
58 426
791 831
961 1166
523 949
303 1738
1526 1572
179 1679
1 204
67 1109
436 1347
794 1209
871 1766
435 1049
0 618
287 1346
1004 1915
1178 1731
1097 1118
507 1001
183 831
131 1065
269 1105
852 1453
58 1284
32 272
155 1126
1389 1810
538 769
11 1151
145 852
522 880
396 1109
299 1990
1415 1849
1734 1741
454 1014
338 1394
391 1450
58 674
9 269
391 1917
823 1525
507 1678
226 1480
87 1446
869 1140
471 1195
547 1557
3 712
831 1963
710 1786
636 1208
937 1056
887 1577
280 1254
301 1192
1449 1557
312 1064
608 1894
572 1389
18 1910
235 1347
831 1424
365 1100
1503 1810
312 353
269 642
1192 1855
449 794
427 632
167 454
1045 1265
767 1192
852 1321
772 1022
663 843
166 1054
76 356
655 1166
916 1822
567 1526
1347 1614
85 1415
709 783
1202 1446
670 1166
1438 1564
411 849
456 565
865 1705
1308 1438
1854 1889
1091 1415
377 1003
358 1705
1810 1867
397 1957
238 1584
3 1301
184 1270
131 1416
836 1389
806 1566
632 633
262 523
287 1337
632 1326
58 1005
849 1521
3 1333
139 998
275 1600
180 1033
1166 1290
1294 1595
559 663
1246 1687
1125 1187
1340 1577
1446 1530
272 1507
443 1854
1639 1957
391 1736
82 1794
357 831
121 703
142 1166
963 1705
377 1258
198 849
181 1709
947 1166
850 1010
39 1461
575 965
994 1017
223 1246
77 1819
325 1914
1655 1844
312 1016
632 1515
34 1972
39 690
1813 1957
1347 1500
184 1255
365 1090
696 1347
275 1827
108 1480
131 374
3 1428
42 1469
1679 1968
180 1624
275 1079
492 783
820 1901
1192 1245
806 1295
973 1731
400 1007
710 1798
511 1004
871 1147
131 1313
312 1782
549 1045
818 1851
180 1810
247 1526
618 1441
9 831
1035 1650
1058 1389
849 1777
184 1309
11 1501
11 1830
849 1580
356 1111
478 746
965 1429
58 483
515 1972
632 1680
1035 1823
244 1166
324 1109
1049 1186
636 727
571 1822
1192 1539
1004 1872
136 204
42 1372
507 1728
632 1393
619 820
855 933
263 1438
1492 1679
218 1109
818 1783
1602 1972
852 1485
261 618
968 1965
82 911
852 1200
996 1965
1035 1592
58 1151
1246 1664
18 171
174 793
788 1056
110 507
275 1810
1683 1844
9 1810
406 933
1109 1698
454 871
310 438
219 636
852 1065
1198 1894
1191 1972
319 793
665 1254
98 1867
684 820
175 1568
410 823
1013 1567
1306 1914
1007 1933
77 1630
1446 1984
564 1125
793 919
1054 1506
588 1045
377 502
772 1182
933 1434
754 962
1387 1863
75 1894
845 1503
523 1695
1374 1449
350 1054
3 943
11 1381
184 360
641 776
965 1997
1069 1394
632 1302
710 1081
53 615
330 1097
1151 1192
58 351
276 1438
871 1822
131 759
530 636
561 746
43 1843
74 1192
1147 1159
658 1490
806 821
124 507
1157 1438
312 1874
77 1732
806 1840
121 1384
53 871
180 1839
1407 1415
78 299
102 1007
471 1509
1171 1567
1342 1914
1583 1734
155 1107
522 1995
543 933
432 471
1166 1235
852 1726
296 1446
783 891
232 820
107 1844
832 1045
1483 1894
1109 1449
1406 1438
184 1899
1557 1707
965 1852
1790 1843
9 1151
251 1097
121 1031
538 1237
175 420
365 1266
32 1125
139 985
3 1151
1472 1957
1264 1916
933 1809
1254 1464
565 1857
6 522
428 1822
18 1009
28 933
367 1147
871 1045
275 1801
238 981
1327 1567
1412 1766
1097 1151
942 1957
391 1092
230 1560
339 1147
831 1458
155 1115
652 831
1496 1557
1085 1731
623 1965
211 394
1007 1167
820 1967
1095 1738
438 1276
391 897
1731 1846
740 1738
1347 1810
275 1488
959 1595
1192 1828
258 746
32 377
115 658
365 1397
391 1518
994 1305
39 1052
131 1183
618 1292
918 1480
522 1119
1074 1766
333 1557
1007 1837
806 1808
1689 1928
53 1272
538 1336
68 454
1010 1067
1246 1484
377 617
496 772
565 951
1154 1844
46 272
299 347
89 746
538 1296
1709 1962
760 1731
1667 1843
1056 1449
82 307
132 1097
1020 1843
632 1280
277 1056
1462 1843
438 1756
39 1714
1146 1822
710 802
306 365
641 1449
1365 1914
165 1822
849 967
1797 1843
1129 1965
230 1323
1054 1544
1189 1387
965 1497
995 1526
894 1004
783 1842
230 987
9 365
1759 1916
746 1175
628 1004
309 523
469 1246
1503 1979
663 1883
391 871
962 1811
104 820
1286 1854
141 394
260 1972
565 1430
580 1147
1147 1767
373 1503
746 817
1246 1505
725 820
720 1567
1577 1887
53 1345
636 982
11 814
658 1169
156 1957
417 1109
952 1734
50 522
139 872
180 447
299 1357
238 540
643 1246
1035 1956
349 1957
77 202
299 1596
425 1843
394 1931
82 796
849 1151
213 1731
321 1389
287 470
82 1499
1420 1822
473 641
1503 1795
658 853
1060 1415
632 1343
429 849
1192 1814
25 994
32 1438
1233 1854
994 1234
1442 1567
721 1738
439 1389
476 1347
869 1654
1148 1415
16 175
632 1862
650 1867
852 1399
688 831
1884 1957
1057 1415
58 519
203 1867
269 364
65 1035
910 1844
1151 1709
1056 1619
663 1338
53 844
77 976
523 541
327 391
1369 1389
316 1577
1567 1878
1503 1589
230 1023
784 1709
42 162
903 1526
61 184
1097 1300
1334 1734
312 1449
377 1804
772 1457
1610 1738
589 820
658 945
1147 1684
394 846
356 1011
298 522
238 533
678 1916
1443 1972
1254 1677
1049 1179
747 831
32 39
663 765
299 453
1347 1350
746 1701
659 849
11 1156
871 1054
121 743
494 565
933 1203
1595 1623
18 1513
312 1946
812 1125
299 1905
238 487
658 1729
1415 1562
18 1426
121 1787
225 618
1503 1907
1254 1351
130 1577
140 272
1526 1626
994 1919
1415 1561
1211 1387
175 582
636 1923
285 438
746 1810
438 1065
265 356
820 1177
59 783
806 1230
47 632
772 1474
701 1595
632 1511
1109 1847
1432 1705
97 1557
71 794
1004 1685
507 756
522 1892
391 1781
272 1864
1563 1914
528 1854
185 230
81 312
738 1822
1045 1765
355 391
39 944
82 1807
614 658
1449 1743
243 1415
175 1625
1041 1965
1035 1173
86 794
233 965
852 1603
413 1438
1577 1936
275 1341
658 871
1055 1854
806 1065
314 1010
390 962
636 1622
446 1246
230 956
229 1854
175 1909
879 1246
965 1870
299 1061
641 868
2 710
299 1904
1574 1705
1037 1526
785 869
9 871
835 1147
438 1019
600 794
735 820
248 1854
155 1297
172 1147
275 875
188 1972
32 1731
283 618
53 1293
113 1125
790 806
1131 1916
764 818
746 1594
131 1410
343 1056
522 1517
471 1647
1045 1671
3 1674
175 960
139 1824
302 663
161 1595
272 1750
1386 1867
256 641
638 1916
965 1552
1083 1446
180 467
312 860
837 1595
1029 1843
1116 1709
224 507
175 986
356 1138
175 273
1244 1843
3 695
82 1758
489 1822
331 710
783 1427
155 508
438 1409
1254 1514
808 1387
39 1152
818 1952
1004 1229
139 1325
869 1065
385 1557
830 1567
272 568
80 471
926 1822
772 1538
1109 1466
823 1925
212 1056
460 1526
147 391
398 1557
308 391
772 1391
3 675
507 966
1353 1843
1215 1705
522 1132
11 1881
433 471
175 1772
1097 1760
42 685
322 1054
641 1459
279 1916
287 1879
772 1151
1097 1628
724 994
658 1250
294 365
1254 1449
1548 1595
680 820
471 1080
1649 1679
723 806
383 852
1035 1103
284 641
341 710
204 734
281 522
9 32
240 1738
1254 1551
1389 1632
79 1965
962 1666
641 1320
208 272
1035 1383
131 1888
1541 1766
24 471
123 618
856 1972
30 1109
1656 1705
155 969
58 1373
73 933
1151 1526
422 1446
618 1212
1026 1957
386 522
9 1065
783 1643
454 1378
570 1928
1088 1867
1549 1957
596 962
1035 1151
1035 1634
806 1287
1382 1567
1254 1895
1709 1927
209 641
60 849
11 773
1121 1766
1246 1360
1049 1836
957 1056
753 869
823 1812
636 1763
77 693
793 1465
641 1581
204 1806
990 1109
342 1056
538 908
53 1696
648 1035
77 1992
184 1358
1065 1843
625 852
793 1046
3 57
800 962
337 1347
761 1049
1438 1969
1010 1248
18 1746
1330 1389
1007 1226
663 1720
155 1699
1635 1766
1844 1860
106 849
454 544
984 1916
82 815
440 1480
42 1886
356 1311
658 1948
1894 1980
523 1597
287 1108
32 994
793 1122
525 818
962 1002
1810 1928
1470 1738
157 831
999 1054
1928 1970
772 1534
888 1894
1097 1520
206 269
1192 1368
10 39
710 1523
1437 1503
1476 1894
77 1975
1062 1480
922 1577
783 1051
526 1254
18 509
683 1679
32 204
668 1438
662 772
886 1166
491 1097
710 1942
663 1930
1425 1480
794 1953
122 1957
538 874
1415 1537
1460 1679
287 1582
746 882
1120 1867
994 1848
259 1125
204 581
851 869
5 1394
184 274
1035 1607
538 805
431 1054
852 1174
697 1246
409 1254
253 1822
217 269
230 535
954 1965
930 1844
818 1519
1097 1375
189 869
1526 1753
516 1705
329 994
1389 1640
365 505
365 751
131 463
1371 1766
997 1844
366 1577
1503 1725
42 552
245 1010
52 1867
42 1533
1452 1916
42 62
88 184
994 1479
378 1595
394 497
359 818
42 1322
199 299
523 1691
27 1965
546 1347
180 1282
772 1236
1766 1835
486 823
622 1166
1054 1719
806 1162
1010 1730
1077 1415
626 1843
408 1914
365 1101
1522 1916
131 983
553 663
1093 1766
1354 1503
402 1480
423 1734
929 1854
538 1151
287 1364
1605 1867
507 1527
299 1866
9 1916
657 1595
394 1440
820 923
565 803
1557 1939
1097 1724
618 920
538 1008
1125 1456
127 391
717 1916
230 573
1124 1734
933 1065
139 424
312 606
1755 1972
454 661
1097 1388
384 394
121 681
37 312
507 629
11 163
994 1139
11 1352
282 1056
19 1480
471 1617
1843 1974
1201 1709
719 1595
1125 1871
182 391
1004 1448
565 1130
793 898
204 598
66 155
933 1271
105 155
404 1004
710 1312
823 1715
658 1616
1147 1873
39 1821
370 1894
1586 1705
839 852
804 1054
222 1972
1035 1529
1503 1856
82 1880
994 1571
139 748
356 1228
522 1834
794 1075
538 1504
612 1054
184 1044
169 1166
312 1481
356 749
238 1926
297 818
100 269
175 631
498 1526
871 1965
1577 1949
507 896
1748 1766
82 691
1657 1867
1444 1738
823 1188
195 1054
1703 1965
679 1843
275 1362
178 438
793 1494
365 866
264 1928
128 131
962 1900
328 746
636 1944
1665 1854
771 1709
175 1512
565 901
1012 1109
965 1318
121 795
823 1281
1192 1543
731 1147
269 455
646 1914
72 1254
204 739
1773 1844
269 1882
813 1054
1587 1679
33 1147
139 1982
852 1817
155 1611
634 794
962 1938
1136 1387
39 1073
1557 1978
938 994
371 1577
230 867
53 1803
144 1679
551 1766
895 1965
1347 1816
514 933
1477 1766
637 820
618 1094
1690 1928
153 523
1567 1739
356 1405
565 914
1246 1247
965 1631
565 1669
554 869
64 287
1355 1957
53 444
139 239
736 1045
230 1682
363 1049
636 1934
287 902
669 1734
823 1197
912 1867
1192 1491
1056 1550
180 1832
197 1394
1007 1078
1056 1663
793 1645
290 1109
488 1567
565 881
152 1894
77 1778
31 1567
180 1661
82 1660
1263 1705
1567 1896
641 752
806 939
587 1577
32 121
365 1493
180 1149
1679 1954
312 527
523 1593
1377 1557
39 1642
139 718
604 1125
829 869
1784 1916
636 1217
663 1065
663 1401
871 1972
1066 1147
204 737
1049 1576
742 1480
523 873
32 471
312 1937
1394 1554
335 820
18 534
1147 1243
799 1894
1109 1225
299 673
159 1004
698 818
272 594
1411 1894
252 1557
1349 1854
1192 1796
1446 1693
550 1004
356 407
538 797
1045 1745
82 1912
77 1810
616 1503
238 1299
517 1010
323 523
242 1446
394 1231
255 1389
118 272
522 1417
618 1199
710 1559
1347 1718
578 1854
238 798
238 513
630 793
82 1036
523 1785
266 772
965 1034
928 1010
269 716
818 1727
656 1446
