500 1
964
803
0
637
828
0
383
498
0
970
234
0
502
880
0
218
960
0
719
589
0
937
20
0
288
200
0
876
456
0
565
249
0
734
652
0
386
560
0
823
899
0
779
785
0
386
844
0
121
525
0
323
315
0
320
788
0
51
296
0
889
732
0
768
710
0
864
247
0
44
474
0
692
611
0
445
919
0
223
278
0
397
826
0
90
643
0
17
518
0
795
76
0
400
73
0
904
185
0
403
462
0
685
959
0
429
614
0
757
519
0
198
724
0
122
621
0
832
674
0
188
448
0
530
465
0
661
293
0
928
739
0
259
548
0
6
31
0
413
601
0
57
895
0
878
723
0
371
757
0
218
861
0
455
993
0
926
662
0
661
636
0
421
917
0
888
139
0
519
584
0
853
183
0
285
513
0
578
733
0
128
468
0
48
365
0
839
856
0
83
784
0
272
402
0
223
771
0
725
436
0
271
367
0
312
42
0
57
557
0
451
85
0
81
692
0
133
781
0
743
233
0
647
67
0
640
840
0
849
810
0
413
810
0
52
236
0
250
262
0
562
882
0
281
449
0
338
396
0
542
182
0
695
14
0
893
737
0
274
902
0
728
34
0
448
810
0
213
9
0
847
153
0
473
872
0
998
65
0
642
61
0
416
989
0
108
472
0
887
758
0
842
568
0
292
484
0
827
421
0
376
780
0
973
481
0
635
557
0
360
173
0
258
531
0
298
333
0
556
911
0
805
798
0
911
539
0
200
296
0
975
633
0
633
9
0
362
143
0
648
406
0
912
492
0
611
64
0
107
126
0
885
298
0
756
425
0
551
329
0
861
942
0
485
772
0
81
721
0
137
51
0
615
893
0
341
68
0
8
727
0
594
156
0
380
829
0
359
949
0
82
899
0
786
421
0
528
903
0
133
466
0
947
326
0
662
625
0
685
347
0
629
726
0
959
530
0
899
347
0
329
594
0
812
216
0
309
310
0
901
942
0
920
897
0
875
753
0
435
79
0
338
677
0
576
468
0
91
96
0
817
40
0
884
968
0
523
956
0
834
779
0
437
185
0
543
121
0
856
862
0
741
160
0
295
723
0
490
529
0
690
863
0
829
174
0
750
218
0
949
400
0
351
892
0
952
849
0
884
127
