1000 1
435
770
0
92
335
0
310
769
0
29
457
0
348
848
0
995
527
0
647
262
0
111
502
0
531
652
0
468
487
0
973
820
0
272
575
0
868
256
0
979
533
0
530
555
0
220
707
0
51
556
0
519
38
0
49
348
0
193
337
0
461
763
0
722
146
0
283
751
0
98
133
0
894
396
0
405
460
0
634
359
0
519
769
0
909
505
0
111
9
0
673
386
0
425
72
0
264
765
0
618
663
0
53
887
0
251
366
0
672
962
0
960
901
0
402
123
0
332
240
0
16
889
0
86
505
0
72
877
0
617
233
0
530
940
0
312
967
0
410
643
0
718
832
0
581
59
0
898
29
0
702
225
0
837
88
0
919
808
0
783
914
0
358
400
0
328
709
0
30
519
0
151
982
0
629
909
0
342
711
0
294
199
0
971
499
0
847
452
0
868
108
0
517
739
0
691
313
0
991
360
0
766
903
0
274
604
0
121
419
0
763
416
0
87
1
0
791
286
0
208
243
0
642
451
0
829
98
0
928
335
0
272
796
0
936
560
0
344
871
0
423
117
0
708
978
0
781
928
0
714
165
0
892
299
0
613
550
0
197
24
0
91
115
0
756
118
0
889
681
0
351
540
0
634
695
0
195
329
0
364
147
0
146
468
0
263
11
0
261
980
0
666
854
0
315
44
0
132
8
0
905
768
0
5
150
0
937
298
0
497
254
0
359
683
0
835
960
0
445
51
0
712
4
0
717
458
0
521
742
0
273
322
0
394
502
0
73
461
0
595
651
0
137
479
0
194
946
0
719
506
0
958
599
0
989
993
0
983
626
0
806
596
0
531
317
0
490
73
0
843
198
0
593
997
0
776
388
0
1
715
0
243
14
0
619
290
0
113
234
0
660
532
0
934
14
0
560
54
0
215
234
0
722
499
0
70
174
0
550
847
0
266
662
0
339
728
0
534
881
0
255
518
0
317
309
0
86
504
0
800
22
0
507
278
0
485
986
0
12
545
0
3
992
0
624
981
0
375
974
0
770
485
0
472
611
0
132
934
0
114
795
0
238
175
0
483
768
0
703
397
0
586
570
0
610
985
0
902
726
0
433
683
0
584
752
0
682
313
0
980
368
0
70
928
0
985
768
0
838
847
0
621
520
0
134
900
0
429
206
0
115
386
0
318
137
0
771
975
0
233
386
0
923
716
0
890
723
0
643
435
0
654
948
0
794
469
0
378
862
0
875
102
0
590
599
0
932
546
0
393
202
0
210
147
0
408
582
0
794
808
0
957
943
0
30
80
0
502
468
0
498
675
0
404
346
0
995
653
0
17
300
0
225
473
0
411
694
0
437
368
0
718
71
0
492
975
0
150
587
0
394
838
0
619
681
0
315
441
0
528
143
0
213
919
0
33
324
0
484
72
0
179
785
0
575
656
0
541
150
0
491
945
0
621
206
0
362
684
0
259
157
0
746
259
0
35
445
0
152
814
0
314
370
0
463
294
0
957
462
0
601
925
0
224
320
0
751
953
0
46
854
0
640
239
0
568
449
0
495
879
0
804
145
0
67
887
0
763
590
0
352
253
0
945
618
0
640
462
0
188
749
0
961
548
0
350
575
0
22
792
0
807
314
0
595
222
0
409
967
0
546
625
0
326
853
0
70
661
0
649
789
0
654
115
0
279
91
0
179
876
0
327
217
0
144
621
0
342
548
0
318
583
0
491
769
0
107
886
0
374
401
0
224
330
0
172
515
0
226
965
0
125
344
0
990
354
0
870
56
0
676
861
0
86
933
0
462
915
0
82
703
0
793
7
0
63
535
0
488
879
0
659
312
0
962
85
0
881
765
0
660
548
0
716
816
0
546
177
0
454
473
0
452
873
0
302
942
0
384
152
0
367
16
0
734
351
0
797
227
0
477
107
0
452
210
0
500
95
0
50
49
0
196
232
0
471
314
0
824
216
0
421
30
0
410
882
0
239
95
0
830
258
0
370
927
0
842
478
0
35
29
0
758
803
0
927
862
0
100
340
0
286
344
0
319
959
0
132
952
0
766
268
0
288
267
0
522
869
0
484
89
0
231
478
0
271
412
0
895
365
0
865
944
0
983
949
0
961
850
0
3
682
0
341
383
0
900
753
0
882
231
0
82
45
0
192
66
0
873
191
0
387
313
0
401
956
0
392
875
0
7
636
0
312
110
0
964
863
0
427
368
0
198
886
0
563
951
0
211
260
0
250
260
0
1
318
0
85
362
0
250
273
0
728
544
0
607
484
0
954
