10
7 7
1 2 -659673
2 3 -381359
3 4 -478120
4 5 -247770
5 6 1914270
6 7 -568371
7 1 421080
6 6
1 2 -329351
2 3 -820147
3 4 834404
4 5 -586771
5 6 195404
6 1 706385
7 7
1 2 -843557
2 3 171982
3 4 431279
4 5 -745215
5 6 515702
6 7 -1126682
7 1 1596491
9 9
1 2 -666021
2 3 -1158907
3 4 1118583
4 5 -204572
5 6 -897445
6 7 114214
7 8 1364745
8 9 -279745
9 1 609164
6 6
1 2 -204410
2 3 -1077796
3 4 1348287
4 5 -280630
5 6 -1074478
6 1 1289045
3 3
1 2 904256
2 3 -268890
3 1 -635283
6 6
1 2 -693072
2 3 -253279
3 4 -105011
4 5 -559498
5 6 1545444
6 1 65350
7 7
1 2 1627683
2 3 -766028
3 4 -415084
4 5 -129312
5 6 142799
6 7 1141366
7 1 -1601326
6 6
1 2 -949435
2 3 1362949
3 4 -815184
4 5 1023060
5 6 -717867
6 1 96477
5 5
1 2 -987804
2 3 68476
3 4 498551
4 5 -935532
5 1 1356230
