10
3 3
1 2 -732436
2 3 1426649
3 1 -694176
6 6
1 2 -667640
2 3 293356
3 4 761592
4 5 -136145
5 6 -677151
6 1 425982
6 6
1 2 879905
2 3 -1436094
3 4 1715295
4 5 -778955
5 6 -759200
6 1 379049
8 8
1 2 -790318
2 3 1094561
3 4 136839
4 5 -1235428
5 6 707739
6 7 -214217
7 8 893534
8 1 -592710
9 9
1 2 -1413051
2 3 1313745
3 4 -1343054
4 5 1319910
5 6 -1649097
6 7 463926
7 8 -327923
8 9 24041
9 1 1611503
4 4
1 2 -1182771
2 3 1538118
3 4 -358639
4 1 3284
5 5
1 2 -237589
2 3 -276515
3 4 786843
4 5 -741116
5 1 468377
10 10
1 2 -693700
2 3 627542
3 4 -428383
4 5 -61343
5 6 -216828
6 7 1448956
7 8 -981534
8 9 -196857
9 10 -115803
10 1 617991
10 10
1 2 1747927
2 3 -439796
3 4 -1007583
4 5 -256086
5 6 537752
6 7 -567400
7 8 -70237
8 9 538815
9 10 -112571
10 1 -370905
7 7
1 2 1647766
2 3 -515893
3 4 728117
4 5 -1634581
5 6 1449575
6 7 -1393313
7 1 -281675
