5
988 987
693 726 945 360 204 520 461 262 507 846 474 941 531 413 900 354 943 266 38 794 719 145 377 972 562 503 126 224 661 937 388 558 858 211 460 971 697 386 712 312 130 682 673 740 921 608 909 815 641 5 657 634 758 302 839 236 344 650 370 64 689 915 685 500 810 110 400 292 187 190 35 397 338 28 340 542 532 82 374 750 552 515 516 340 338 93 110 718 389 880 789 238 398 636 802 277 295 527 91 191 193 580 914 407 262 737 832 618 879 246 399 100 787 76 360 948 418 319 110 430 859 12 37 291 191 395 676 359 288 438 759 536 347 861 590 429 434 844 948 883 926 340 28 203 446 446 408 882 230 322 41 156 78 406 577 398 940 793 653 208 973 660 855 72 745 196 117 296 42 721 284 20 105 677 530 725 906 895 309 191 627 188 341 212 292 166 18 435 198 700 947 243 967 59 340 529 851 745 29 862 387 928 665 82 289 387 676 425 493 438 445 702 619 525 541 11 43 940 54 523 151 442 149 32 617 606 25 542 50 300 777 205 656 850 530 191 745 880 635 396 477 427 630 155 400 263 806 252 426 505 711 41 821 646 612 600 187 178 365 416 57 250 702 388 337 826 879 206 381 191 549 548 173 266 39 987 189 944 886 347 93 396 116 977 392 760 926 198 793 688 87 156 693 90 143 420 758 844 156 15 549 497 96 163 26 920 624 605 783 71 67 833 525 585 981 351 474 313 261 454 888 513 796 179 160 276 896 223 148 752 125 850 818 928 515 197 10 420 358 73 261 888 736 681 260 689 559 920 953 728 284 660 598 356 178 324 972 304 121 235 382 755 331 296 839 974 934 312 899 886 860 807 627 76 529 647 452 239 133 690 696 601 216 361 629 514 168 624 616 519 106 927 784 428 945 408 892 206 342 642 912 623 102 411 233 381 627 635 80 827 27 3 903 312 735 495 777 153 370 697 232 635 700 540 926 799 963 250 957 857 941 686 658 157 528 250 755 409 589 689 953 9 869 655 115 489 847 56 648 119 32 249 549 287 22 532 189 69 666 286 219 26 953 412 496 210 823 559 710 655 715 550 790 366 568 76 354 469 624 96 700 459 515 435 14 504 224 353 668 640 36 297 249 384 218 32 813 650 413 342 457 108 673 149 795 440 683 8 546 935 112 813 812 533 846 136 399 152 523 146 479 878 619 854 943 298 526 119 600 879 452 496 764 415 712 874 388 893 606 682 299 72 705 625 452 446 25 838 648 481 821 456 18 166 203 473 197 405 235 392 682 163 532 627 231 72 279 462 445 269 633 434 235 646 361 115 325 545 45 815 390 137 500 601 806 657 330 882 432 663 860 927 597 705 159 425 231 287 774 904 771 814 101 265 352 843 859 335 942 878 892 678 52 536 231 31 381 689 710 542 751 887 485 840 624 945 791 209 627 104 437 540 265 858 625 926 9 850 156 58 207 313 828 731 634 212 383 41 486 716 966 136 446 869 23 264 847 835 563 932 267 240 613 482 543 508 773 125 958 335 854 279 388 51 224 487 916 527 199 628 250 613 366 540 649 261 685 894 942 684 163 113 716 10 477 6 778 724 841 698 584 419 584 486 377 55 689 361 255 508 323 122 43 669 567 22 437 116 803 226 226 663 912 352 600 626 329 553 172 519 662 901 418 165 186 411 27 593 233 961 61 696 987 717 203 318 11 339 665 417 493 13 734 36 697 101 333 197 113 354 203 247 695 499 260 309 972 859 317 861 410 563 352 501 803 524 220 510 960 86 573 788 939 933 522 404 894 312 575 482 734 961 347 842 936 931 434 903 271 521 660 360 715 600 948 957 60 748 490 624 650 855 85 389 282 676 634 369 871 154 692 29 926 715 326 136 529 918 576 927 490 365 386 644 65 827 271 487 661 706 775 345 187 419 362 273 749 198 775 929 633 82 522 542 883 399 110 487 239 470 187 762 549 563 613 720 95 208 779 16 370 839 921 43 377 148 231 915 700 149 672 635 263 364 420 21 601 549 354 441 253 725 658 211 56 219 120 881 437 311 399 490 708 406 747 884 899 672 576 131 332 499 961 536 861 29 938 227 710 521 94 601 455 542 337 863 184 54 355 296 639 977 436 859 753 68 210 383 965 66 62 98 968 967 658 7 919 659 784 639 332 303 754 719 813 125 453 160 760 871 263 194 553 205 572 314 987 839 772 37 476 115 943 934 884 969 892 536 769 572 235 877 206 844 495 960 720 747
37 8 82 60 60 364 32 71 12 37 54 25 41 73 32 31 136 32 11 82 32 32 23 82 10 36 58 151 22 72 25 22 3 149 36 279 12 10 23 27 6 116 116 73 32 199 36 22 116 5 42 8 14 29 11 82 36 37 72 55 102 32 3 32 28 5 42 18 137 10 8 113 11 22 55 9 11 26 151 151 136 22 22 10 54 32 26 37 72 31 400 25 16 29 102 60 18 279 10 112 82 7 420 14 14 136 39 12 112 11 11 10 29 25 5 50 58 26 22 28 9 12 37 116 9 137 29 68 60 41 25 29 36 11 235 29 72 32 8 29 72 29 28 32 26 27 36 12 26 9 6 29 51 10 36 9 54 14 36 29 41 27 26 72 14 187 6 12 42 10 50 9 36 116 11 110 31 25 27 22 149 16 71 14 41 18 9 9 51 27 28 13 29 22 32 39 420 18 29 72 11 73 56 82 22 60 82 51 11 18 60 58 82 102 102 11 9 56 36 400 151 27 6 32 247 208 25 37 50 25 18 16 22 37 41 51 28 10 136 28 199 58 149 3 172 29 15 25 102 25 82 16 13 16 61 56 13 102 32 25 16 41 36 10 50 29 68 28 41 67 18 364 60 67 12 28 189 23 400 8 26 143 10 137 10 58 6 16 199 10 29 36 235 16 143 36 112 151 82 10 56 29 67 28 26 36 16 149 191 55 67 10 122 6 60 55 32 10 112 110 22 32 143 3 122 23 9 42 137 11 26 5 41 50 36 22 10 9 26 73 122 14 26 27 55 136 25 55 73 136 7 50 151 37 14 41 37 8 12 137 72 14 22 50 29 10 23 7 172 36 149 22 36 3 28 25 5 60 28 37 7 18 27 36 36 9 18 172 16 11 41 41 364 11 110 23 55 112 208 191 82 189 102 56 58 51 27 28 8 364 27 3 73 23 23 72 22 23 12 25 9 29 152 143 9 39 56 11 366 189 18 102 116 9 5 22 14 25 41 72 32 9 27 364 27 73 29 32 58 11 32 23 41 71 22 32 29 25 22 73 9 8 14 82 22 5 12 56 32 199 22 9 29 28 5 42 72 5 73 16 60 36 28 73 14 28 56 6 16 12 36 7 56 64 73 32 22 36 29 23 15 28 5 5 18 22 364 8 36 36 112 36 189 32 60 10 55 137 54 112 42 32 172 11 41 9 9 18 9 10 82 32 29 25 32 16 12 149 73 27 199 36 50 32 13 55 25 16 36 3 172 11 18 11 28 10 60 72 61 82 14 9 189 10 37 72 72 72 25 3 11 73 67 152 189 29 26 9 9 56 7 5 42 29 110 235 10 32 58 41 26 61 18 50 102 54 7 8 50 42 102 39 28 22 25 72 18 14 56 73 14 11 51 11 22 31 6 61 36 16 8 122 18 22 27 32 9 13 152 29 28 137 10 9 5 116 9 61 9 58 26 29 39 25 106 36 50 41 36 5 73 36 235 11 23 32 10 10 43 11 208 10 29 12 152 10 16 82 58 25 12 22 9 51 67 172 22 6 199 31 72 187 11 10 11 28 26 11 56 102 60 27 3 10 29 6 60 58 102 82 122 18 400 11 25 55 14 54 37 12 72 122 18 25 26 22 8 116 149 29 143 11 16 136 61 60 41 31 58 112 16 10 151 71 136 22 7 27 11 9 61 22 67 10 51 9 11 112 22 22 189 5 10 36 22 32 25 16 113 18 16 247 72 247 12 68 50 10 67 26 22 14 3 9 116 18 23 7 29 64 112 50 110 72 12 32 9 5 36 27 11 122 22 25 29 22 29 29 10 113 58 5 11 28 112 22 60 50 112 58 42 56 7 36 12 58 3 3 55 56 73 29 60 7 36 136 42 3 72 122 13 247 10 67 18 172 32 28 29 72 22 55 36 68 55 42 23 18 199 29 112 56 247 72 12 41 25 122 11 136 67 172 22 32 172 55 27 208 67 16 25 112 32 41 67 8 29 51 112 11 8 71 31 364 172 6 279 112 32 58 9 5 13 29 16 72 56 12 55 50 50 10 22 25 50 28 29 143 12 29 64 3 9 366 29 29 23 27 55 208 61 279 73 143 208 26 22 54 112 25 5 82 23 32 18 68 22 11 71 11 23 11 235 10 364 7 9 112 22 37 279 10 12 6 29 73 58 14 23 9 26 67 16 26 51 60 72 191 42 37 36 50 122 25 22 25 10 22 6 39 136 36 73 25 41 32 9 60
849 241
865 551
204 396
197 507
318 564
953 168
250 574
934 986
21 322
343 149
195 837
717 462
166 893
413 349
236 189
311 834
568 784
774 327
618 910
225 556
485 105
400 968
376 248
380 123
100 730
447 822
268 304
537 909
546 316
120 631
661 309
285 799
781 872
181 243
648 856
945 444
460 821
640 449
637 787
961 926
518 284
67 519
829 477
606 840
60 866
345 316
823 557
601 61
597 581
735 239
7 934
635 435
152 127
674 153
937 233
677 796
668 401
880 110
499 365
155 512
91 885
575 563
965 878
444 393
800 759
663 473
96 726
486 686
493 404
816 698
504 478
386 76
654 394
381 102
239 106
695 576
230 12
940 216
97 553
675 875
634 627
966 691
8 183
81 981
609 218
671 359
720 422
985 130
632 69
793 372
720 910
543 599
857 794
752 332
971 825
487 897
602 980
611 342
890 212
221 34
117 836
812 820
269 262
577 693
263 549
17 724
488 287
429 914
73 747
206 988
242 729
913 527
54 795
425 562
80 733
360 665
722 524
256 72
612 880
865 523
524 739
95 215
56 464
982 510
414 500
710 359
938 660
900 782
526 562
437 362
355 741
611 561
354 1
311 861
423 665
840 681
251 932
74 180
193 94
339 331
901 767
595 403
746 891
587 84
84 283
304 555
689 609
652 482
58 228
329 788
788 582
869 962
607 186
40 407
714 764
693 63
868 925
754 646
929 297
289 541
634 461
379 268
770 305
273 697
890 799
863 57
736 771
98 854
234 123
450 747
915 533
226 920
386 673
173 754
257 628
173 370
852 897
617 696
647 352
804 486
210 659
531 251
59 164
30 440
265 767
860 346
573 769
642 894
90 714
976 114
33 412
392 130
867 912
176 395
984 178
809 879
535 259
540 383
46 470
837 469
876 71
981 346
395 783
633 366
295 908
748 888
689 203
636 49
688 134
86 64
434 461
749 755
179 737
759 888
398 879
424 323
390 704
6 887
656 224
906 474
140 533
954 314
344 790
79 80
717 687
683 175
952 666
550 324
798 160
858 325
11 85
280 621
501 247
379 143
702 198
370 306
775 42
194 978
71 462
892 931
347 930
30 558
305 281
843 155
515 4
621 598
243 612
162 146
263 649
676 862
502 804
511 851
790 692
696 167
77 201
946 368
426 37
267 844
521 169
545 253
291 907
315 807
471 771
352 171
235 453
156 425
681 200
842 348
816 212
498 292
622 701
762 853
936 838
587 501
15 943
36 951
744 38
832 762
789 133
655 23
492 381
382 231
739 209
394 201
336 927
28 79
593 835
945 507
666 70
62 532
283 112
652 133
391 727
661 925
680 247
249 690
950 798
54 142
506 615
553 382
184 158
24 356
950 565
405 810
801 242
144 417
354 88
347 547
448 889
78 281
453 645
579 172
222 585
813 581
439 13
651 572
334 808
841 506
908 111
143 631
753 312
580 427
264 337
227 534
436 750
279 103
430 353
299 700
429 45
785 953
802 377
469 456
563 430
895 182
559 725
63 244
722 552
891 172
68 760
493 218
67 476
244 773
779 499
95 432
976 438
669 957
475 802
124 43
250 871
328 583
904 474
432 403
566 896
935 713
509 296
603 237
185 333
970 228
872 730
904 605
684 952
977 366
806 321
171 364
572 44
630 894
147 491
257 893
656 317
555 375
775 433
150 639
527 947
97 505
454 882
638 255
121 472
870 963
636 682
757 31
147 510
494 911
330 803
221 298
70 732
909 785
560 207
982 385
770 339
211 351
497 736
519 596
653 943
115 66
387 198
590 439
272 884
238 944
512 971
778 492
517 919
297 100
163 964
185 235
320 715
391 525
669 286
757 260
180 806
570 912
548 93
214 690
196 426
778 946
279 220
139 876
842 345
156 740
928 157
694 657
687 145
233 679
75 397
219 613
538 181
750 615
606 141
643 107
59 711
46 289
861 573
729 286
983 202
583 969
745 189
145 343
608 184
174 42
187 740
844 128
822 695
931 466
532 18
271 121
374 33
116 901
170 768
369 885
886 678
377 650
592 921
105 165
108 419
516 694
922 36
923 14
495 446
81 586
249 595
574 629
571 791
933 941
678 338
746 338
491 35
65 191
556 530
545 192
125 150
489 895
255 559
864 451
21 138
702 623
41 151
351 824
83 604
76 627
363 471
361 416
784 567
170 833
743 875
288 254
829 200
544 864
213 3
567 440
959 278
985 269
600 811
956 479
224 138
742 716
387 713
815 275
266 136
57 26
357 709
434 787
768 285
5 378
17 860
179 918
779 142
671 122
262 161
884 410
467 537
20 401
390 614
307 731
476 51
38 902
569 605
800 72
718 902
306 26
688 660
190 445
252 761
551 862
958 561
399 226
53 979
827 328
914 791
192 628
35 649
830 701
14 446
677 417
195 514
906 120
107 980
371 719
881 484
738 162
409 280
513 751
926 149
445 540
705 984
518 360
438 644
712 973
845 8
951 98
616 883
828 550
402 575
294 930
458 644
380 565
99 833
846 521
858 313
883 90
529 327
810 589
871 376
915 955
447 877
597 368
939 882
295 282
448 468
590 392
299 457
308 538
20 700
520 398
797 365
853 764
5 691
51 600
104 485
134 216
101 78
777 500
716 978
340 610
217 472
422 113
765 710
135 586
282 721
508 2
94 457
7 441
205 48
196 602
937 48
287 167
588 786
140 839
763 896
62 15
619 335
372 82
101 207
290 25
568 854
50 892
960 125
314 151
139 52
443 918
523 388
967 137
706 75
163 961
364 543
495 484
288 232
374 773
940 704
589 449
330 554
979 41
384 219
972 229
679 470
847 452
548 870
114 974
176 585
77 685
811 169
356 161
404 301
227 974
625 383
129 807
569 420
204 464
834 270
728 177
342 772
618 638
312 300
24 531
878 406
56 213
625 867
361 89
851 319
223 954
756 522
578 579
135 293
947 987
158 104
29 742
45 441
89 116
620 489
955 160
65 408
96 206
805 781
919 397
246 584
614 428
542 159
302 199
110 654
866 348
662 744
174 718
570 818
670 547
152 302
240 686
525 333
415 452
803 938
743 869
972 647
32 205
795 630
442 578
47 385
34 371
496 626
39 396
789 549
334 599
584 132
899 60
261 294
645 843
252 13
175 73
899 780
520 319
820 580
303 274
61 258
741 592
22 522
258 214
889 756
164 477
12 458
667 261
629 423
723 536
405 698
177 16
673 188
460 983
815 664
641 577
752 66
827 153
721 323
475 504
487 468
725 921
916 850
451 22
483 709
74 903
849 341
238 99
655 278
337 684
428 209
355 772
362 463
850 839
706 546
467 122
132 916
825 498
987 421
751 277
106 826
353 733
112 300
210 776
292 646
85 928
863 755
178 248
604 624
10 973
766 421
819 310
336 975
126 69
50 478
191 321
651 340
529 913
823 515
232 723
818 817
705 260
905 229
234 10
19 685
6 272
37 855
92 230
933 777
503 332
53 707
231 528
643 159
601 939
917 39
431 607
613 406
603 276
318 154
465 455
848 593
399 868
786 626
962 769
505 68
944 516
783 320
253 831
826 481
792 325
29 497
566 416
963 480
948 929
640 27
814 542
935 760
639 774
637 960
536 667
917 367
761 307
672 194
436 903
137 1
473 877
699 215
821 610
502 408
874 727
19 450
576 92
129 4
873 456
393 410
905 782
797 291
267 766
886 488
887 922
496 144
271 835
745 208
848 911
957 27
670 794
855 664
966 273
988 315
55 554
443 711
817 324
296 384
317 18
424 924
465 624
828 412
642 659
187 217
967 141
857 131
662 658
363 796
115 635
672 841
530 25
856 874
541 241
598 508
703 91
907 199
168 148
407 222
275 419
433 124
831 435
776 623
82 119
341 622
277 402
728 616
812 256
480 182
658 564
942 859
418 959
845 819
264 977
708 924
509 619
378 557
949 32
715 118
197 103
832 225
632 329
734 183
188 274
420 131
526 442
111 552
83 459
920 873
126 284
708 11
697 481
591 964
948 400
190 411
735 350
259 544
331 641
409 358
881 358
726 211
245 676
517 310
965 208
830 313
941 23
724 350
193 127
326 367
309 968
375 276
535 186
437 165
357 58
322 86
266 942
254 389
245 369
154 633
534 31
719 308
763 558
539 699
303 270
765 108
707 463
373 814
809 109
675 594
87 118
657 753
560 668
9 898
824 102
237 838
236 674
87 591
932 3
703 220
490 148
792 712
793 749
119 975
986 64
956 349
692 40
240 483
47 373
588 514
732 290
650 582
653 293
949 459
431 528
511 805
109 748
970 88
737 813
52 2
969 846
596 157
16 680
808 594
28 298
758 731
923 44
9 513
202 479
683 571
801 117
203 852
93 389
427 301
734 454
335 482
859 55
539 413
411 146
620 758
128 936
49 43
166 682
246 136
836 388
847 418
780 494
898 490
927 455
265 900
738 344
466 503
223 617
326 415
113 663
958 608
942 941
1 2 3 4 5 6 7 8 9 10 11 12 13 14 15 16 17 18 19 20 21 22 23 24 25 26 27 28 29 30 31 32 33 34 35 36 37 38 39 40 41 42 43 44 45 46 47 48 49 50 51 52 53 54 55 56 57 58 59 60 61 62 63 64 65 66 67 68 69 70 71 72 73 74 75 76 77 78 79 80 81 82 83 84 85 86 87 88 89 90 91 92 93 94 95 96 97 98 99 100 101 102 103 104 105 106 107 108 109 110 111 112 113 114 115 116 117 118 119 120 121 122 123 124 125 126 127 128 129 130 131 132 133 134 135 136 137 138 139 140 141 142 143 144 145 146 147 148 149 150 151 152 153 154 155 156 157 158 159 160 161 162 163 164 165 166 167 168 169 170 171 172 173 174 175 176 177 178 179 180 181 182 183 184 185 186 187 188 189 190 191 192 193 194 195 196 197 198 199 200 201 202 203 204 205 206 207 208 209 210 211 212 213 214 215 216 217 218 219 220 221 222 223 224 225 226 227 228 229 230 231 232 233 234 235 236 237 238 239 240 241 242 243 244 245 246 247 248 249 250 251 252 253 254 255 256 257 258 259 260 261 262 263 264 265 266 267 268 269 270 271 272 273 274 275 276 277 278 279 280 281 282 283 284 285 286 287 288 289 290 291 292 293 294 295 296 297 298 299 300 301 302 303 304 305 306 307 308 309 310 311 312 313 314 315 316 317 318 319 320 321 322 323 324 325 326 327 328 329 330 331 332 333 334 335 336 337 338 339 340 341 342 343 344 345 346 347 348 349 350 351 352 353 354 355 356 357 358 359 360 361 362 363 364 365 366 367 368 369 370 371 372 373 374 375 376 377 378 379 380 381 382 383 384 385 386 387 388 389 390 391 392 393 394 395 396 397 398 399 400 401 402 403 404 405 406 407 408 409 410 411 412 413 414 415 416 417 418 419 420 421 422 423 424 425 426 427 428 429 430 431 432 433 434 435 436 437 438 439 440 441 442 443 444 445 446 447 448 449 450 451 452 453 454 455 456 457 458 459 460 461 462 463 464 465 466 467 468 469 470 471 472 473 474 475 476 477 478 479 480 481 482 483 484 485 486 487 488 489 490 491 492 493 494 495 496 497 498 499 500 501 502 503 504 505 506 507 508 509 510 511 512 513 514 515 516 517 518 519 520 521 522 523 524 525 526 527 528 529 530 531 532 533 534 535 536 537 538 539 540 541 542 543 544 545 546 547 548 549 550 551 552 553 554 555 556 557 558 559 560 561 562 563 564 565 566 567 568 569 570 571 572 573 574 575 576 577 578 579 580 581 582 583 584 585 586 587 588 589 590 591 592 593 594 595 596 597 598 599 600 601 602 603 604 605 606 607 608 609 610 611 612 613 614 615 616 617 618 619 620 621 622 623 624 625 626 627 628 629 630 631 632 633 634 635 636 637 638 639 640 641 642 643 644 645 646 647 648 649 650 651 652 653 654 655 656 657 658 659 660 661 662 663 664 665 666 667 668 669 670 671 672 673 674 675 676 677 678 679 680 681 682 683 684 685 686 687 688 689 690 691 692 693 694 695 696 697 698 699 700 701 702 703 704 705 706 707 708 709 710 711 712 713 714 715 716 717 718 719 720 721 722 723 724 725 726 727 728 729 730 731 732 733 734 735 736 737 738 739 740 741 742 743 744 745 746 747 748 749 750 751 752 753 754 755 756 757 758 759 760 761 762 763 764 765 766 767 768 769 770 771 772 773 774 775 776 777 778 779 780 781 782 783 784 785 786 787 788 789 790 791 792 793 794 795 796 797 798 799 800 801 802 803 804 805 806 807 808 809 810 811 812 813 814 815 816 817 818 819 820 821 822 823 824 825 826 827 828 829 830 831 832 833 834 835 836 837 838 839 840 841 842 843 844 845 846 847 848 849 850 851 852 853 854 855 856 857 858 859 860 861 862 863 864 865 866 867 868 869 870 871 872 873 874 875 876 877 878 879 880 881 882 883 884 885 886 887 888 889 890 891 892 893 894 895 896 897 898 899 900 901 902 903 904 905 906 907 908 909 910 911 912 913 914 915 916 917 918 919 920 921 922 923 924 925 926 927 928 929 930 931 932 933 934 935 936 937 938 939 940 941 942
1 2 3 4 5 6 7 8 9 10 11 12 13 14 15 16 17 18 19 20 21 22 23 24 25 26 27 28 29 30 31 32 33 34 35 36 37 38 39 40 41 42 43 44 45 46 47 48 49 50 51 52 19 54 55 56 57 58 59 60 61 62 63 64 65 66 67 1 69 70 71 72 73 74 75 76 77 78 79 80 81 82 83 84 85 86 87 88 89 90 91 92 93 94 95 96 97 98 99 100 101 102 103 102 3 106 107 108 4 36 111 112 113 114 115 116 117 118 119 120 121 122 123 124 125 106 127 128 129 130 75 132 133 134 135 136 137 138 139 140 141 97 143 144 145 146 147 92 149 150 151 152 153 154 155 109 157 158 159 160 161 162 163 59 165 166 167 168 169 170 171 172 58 174 175 176 164 178 179 120 181 111 183 184 185 186 187 35 189 190 191 192 100 194 195 196 197 198 41 200 201 202 21 204 14 206 207 118 209 150 211 212 213 10 215 216 32 218 47 168 221 6 223 224 225 179 227 228 229 230 143 123 233 234 235 236 162 39 239 240 241 242 243 244 245 246 137 204 185 250 251 252 174 254 255 67 257 57 259 260 261 262 217 264 265 266 267 268 269 270 271 272 155 125 275 11 123 278 279 280 281 282 67 68 285 286 287 287 289 290 291 292 41 143 108 24 297 298 225 300 301 302 303 304 23 306 307 308 76 310 311 312 313 314 183 13 40 318 319 207 321 322 13 112 32 50 327 328 329 330 331 332 161 334 132 132 337 26 339 246 341 38 56 344 55 346 347 249 349 350 84 303 58 354 175 356 174 358 66 360 361 362 363 364 331 83 223 368 30 146 371 372 165 224 375 376 121 182 379 70 116 382 383 39 385 386 387 388 389 390 140 171 393 353 169 396 397 171 385 331 100 402 403 302 45 266 407 271 298 410 411 412 413 17 36 45 52 124 111 6 112 393 423 424 118 26 427 428 429 430 431 172 433 434 435 436 7 438 57 440 441 442 443 444 445 446 194 448 242 332 451 446 453 301 455 201 278 458 459 460 461 436 43 109 465 322 9 468 314 470 471 164 138 239 475 27 435 478 2 314 52 470 483 484 147 486 487 488 379 13 18 133 493 494 293 281 21 498 84 500 501 272 16 283 444 506 169 495 278 510 511 512 373 514 515 516 517 362 519 307 521 522 386 524 291 526 338 338 72 530 531 532 311 534 206 141 537 300 484 540 181 451 396 544 110 59 127 548 197 47 551 254 100 554 555 17 228 558 45 60 561 562 563 564 171 566 567 287 569 570 571 572 304 51 10 145 308 535 579 427 91 582 185 224 585 586 341 54 526 590 591 262 158 594 28 596 364 370 599 318 22 602 66 446 605 563 607 55 115 610 611 314 140 614 373 96 617 618 619 620 189 473 17 624 625 540 627 3 629 451 631 632 633 190 635 338 637 638 639 35 641 642 435 265 16 646 647 289 283 650 46 652 56 382 311 196 657 424 54 660 661 540 130 138 531 475 212 434 64 143 446 672 448 674 286 382 444 11 434 567 202 682 18 684 271 175 23 204 689 690 691 183 373 424 189 200 697 56 383 69 422 297 292 478 318 706 262 259 709 424 711 712 713 714 302 716 705 718 94 554 607 410 7 611 83 726 16 341 187 184 521 732 733 46 603 166 353 738 97 223 741 223 147 18 745 746 747 259 534 242 751 752 753 754 349 704 757 758 21 760 224 762 43 764 765 163 282 372 283 770 614 772 7 774 775 776 777 38 114 780 705 782 151 784 785 733 787 788 789 73 738 792 79 108 310 796 776 530 799 800 471 802 803 646 315 350 198 808 809 16 811 812 300 47 254 233 817 388 275 524 373 822 823 76 147 223 144 828 829 687 27 832 833 834 835 836 837 838 156 840 800 403 154 50 845 745 847 848 14 850 796 534 265 803 3 248 857 318 611 860 861 862 50 254 813 866 867 868 869 870 871 872 778 442 368 876 132 585 879 306 750 882 711 712 641 413 468 888 882 62 89 537 30 894 828 227 189 758 899 470 567 722 217 455 860 511 447 266 909 910 270 35 913 72 784 916 306 195 689 920 682 631 923 699 13 825 144 51 119 167 931 196 916 48 642 4 269 102 652 555 524 358
403 43
232 42
434 251
182 419
346 516
237 899
607 856
620 207
575 726
384 347
898 758
459 471
8 141
884 712
924 224
518 362
77 95
407 199
310 795
235 709
153 893
190 515
759 203
722 410
774 61
563 606
546 59
895 828
817 796
941 820
275 819
409 298
877 913
675 286
787 387
474 399
416 45
455 904
929 119
936 4
536 141
215 512
336 335
940 709
681 682
197 252
349 755
56 698
568 287
529 72
544 840
808 707
733 786
938 104
760 551
569 845
412 42
152 103
809 586
490 13
848 761
114 779
866 386
871 669
477 643
846 551
213 253
431 646
246 574
762 218
843 154
5 599
910 261
858 600
493 672
880 122
906 838
191 693
150 210
442 622
66 359
810 645
209 348
248 856
806 350
185 301
433 888
800 841
183 692
289 648
801 471
191 602
603 735
881 659
578 62
854 388
638 415
80 440
330 744
746 523
583 249
145 576
531 665
837 186
448 790
679 668
325 83
437 773
711 883
741 639
586 413
923 559
740 826
267 468
342 38
909 15
298 350
67 283
487 524
293 41
478 857
610 902
671 604
762 294
404 715
449 242
760 111
165 373
424 710
359 563
73 790
558 299
932 196
843 788
434 668
879 124
797 776
278 457
509 278
573 304
714 178
161 209
236 372
32 217
228 557
17 623
941 524
546 102
59 164
660 633
425 208
88 566
311 533
162 237
429 911
912 188
861 536
526 589
751 517
630 542
635 91
219 814
736 514
74 785
560 531
164 177
601 650
601 22
244 908
4 109
386 523
260 832
666 194
271 642
155 273
703 292
738 591
460 134
75 131
748 259
396 543
867 901
34 624
256 67
422 701
66 603
136 412
383 120
579 571
680 802
641 284
462 211
189 695
577 814
876 519
685 176
892 537
928 51
120 180
358 63
345 608
125 244
276 11
458 128
240 928
777 747
737 353
730 184
105 855
22 208
473 138
55 345
349 629
175 913
606 772
167 609
400 92
537 423
581 91
218 544
422 393
745 899
859 611
117 576
566 221
172 85
769 283
875 726
329 421
746 451
211 735
355 175
328 101
369 708
658 878
316 925
75 870
567 680
50 863
389 466
713 356
48 934
693 821
382 676
326 844
405 416
229 79
587 341
580 935
351 84
242 411
52 417
893 30
772 506
492 765
270 911
470 900
135 78
549 197
305 23
499 589
171 398
929 390
775 782
745 846
632 252
362 617
829 332
323 13
132 877
168 650
363 361
205 14
499 84
255 624
699 383
858 318
390 833
834 344
653 698
828 8
286 488
140 555
728 587
420 517
321 784
560 60
356 806
222 420
754 128
776 532
21 497
374 224
185 583
547 291
654 181
315 183
773 7
751 541
10 214
702 461
557 411
262 707
144 827
671 788
213 885
473 622
250 354
684 70
158 593
198 807
898 245
402 811
375 605
192 833
689 919
37 824
377 121
891 333
445 836
184 266
592 262
740 367
279 605
823 443
302 404
822 612
30 369
663 366
847 347
909 405
930 865
379 781
130 663
315 805
734 599
137 816
393 888
168 220
297 702
580 427
245 436
133 640
149 774
617 837
706 629
18 683
169 507
86 385
281 82
204 438
885 641
392 527
459 862
451 542
618 490
842 810
910 674
268 581
500 243
731 521
691 309
160 870
701 564
637 90
317 87
229 160
595 28
348 249
126 519
849 205
455 479
849 861
227 896
264 158
248 688
815 864
904 129
503 16
463 43
914 529
431 633
68 1
463 763
468 887
139 493
372 768
263 217
678 165
736 166
290 46
757 488
540 662
936 230
652 937
380 70
636 528
364 674
201 456
501 453
96 630
933 916
27 916
376 23
864 552
478 704
716 520
572 596
942 358
727 16
464 156
634 190
670 294
309 76
780 703
110 545
104 102
234 759
623 414
139 665
125 274
63 326
398 417
343 818
337 802
496 664
797 768
907 507
851 939
659 588
621 847
47 867
57 258
382 654
39 918
147 485
72 216
136 758
134 812
927 470
921 682
765 545
457 777
360 407
251 440
482 500
717 781
110 36
825 147
106 635
99 897
118 425
492 133
155 467
632 801
476 831
796 851
271 408
319 653
435 643
831 684
871 675
192 792
484 539
161 333
100 401
371 850
677 444
68 284
657 585
428 841
886 413
223 803
241 380
243 689
714 89
734 651
860 905
453 170
628 561
149 352
590 313
778 873
113 87
85 327
399 385
418 368
29 162
578 535
769 649
704 756
547 127
293 495
625 848
37 441
268 755
297 394
521 322
731 212
661 923
26 338
809 344
1 86
539 285
79 793
116 516
76 824
852 534
821 513
290 887
895 296
920 113
90 264
484 257
465 804
469 480
756 819
181 541
725 83
640 912
88 591
614 921
543 723
737 394
826 657
432 172
10 575
97 142
658 710
915 784
687 830
690 295
235 430
447 194
561 304
151 783
780 82
445 227
558 579
789 247
32 325
308 577
267 97
437 655
378 182
240 638
54 588
525 291
808 676
494 835
930 167
307 231
53 198
105 3
352 303
452 446
144 927
225 564
121 33
339 753
322 466
272 80
310 719
199 41
135 602
670 143
447 907
108 794
450 590
582 712
596 522
896 862
489 679
660 498
508 857
875 368
426 732
176 850
40 582
280 926
5 423
288 287
222 6
914 793
894 465
724 611
860 783
200 275
494 456
764 696
694 74
894 718
791 782
439 785
436 462
163 766
401 201
111 419
890 866
935 642
202 681
515 763
915 107
771 614
495 508
562 346
117 549
705 717
140 391
36 415
138 664
109 156
511 711
672 807
126 106
505 444
512 77
60 754
600 288
35 188
225 299
206 535
719 94
18 491
364 597
686 839
572 874
115 98
504 919
594 17
56 343
112 324
187 729
700 69
6 210
482 900
502 525
20 771
509 151
448 673
302 925
934 661
501 54
739 94
534 749
721 29
615 513
370 598
99 402
567 901
12 300
842 403
742 223
619 178
118 903
316 323
475 666
50 844
103 631
230 101
863 145
254 342
830 432
46 651
502 272
179 226
799 255
254 552
351 868
593 884
410 713
377 571
381 764
330 163
340 246
277 123
526 35
373 615
45 559
171 565
47 550
307 520
100 553
475 44
538 300
813 538
247 137
486 71
58 353
700 677
799 852
570 798
688 204
678 276
767 282
669 64
216 595
19 53
868 328
238 39
409 236
274 241
479 2
257 166
882 889
742 367
98 625
706 532
510 49
775 836
73 233
853 265
647 438
667 129
331 157
389 21
474 239
644 265
375 152
95 720
644 460
584 374
540 626
396 933
25 49
426 26
357 174
716 822
414 556
514 800
922 872
817 569
173 58
889 594
220 732
214 873
321 639
65 335
791 738
2 387
787 815
504 649
845 170
612 314
363 78
260 724
157 107
743 627
24 296
655 311
855 628
690 31
395 169
81 154
922 631
317 40
173 570
146 370
486 14
834 159
939 652
454 301
381 116
292 779
908 406
269 937
647 130
890 62
878 585
366 725
646 804
696 200
234 289
371 69
108 295
556 767
553 193
550 219
263 903
503 645
874 442
467 9
308 269
741 461
685 408
150 548
177 472
920 34
610 882
931 932
812 195
620 187
186 598
483 729
554 720
11 153
609 115
892 770
193 823
433 114
196 656
132 336
708 259
202 573
722 902
795 395
280 285
19 303
15 65
9 510
757 627
93 827
55 718
597 93
397 279
805 840
142 739
332 450
880 306
747 530
3 24
942 179
250 811
613 391
337 397
92 148
692 483
215 608
917 648
527 636
825 926
616 96
705 318
728 820
429 122
940 555
239 522
123 232
273 869
574 51
883 452
813 865
634 339
604 446
626 853
354 748
673 159
931 749
491 487
131 33
427 221
592 662
7 723
743 485
206 477
770 81
518 376
924 699
258 341
897 695
64 20
454 324
727 340
312 146
312 180
498 618
331 365
270 876
207 320
430 792
12 226
357 869
469 938
656 562
143 231
334 832
613 733
320 282
548 691
872 48
119 730
392 565
766 256
778 38
44 28
683 744
443 313
752 458
715 329
616 327
203 497
441 619
338 528
378 838
418 124
794 361
189 621
752 905
253 174
127 277
481 637
476 27
89 891
761 584
511 906
212 667
266 406
360 261
881 750
481 52
505 789
319 148
472 568
435 533
816 233
530 798
25 554
384 238
365 400
71 506
697 334
496 281
306 917
839 464
61 428
786 753
879 697
687 305
480 314
379 489
355 686
886 835
57 439
449 750
195 918
607 721
829 31
388 818
424 694
421 112
854 803
964 963
376 675 314 808 373 401 598 481 466 506 507 541 256 120 215 749 326 142 588 486 580 72 254 201 141 158 1 79 217 349 88 899 456 315 659 390 289 577 370 330 644 432 831 538 153 229 416 540 10 843 867 891 713 814 500 597 775 758 611 543 738 312 915 752 100 105 724 214 94 192 458 509 350 225 759 537 806 749 361 260 163 839 602 750 762 618 922 24 154 508 729 385 308 432 558 260 441 541 245 736 108 669 846 690 41 724 260 391 91 554 323 683 547 100 162 911 651 480 65 600 81 568 900 646 93 83 542 866 902 44 111 608 789 633 527 382 264 501 485 759 445 342 344 729 64 428 857 507 229 420 324 395 668 254 698 753 231 456 722 870 671 9 209 151 587 654 464 348 495 220 509 385 627 32 826 316 382 854 45 433 455 631 115 556 875 535 661 847 845 47 758 729 25 816 231 900 701 266 541 48 247 646 331 58 253 249 856 302 303 286 910 713 197 40 934 179 855 742 477 226 151 941 354 718 150 45 153 419 727 49 750 174 151 426 172 376 911 960 635 430 581 569 18 339 359 751 297 429 507 935 648 52 217 637 167 233 464 961 704 180 942 441 132 251 563 204 46 209 417 885 453 640 959 737 563 220 774 793 601 385 875 454 720 596 208 287 27 610 162 131 815 504 788 152 502 70 195 644 40 309 240 884 464 804 254 660 856 502 361 237 341 127 67 316 392 126 263 291 504 290 485 819 250 114 703 568 820 63 344 503 222 338 35 633 856 799 216 338 361 47 100 115 861 783 944 751 164 843 510 822 346 568 820 557 825 366 3 344 218 915 700 388 688 102 507 101 839 424 635 513 266 803 775 491 730 506 633 37 557 42 133 351 311 768 327 722 409 717 62 101 477 292 769 11 535 244 314 955 739 607 266 303 936 912 339 358 391 382 178 182 342 823 281 14 129 370 258 797 793 753 334 237 640 728 35 929 766 544 130 71 555 185 865 523 810 268 683 854 348 525 475 424 883 562 81 211 351 651 889 246 873 960 226 323 607 822 908 8 621 746 470 218 667 61 233 209 116 878 659 17 909 103 673 933 936 488 609 287 826 54 637 385 457 709 58 947 410 327 150 774 44 663 30 198 239 35 125 178 187 698 279 859 642 134 703 868 26 788 166 369 264 811 605 607 370 637 266 757 14 661 52 78 156 906 491 797 416 899 269 380 350 781 284 442 956 736 637 525 691 714 774 909 291 418 181 459 410 170 303 174 254 630 290 369 964 379 540 795 433 709 493 733 9 93 653 808 362 132 527 921 505 534 615 179 606 128 526 369 504 710 460 737 186 681 233 426 744 643 701 154 542 274 526 209 428 548 270 56 340 286 294 375 168 433 764 464 61 392 890 681 401 864 237 134 686 519 535 961 436 488 754 492 936 325 131 722 939 270 947 170 207 443 5 931 142 693 542 50 205 542 723 804 903 97 907 709 811 727 639 610 101 656 188 664 765 834 192 154 927 125 765 207 558 638 624 885 93 529 895 276 797 918 104 269 932 799 41 231 496 920 154 109 926 18 773 430 295 702 289 476 711 183 451 286 781 43 348 322 556 238 117 375 557 893 402 468 286 652 839 143 645 753 521 79 851 119 159 686 733 711 327 604 575 347 13 355 372 718 951 421 87 937 256 712 161 862 868 741 757 947 801 5 246 787 253 155 181 690 866 197 288 719 77 455 888 669 235 542 719 720 647 398 339 951 494 532 370 165 798 657 267 321 299 297 260 660 861 57 758 703 668 742 103 618 231 935 12 178 130 931 411 363 399 445 807 511 961 286 839 194 424 479 562 208 706 716 630 3 921 457 784 646 111 169 442 342 617 34 253 773 441 487 755 565 188 662 123 858 840 87 328 242 14 747 473 2 513 713 332 428 910 48 358 407 882 211 457 597 964 596 867 446 196 313 299 526 76 278 899 198 235 257 541 752 813 865 885 310 964 804 322 475 439 529 477 659 689 650 404 434 70 599 292 293 283 410 432 324 61 492 636 793 282 218 134 28 180 290 644 597 568 722 565 785 892 464 267 197 137 384 544 557 685 937 766 202 479 868 689 125 134 389 40 842 194 221 804 442 291 361 564 361 664 781 8 33 901 630 838 665 725 209 40 839 645 649 768 130 835 757 538 916 364 275 597 685 54 467 290 427 435 534 400 40
376 675 314 435 373 235 197 61 466 61 507 453 256 120 215 749 326 142 588 235 376 72 27 201 93 158 1 79 217 87 88 105 456 315 659 390 289 526 370 330 470 432 831 538 153 229 416 540 10 54 143 891 713 126 254 18 775 758 611 342 330 267 432 752 100 105 477 214 94 192 458 509 9 225 174 537 806 749 130 260 163 342 153 170 225 382 922 24 154 70 334 385 48 432 235 163 303 535 245 664 108 507 768 231 41 334 260 251 91 432 323 179 376 100 162 26 604 288 65 101 81 43 64 154 93 83 291 866 902 44 111 434 391 40 369 382 251 410 385 759 127 342 116 729 64 428 76 61 111 420 13 226 668 254 698 753 231 12 411 540 286 9 209 151 153 418 361 348 495 220 509 385 627 32 14 316 266 854 45 5 455 303 115 246 557 535 661 847 398 47 392 729 25 155 231 150 701 266 78 48 131 172 331 58 91 192 309 302 303 286 910 56 197 40 701 179 855 292 477 10 116 941 354 78 65 45 153 419 327 49 750 174 151 209 172 130 736 659 134 340 565 569 18 339 359 170 297 242 455 351 1 52 217 475 167 233 65 961 211 180 753 441 132 251 81 204 46 209 417 885 453 153 513 558 563 220 599 291 370 385 284 454 256 596 52 287 27 109 162 131 361 504 788 152 258 70 195 70 40 309 137 597 292 804 254 660 856 102 361 237 134 127 67 316 392 126 198 220 284 290 485 819 35 114 703 418 207 63 134 131 222 338 35 342 198 513 216 338 361 47 100 40 178 159 944 751 164 342 510 233 346 120 432 557 14 63 3 344 162 182 700 129 688 102 507 101 839 372 115 513 266 660 256 491 179 130 303 37 404 42 14 170 311 379 327 491 342 479 62 101 477 292 769 11 535 56 314 231 12 607 14 100 890 155 339 151 195 382 178 182 342 823 281 14 129 64 258 385 492 158 334 237 42 428 35 929 453 87 130 71 555 185 150 523 40 268 56 854 348 416 475 239 455 562 81 211 351 151 889 134 77 361 226 323 538 178 369 8 103 270 470 218 477 61 233 114 116 40 659 17 102 103 673 142 936 402 256 287 233 54 342 385 155 709 5 947 410 131 150 774 44 663 30 198 239 35 125 178 187 322 279 859 642 134 703 370 26 788 166 369 264 811 605 455 328 361 218 661 14 163 52 78 156 703 52 174 416 899 269 286 350 781 284 442 125 736 433 475 540 540 370 278 291 418 103 459 134 170 172 174 254 321 290 105 964 379 339 688 433 5 211 117 9 93 9 181 340 50 527 660 286 382 615 179 606 128 526 369 504 710 278 703 70 48 233 288 323 246 701 154 542 3 526 209 270 548 270 56 340 286 294 93 168 292 269 435 61 392 890 643 401 864 188 134 40 475 535 129 436 488 535 289 2 325 131 392 209 270 947 101 207 52 5 556 142 348 496 50 205 119 9 504 295 97 188 709 100 727 607 372 101 435 188 130 316 563 192 154 282 125 765 116 41 391 624 885 93 529 251 37 797 392 8 78 48 799 41 231 496 700 154 109 709 18 605 214 295 91 48 217 218 88 170 286 781 43 289 322 54 238 117 375 557 376 402 182 286 268 11 143 266 753 521 79 751 119 159 214 76 711 162 604 575 347 13 355 372 291 951 91 87 9 256 162 161 862 2 741 269 9 295 5 246 168 253 40 181 382 385 91 288 719 14 455 888 669 235 284 24 720 153 398 208 130 494 93 370 165 286 657 218 321 299 18 260 660 81 57 134 703 523 742 103 52 231 935 12 178 130 724 411 363 12 11 410 52 9 47 466 70 57 172 93 208 706 615 630 3 921 457 784 220 111 169 91 342 56 34 42 64 441 487 93 565 188 662 123 9 504 87 328 242 14 683 137 2 513 134 63 119 18 48 9 407 18 211 30 597 964 302 867 446 196 313 299 410 76 278 899 198 40 257 128 752 507 50 131 27 372 330 322 467 292 216 477 659 689 24 404 434 70 153 292 293 283 410 432 324 61 492 636 793 282 218 134 28 162 290 322 597 568 116 134 556 892 464 178 197 137 384 288 557 636 477 479 165 479 311 689 125 134 67 40 842 194 221 804 442 291 292 12 153 664 137 8 18 610 630 838 268 153 209 40 504 45 220 768 130 61 757 538 358 64 182 76 130 54 467 290 427 435 334 274 40
268 367
632 285
497 268
938 541
489 433
209 97
923 449
702 812
831 515
269 293
73 843
636 439
943 529
404 194
49 220
208 850
148 889
627 942
176 167
799 188
82 142
291 930
329 779
151 33
833 401
444 180
310 665
633 180
510 135
430 814
133 407
115 734
216 112
464 357
538 616
354 331
391 914
490 859
682 288
958 236
106 91
72 413
214 933
750 658
118 513
460 597
155 44
646 59
683 826
555 619
893 610
134 713
344 282
516 932
368 727
165 272
754 443
933 100
147 857
570 634
362 415
104 157
697 37
394 709
279 39
602 150
569 590
636 794
234 839
131 172
123 416
759 274
845 684
59 732
553 916
939 170
895 903
56 243
503 239
485 408
267 256
304 834
513 685
237 536
780 582
939 736
129 960
952 406
961 652
320 456
487 856
6 95
704 1
267 500
606 4
264 137
713 23
863 576
705 476
297 222
527 156
540 46
254 726
676 852
423 380
747 228
733 55
831 431
701 78
930 883
392 218
430 765
498 456
396 598
633 560
946 276
230 175
556 198
740 895
721 928
128 591
4 22
27 865
11 393
867 686
205 178
709 794
533 281
116 507
83 761
231 355
286 351
523 119
439 780
876 238
469 64
29 690
253 964
904 634
767 541
483 404
595 424
670 378
528 906
753 451
635 187
35 653
920 345
305 126
330 488
450 266
947 90
210 476
225 119
369 183
421 154
385 475
44 731
195 745
850 191
442 52
314 478
25 667
217 196
434 263
625 201
496 532
874 620
344 717
547 886
87 512
418 482
578 457
199 224
805 927
915 204
165 227
563 828
742 322
911 751
479 890
647 96
461 5
89 124
555 338
883 604
472 153
376 429
440 47
958 872
51 710
286 638
741 687
520 81
785 417
111 738
913 891
795 502
360 954
544 326
19 93
722 117
820 145
436 940
838 614
174 371
608 672
294 484
280 384
728 543
76 492
702 25
346 715
464 949
101 755
31 223
79 764
553 378
677 663
770 432
748 744
588 610
367 925
811 42
330 867
298 681
683 646
16 644
870 40
131 651
631 327
219 576
236 764
391 447
197 152
870 824
678 854
373 13
445 463
342 615
868 287
622 37
838 779
901 862
607 864
800 296
566 747
775 135
258 506
354 185
162 843
772 552
565 797
141 312
171 363
15 848
499 671
818 898
481 142
237 908
605 529
58 849
840 640
201 164
369 601
742 259
449 181
900 302
258 717
885 215
455 951
760 36
138 718
881 583
467 902
851 379
168 452
889 10
459 783
176 655
279 333
906 600
956 789
575 343
766 125
9 799
336 370
650 368
289 721
161 422
527 349
905 755
352 863
496 934
36 618
673 935
336 157
621 729
382 240
736 589
545 509
837 273
904 699
760 811
897 115
151 725
335 441
126 715
317 860
796 252
359 517
928 508
957 111
534 586
837 668
74 85
923 435
384 556
262 270
832 248
423 231
88 878
494 12
170 398
355 401
55 154
761 315
571 707
926 475
299 282
772 892
70 470
58 486
73 49
407 297
592 963
624 847
390 630
133 664
573 806
877 685
113 704
352 14
385 229
722 644
270 320
130 776
421 91
817 396
897 359
122 696
862 460
181 249
514 3
526 550
787 931
204 552
481 387
79 948
235 497
903 547
637 426
232 75
241 824
932 941
851 7
703 919
264 669
239 504
573 41
872 538
757 20
343 907
410 706
392 228
334 212
611 910
804 763
87 358
922 260
341 81
770 444
567 599
275 656
601 186
567 240
242 305
158 931
134 435
564 823
537 569
675 918
218 303
506 39
686 68
480 388
190 427
894 599
911 586
310 676
248 358
737 836
422 505
454 587
443 332
64 418
96 520
300 891
594 561
80 124
566 473
739 674
121 777
328 356
816 60
244 596
574 375
881 558
140 14
835 909
860 30
588 743
265 121
511 671
213 7
679 637
412 562
641 162
648 117
129 738
29 92
608 191
188 518
720 60
865 365
784 465
821 777
271 427
54 316
127 432
710 810
559 537
489 668
149 813
463 682
211 708
493 847
246 548
158 399
887 63
480 50
680 494
888 2
907 788
109 688
697 531
466 813
672 626
277 882
339 657
257 225
397 269
175 414
263 786
665 873
873 604
631 107
466 324
485 560
759 88
829 428
694 530
347 522
855 809
521 784
15 502
461 41
474 226
445 325
516 458
910 350
104 398
138 487
213 11
861 214
178 642
52 17
200 486
328 846
149 648
561 446
413 333
17 793
785 803
719 857
577 19
707 405
658 525
934 909
415 618
758 533
524 945
571 773
206 284
893 659
606 961
254 441
364 471
315 818
335 317
221 143
70 362
307 349
719 955
750 815
662 221
689 93
301 896
337 798
803 564
887 948
596 823
410 954
192 372
861 468
796 943
155 285
477 283
635 956
768 916
654 376
816 334
452 339
500 871
792 926
420 26
754 514
331 322
675 842
695 659
953 822
691 462
153 888
403 609
959 523
327 492
429 752
172 696
207 389
290 488
793 787
152 453
949 71
187 518
645 825
340 798
898 679
714 519
459 763
840 324
469 491
884 105
743 184
69 585
874 337
166 381
321 54
575 766
866 568
666 284
296 298
351 184
558 363
528 509
629 140
24 62
309 116
306 273
565 732
353 94
937 288
687 643
468 746
595 597
38 593
426 394
387 864
884 390
584 894
66 554
938 515
963 723
678 727
33 924
854 431
350 465
379 879
947 103
255 806
499 375
546 691
698 700
283 13
526 774
247 756
402 114
917 915
448 412
944 579
146 424
374 386
880 295
348 411
652 76
395 621
577 781
733 950
419 890
670 695
65 957
252 525
827 28
98 836
532 409
262 198
120 247
381 519
238 919
167 309
844 805
42 18
34 80
936 684
769 94
669 150
103 804
45 882
531 360
821 304
833 753
208 147
952 809
1 21
132 880
581 542
132 786
161 530
708 940
303 311
217 457
212 598
85 233
815 730
229 308
295 417
498 660
749 92
100 47
27 251
856 795
690 265
373 925
638 866
797 641
314 3
321 741
748 136
712 628
8 607
194 868
34 625
913 962
562 701
259 846
395 714
241 211
653 110
316 425
128 69
585 479
414 853
654 256
711 619
454 294
144 726
56 97
511 705
9 725
776 372
563 740
724 734
177 371
706 616
114 647
67 790
769 694
318 812
661 24
875 67
86 2
377 182
935 146
535 484
364 308
46 693
649 505
551 720
802 549
207 300
224 674
700 927
629 869
855 232
645 613
312 582
57 77
844 35
127 728
156 261
82 21
800 90
84 693
348 370
197 215
664 723
917 388
420 123
574 612
539 557
905 735
902 89
703 399
139 482
751 118
250 447
912 203
192 190
539 440
442 495
12 271
746 483
325 524
109 205
628 366
292 829
612 45
380 819
491 148
174 107
202 802
622 580
307 163
177 711
730 688
735 852
30 830
77 756
878 102
853 900
951 559
624 75
173 643
159 655
953 820
189 773
8 411
716 877
209 185
810 510
472 768
849 193
602 667
677 801
871 899
699 50
436 611
72 886
828 593
584 200
249 775
356 839
223 216
400 543
791 778
792 656
61 40
289 451
649 455
6 757
261 61
83 227
832 290
179 945
859 752
438 587
78 293
5 885
493 899
160 540
623 737
313 729
807 43
281 179
724 620
462 771
551 169
590 253
845 841
340 568
99 125
210 53
758 319
86 572
278 929
554 32
141 767
490 26
347 955
504 329
592 357
280 892
924 617
535 660
112 53
346 470
57 875
220 245
222 478
242 822
416 145
38 377
572 136
921 450
615 22
745 544
512 255
366 71
313 922
583 48
62 771
960 257
650 869
139 841
858 581
623 879
501 550
235 202
579 808
912 626
233 448
345 517
168 507
230 386
311 921
617 98
673 546
244 557
84 630
219 186
835 301
291 260
106 962
278 458
545 783
102 365
28 275
101 666
657 206
319 63
920 471
639 65
819 130
419 508
382 548
801 778
434 781
605 16
246 827
163 105
830 428
323 501
409 594
31 692
226 600
536 814
48 160
318 276
234 942
698 338
383 108
406 164
251 937
826 397
639 749
807 203
914 408
834 437
193 393
614 453
196 433
361 680
342 299
245 782
95 274
51 580
20 477
950 534
32 739
613 374
195 858
137 108
353 110
332 692
842 689
250 144
341 808
941 272
944 642
18 474
66 389
122 896
718 68
791 159
663 661
681 10
183 589
361 400
744 603
731 825
908 712
182 402
609 473
762 189
789 292
43 495
632 521
762 446
503 403
120 651
603 929
788 591
848 578
936 774
383 918
522 199
876 782
640 716
817 437
323 425
166 326
302 959
542 627
549 964
662 467
306 570
790 438
243 277
946 169
405 99
74 173
901 113
23 287
171 765
963 962
428 457 660 146 667 346 339 940 935 38 180 837 834 502 680 867 519 814 667 565 172 943 331 516 481 317 96 497 947 875 151 429 716 939 501 122 215 944 814 101 381 958 244 963 715 910 226 24 568 659 561 27 949 234 309 248 931 742 578 787 632 235 218 839 279 358 846 101 865 36 839 462 289 718 440 204 694 336 331 722 938 374 745 186 687 848 225 554 601 175 434 849 797 701 477 199 408 740 129 379 81 937 361 720 260 125 946 631 135 878 134 619 689 404 235 797 607 14 266 579 321 756 6 547 376 577 101 364 869 559 909 797 626 82 248 212 404 727 552 942 297 793 353 148 894 817 371 694 38 551 785 915 286 890 278 461 6 262 386 160 739 305 656 40 928 396 444 912 684 650 429 346 391 304 778 377 638 784 168 803 853 576 329 187 127 819 524 141 545 400 506 39 384 68 603 211 572 341 518 830 376 764 795 689 604 167 461 229 889 374 290 922 145 873 477 731 273 145 7 481 183 89 845 802 832 520 458 307 902 917 154 902 929 916 817 582 358 7 208 825 83 83 374 571 174 5 163 211 383 774 88 772 301 261 576 350 211 915 594 767 829 172 794 853 605 518 10 361 126 604 85 958 906 292 177 641 195 706 291 907 571 670 652 526 779 91 59 86 122 678 329 66 678 355 508 917 304 768 822 42 344 569 482 838 778 510 36 601 830 394 524 511 134 542 848 388 706 719 366 224 358 184 298 831 766 630 452 819 500 12 504 67 836 398 216 948 18 441 203 247 135 349 74 679 305 876 615 834 877 97 919 866 258 937 884 286 354 332 596 534 768 151 851 867 398 912 691 432 102 295 80 897 370 639 817 404 560 354 374 868 482 68 891 563 914 59 458 616 94 398 223 19 409 131 104 126 857 707 960 685 651 714 332 370 114 307 401 352 808 920 638 4 602 744 641 117 962 903 655 88 940 629 526 914 559 549 7 667 332 942 526 330 459 945 936 633 91 359 755 454 291 159 918 136 39 402 593 292 585 618 492 286 552 711 475 4 106 66 102 749 573 838 393 761 863 694 293 182 155 201 101 700 216 330 164 464 887 585 531 928 396 447 19 413 559 267 325 412 261 893 570 957 741 591 404 211 580 118 70 22 379 763 82 784 452 736 386 357 362 41 202 237 447 349 128 754 235 98 297 274 275 76 903 563 372 23 886 725 376 952 282 600 18 826 245 73 542 43 822 917 844 778 668 297 882 138 893 173 221 115 360 815 348 764 31 363 839 655 431 900 893 675 489 292 370 432 178 423 717 782 331 444 250 895 60 675 950 267 58 595 830 731 420 744 666 680 23 43 638 382 878 804 553 682 472 509 715 863 183 939 519 266 128 821 884 633 767 794 141 523 820 546 50 319 398 372 805 709 382 61 908 129 246 959 753 455 596 382 711 574 447 483 181 401 246 349 714 506 271 481 98 682 948 700 122 904 562 50 376 499 54 78 770 287 399 573 516 166 798 228 55 144 934 217 571 242 25 208 142 368 283 252 263 584 464 183 669 210 806 38 493 960 754 603 736 169 605 717 536 808 794 166 564 370 293 643 232 605 849 912 238 108 577 922 947 839 52 7 108 550 462 346 403 415 725 570 865 193 516 624 613 550 548 229 10 580 364 503 371 804 655 151 204 881 261 926 292 113 283 573 302 323 388 611 46 788 224 902 370 295 912 349 378 825 164 822 263 793 420 63 281 535 827 418 172 884 669 506 927 33 564 342 551 176 488 845 208 323 567 169 635 684 583 141 905 140 829 77 31 388 765 305 80 311 31 914 231 49 702 101 316 671 917 2 533 148 735 394 515 348 136 909 846 204 621 56 626 165 696 663 220 398 934 896 675 137 665 670 824 139 315 839 412 294 388 956 797 2 408 209 815 431 220 391 125 678 417 28 540 133 355 61 763 125 528 891 958 530 562 812 870 408 21 582 31 225 872 950 472 661 676 887 683 886 191 476 261 689 699 428 328 674 821 552 796 368 225 869 172 895 300 7 445 71 556 457 164 345 477 736 708 898 561 514 307 945 89 72 738 83 309 461 101 710 833 7 120 688 146 172 827 160 51 682 319 853 14 643 175 24 136 403 818 102 319 417 587 634 796 778 379 383 626 963 869 608 343 704 736 609 271 131 213 490 603 542 907 822 771 626 818 705 847
7 4 10 59 19 22 33 43 19 7 7 7 4 19 23 7 2 7 23 6 23 22 7 6 4 2 2 7 7 18 7 19 18 2 7 7 7 22 19 7 7 4 23 7 23 14 10 24 5 4 10 7 18 19 23 7 7 23 6 2 2 6 7 2 6 6 7 2 18 4 23 4 19 7 12 7 5 19 7 2 19 2 2 19 7 18 7 7 2 24 2 2 19 7 6 2 7 7 2 2 2 6 2 4 23 2 5 4 2 5 24 7 7 4 7 43 6 6 7 4 19 2 4 7 2 6 4 4 6 38 6 19 2 4 7 33 18 10 2 23 23 10 7 7 7 38 5 33 14 7 6 4 24 4 5 10 6 4 12 23 7 7 24 2 2 7 7 19 4 10 4 4 19 7 4 24 24 7 6 7 6 19 23 18 7 24 2 5 7 23 2 24 4 18 18 4 6 19 19 5 24 10 7 23 4 24 7 23 7 5 23 24 5 2 4 4 7 19 2 2 7 23 18 7 4 18 4 10 4 7 2 19 2 2 4 4 7 756 4 12 18 6 18 7 6 2 23 10 4 4 2 2 4 7 4 24 7 2 7 4 6 24 18 7 10 7 7 7 19 24 4 5 2 19 14 24 4 4 6 4 19 7 2 7 10 7 23 33 5 23 6 7 2 18 4 6 7 4 2 5 7 22 6 4 7 2 5 4 23 24 23 23 23 7 6 7 7 24 22 24 6 10 2 23 7 7 24 5 2 5 2 43 10 4 23 24 18 2 12 4 19 19 2 43 10 7 7 4 2 6 7 23 12 4 5 18 23 5 2 4 2 4 2 19 7 7 6 19 19 23 22 19 6 4 4 24 7 19 18 2 4 4 4 5 23 19 2 4 6 24 7 4 5 2 5 7 2 19 10 7 19 4 19 7 10 6 19 7 10 19 22 4 7 7 4 38 7 7 7 6 43 4 6 7 7 10 7 18 43 4 5 5 6 4 22 4 6 10 19 22 6 4 6 19 2 7 33 7 19 4 19 7 19 19 23 4 24 7 43 23 19 24 24 4 7 7 4 23 2 4 19 2 4 4 2 7 5 5 12 2 4 2 19 7 2 19 7 4 19 7 2 4 2 6 25 2 4 19 38 7 14 19 7 2 2 24 4 33 19 7 23 24 19 6 2 12 4 24 7 7 2 4 5 2 7 7 4 7 7 2 23 4 7 24 2 24 5 7 7 6 23 6 4 6 2 18 2 6 6 24 19 4 18 18 22 14 4 4 7 6 6 10 7 10 6 4 33 7 23 7 2 24 33 2 22 2 2 18 2 7 6 7 7 2 5 5 7 33 22 2 10 4 7 6 10 19 4 5 2 10 23 7 7 10 6 59 24 2 24 43 19 18 18 2 23 10 7 2 2 23 14 2 24 2 7 4 23 2 7 19 12 19 7 2 10 7 18 18 2 5 18 6 18 6 10 18 19 2 7 6 4 19 7 5 24 5 4 14 2 10 7 10 4 2 7 6 24 7 24 7 2 12 4 6 7 24 2 24 18 10 7 18 4 23 5 6 2 4 23 7 18 2 6 10 19 4 2 4 43 18 23 4 23 7 7 7 4 2 2 10 12 7 19 2 10 10 2 10 24 2 6 4 7 7 10 24 19 2 10 10 23 7 6 19 6 12 7 24 2 2 18 43 7 10 23 5 4 19 7 2 7 7 19 2 2 7 4 18 24 6 10 10 23 2 24 33 2 6 18 5 7 18 2 23 2 2 5 18 2 2 18 2 4 7 7 24 4 23 6 7 6 7 7 5 4 6 7 2 2 6 23 4 18 2 7 2 7 2 5 23 18 2 18 6 19 5 14 19 7 19 7 7 14 7 19 22 12 7 24 12 24 19 7 4 4 4 19 2 2 6 23 18 2 7 24 2 19 24 7 2 4 6 7 24 33 2 38 4 6 6 10 7 7 43 7 2 7 2 4 7 2 6 4 10 24 12 6 7 33 24 18 6 7 2 6 4 7 10 7 5 2 7 4 18 19 6 18 7 24 2 24 4 14 7 2 18 6 7 19 12 12 7 4 7 7 2 5 4 24 24 14 7 18 2 7 6 2 10 2 18 5 24 7 23 6 10 4 4 7 23 4 4 2 7 4 24 2 43 2 7 4 7 19 6 4 10 5 10 19 24 4 18 10
398 407
509 121
742 699
830 353
661 950
743 305
566 154
263 553
234 764
762 595
330 307
347 28
956 718
198 403
435 555
48 512
938 362
850 839
75 911
292 145
621 817
819 500
483 734
170 725
487 670
304 422
320 676
106 916
190 601
701 141
207 575
300 917
357 71
309 468
526 88
331 671
884 739
839 299
339 75
941 464
311 511
647 551
808 850
213 585
642 768
150 784
310 212
431 523
774 841
493 139
152 176
166 853
338 99
569 701
192 462
737 912
399 564
829 550
64 165
68 343
218 78
382 592
641 682
42 688
930 53
591 333
946 262
471 341
456 348
876 631
138 762
359 871
141 160
172 70
607 153
322 47
343 692
891 82
7 288
162 41
812 338
595 956
675 29
291 926
268 805
852 151
411 38
791 350
11 805
11 792
540 367
796 882
397 61
240 911
808 100
810 841
202 680
655 376
918 374
816 794
313 311
507 657
152 50
491 96
568 867
489 364
27 482
770 640
424 418
794 188
570 844
915 668
90 932
196 886
151 65
365 35
942 481
8 116
429 421
424 1
413 690
619 187
717 628
83 843
529 675
638 33
146 499
297 178
960 919
293 755
111 192
97 314
54 372
866 349
757 522
753 734
705 878
103 191
73 630
830 855
864 8
132 407
387 323
601 455
959 368
53 195
277 227
962 643
147 330
797 377
832 218
225 50
513 368
542 800
809 384
2 951
109 677
96 82
711 736
486 630
823 149
221 135
502 369
416 130
954 686
309 19
770 585
166 404
810 684
446 712
885 242
448 400
242 131
232 909
71 43
752 790
927 767
957 809
10 76
236 412
491 599
214 720
366 419
528 203
535 624
2 802
693 742
779 547
620 222
443 814
58 396
816 328
651 70
614 584
319 575
649 56
57 427
165 868
577 164
384 393
271 557
834 215
346 56
187 547
261 954
826 555
672 711
411 6
453 449
910 827
329 258
590 101
470 663
582 178
156 345
352 724
357 763
121 451
704 143
939 821
728 299
835 722
648 871
858 873
199 342
25 558
206 765
297 74
685 432
887 862
335 541
326 466
389 303
495 655
394 782
857 130
505 659
899 356
887 828
86 241
823 658
410 403
846 530
390 111
690 751
727 378
723 819
825 652
795 698
99 697
437 20
740 714
925 44
4 475
164 505
478 77
31 458
157 721
497 415
618 579
553 842
264 580
820 611
462 667
807 74
891 27
380 258
779 755
81 713
963 285
503 636
500 347
538 23
738 318
310 176
346 889
38 440
888 694
631 339
619 482
49 107
252 524
883 414
257 37
184 781
295 360
641 294
181 66
569 55
780 924
316 292
859 389
672 827
256 336
587 87
791 860
777 155
934 370
264 756
523 328
583 284
48 960
133 754
455 627
301 476
549 885
371 589
142 716
185 135
148 7
556 921
881 194
928 888
60 782
766 879
229 354
423 859
612 700
40 97
856 89
37 28
666 560
633 519
430 434
874 694
582 124
944 124
903 556
32 5
270 376
86 897
467 955
268 756
190 204
209 52
230 119
363 106
261 118
657 172
294 700
228 562
331 214
520 267
750 234
364 647
580 712
42 473
333 438
527 304
550 572
789 279
772 813
326 904
844 939
383 698
499 125
327 786
419 476
22 371
797 925
301 85
953 410
276 518
168 9
396 771
425 150
390 854
923 778
533 12
404 466
26 740
160 940
324 105
250 937
638 906
483 461
785 484
566 123
833 189
705 254
534 946
908 224
233 64
913 108
767 929
842 637
427 12
598 656
337 811
588 148
902 205
907 735
415 527
831 719
934 312
538 144
581 877
847 93
504 664
496 571
632 832
898 510
539 793
445 485
117 494
274 398
537 200
831 506
614 776
610 429
883 76
629 771
321 126
250 543
951 340
732 863
386 453
114 670
709 233
251 634
454 73
235 308
552 128
603 743
93 895
137 226
131 814
235 783
271 253
39 54
710 662
952 351
175 114
355 289
798 535
412 278
241 379
572 186
526 317
642 20
105 140
656 586
388 334
193 836
336 786
576 521
625 16
560 126
170 662
632 727
1 446
269 369
127 158
606 14
401 269
68 750
602 221
254 418
290 287
649 52
696 255
465 143
46 817
100 475
898 865
382 260
664 109
485 380
745 689
161 266
944 238
686 926
714 846
437 65
49 110
521 139
122 728
149 621
683 193
3 564
708 17
747 683
211 615
438 660
439 513
260 255
385 801
498 232
458 870
293 125
291 840
444 198
532 216
948 447
342 439
504 251
590 905
577 220
748 14
223 778
449 695
327 669
72 253
307 395
765 875
58 531
574 634
881 894
239 381
229 834
603 237
270 901
611 713
849 87
867 792
391 41
175 869
112 490
935 95
804 103
744 761
168 378
69 243
84 498
609 536
142 857
659 838
332 116
515 804
696 456
861 936
644 179
19 801
252 773
171 488
51 322
557 747
243 643
640 395
406 59
314 784
933 145
428 741
900 622
901 829
961 280
332 459
289 537
405 3
876 159
644 852
654 586
275 501
298 851
833 528
359 608
684 689
717 949
725 761
325 408
606 4
460 313
799 306
341 401
413 217
917 77
5 596
481 134
442 955
604 600
362 72
904 391
653 602
836 388
559 282
666 903
948 610
961 402
377 807
358 931
788 45
928 265
433 733
115 625
732 465
874 715
589 435
409 861
766 567
240 479
436 158
285 47
915 665
358 355
280 488
432 777
259 653
115 853
741 69
320 177
806 323
259 914
907 549
862 31
502 818
605 181
651 474
144 593
515 775
140 460
89 754
81 596
718 248
273 773
370 45
129 561
267 617
319 440
197 24
102 117
185 91
169 450
524 775
730 591
351 889
822 366
496 812
866 220
436 869
374 707
729 716
924 480
608 943
545 363
645 202
283 574
51 680
288 573
171 597
315 650
352 247
443 542
236 945
104 464
477 200
409 265
373 433
408 490
533 828
783 420
843 80
772 137
452 113
799 83
646 758
230 284
508 855
208 312
79 417
517 13
837 39
545 838
648 61
636 912
508 136
239 626
248 744
154 348
33 379
167 681
795 354
692 576
493 469
554 337
796 605
848 256
29 266
837 281
454 909
283 947
95 594
9 281
134 308
57 529
44 785
226 554
46 501
673 702
811 803
16 563
32 953
845 607
375 392
726 667
486 815
375 913
98 113
479 516
592 196
806 916
691 769
746 110
228 426
335 208
613 223
94 952
735 544
922 36
450 722
211 731
162 583
616 729
127 334
209 63
441 350
847 15
688 216
687 219
613 781
626 941
120 215
430 663
757 707
894 195
645 958
933 503
958 600
798 571
21 15
746 516
325 282
938 902
457 759
445 739
679 356
497 473
584 231
848 726
622 943
206 518
950 174
856 60
919 676
43 615
477 654
163 177
478 210
315 118
353 736
112 207
627 541
452 35
506 186
942 25
724 174
153 463
189 525
858 422
604 562
581 896
156 138
760 179
129 406
658 921
628 273
769 612
511 290
298 205
678 880
448 167
878 870
623 932
361 868
616 963
381 893
107 272
128 893
463 212
802 492
80 92
91 34
929 246
247 620
400 865
246 300
639 17
635 936
687 387
697 900
820 753
872 877
525 723
224 18
373 650
136 573
397 927
245 548
918 517
472 133
104 383
306 26
480 776
345 399
222 763
6 826
344 699
949 677
163 920
492 227
59 441
431 890
472 671
514 733
668 510
905 947
197 789
906 263
13 558
324 183
90 276
296 674
758 930
277 873
305 863
543 673
428 646
279 548
444 551
845 920
191 329
182 451
494 594
199 372
568 257
495 302
813 897
822 36
468 774
426 635
278 467
803 923
287 940
709 639
520 365
147 188
405 715
910 159
674 66
665 587
908 629
146 416
22 302
474 886
884 764
123 402
423 24
470 546
40 559
98 238
745 703
864 344
710 660
180 706
821 539
286 914
749 737
706 790
286 244
768 245
213 393
108 945
922 849
457 623
385 21
231 618
184 578
522 249
749 237
459 421
788 880
132 461
340 392
563 244
895 78
155 890
637 962
92 34
937 597
851 442
55 531
489 84
579 624
935 420
101 720
119 316
62 760
303 730
318 669
617 824
787 169
173 959
704 94
931 210
691 679
695 748
102 693
661 67
249 835
122 394
30 546
530 708
840 321
552 225
272 957
800 367
317 793
681 161
349 780
818 173
23 180
652 182
599 469
79 414
738 875
204 731
386 825
201 719
721 872
882 561
274 471
219 361
509 815
854 512
296 514
183 703
824 63
702 360
536 534
434 532
678 609
567 447
217 487
203 425
896 565
194 682
879 588
417 67
507 120
62 544
295 787
519 570
484 593
759 201
18 88
85 10
565 860
892 751
752 633
578 30
899 262
685 598
540 157
1023 1022
1 2 3 4 5 6 7 8 9 10 11 12 13 14 15 16 17 18 19 20 21 22 23 24 25 26 27 28 29 30 31 32 33 34 35 36 37 38 39 40 41 42 43 44 45 46 47 48 49 50 51 52 53 54 55 56 57 58 59 60 61 62 63 64 65 66 67 68 69 70 71 72 73 74 75 76 77 78 79 80 81 82 83 84 85 86 87 88 89 90 91 92 93 94 95 96 97 98 99 100 101 102 103 104 105 106 107 108 109 110 111 112 113 114 115 116 117 118 119 120 121 122 123 124 125 126 127 128 129 130 131 132 133 134 135 136 137 138 139 140 141 142 143 144 145 146 147 148 149 150 151 152 153 154 155 156 157 158 159 160 161 162 163 164 165 166 167 168 169 170 171 172 173 174 175 176 177 178 179 180 181 182 183 184 185 186 187 188 189 190 191 192 193 194 195 196 197 198 199 200 201 202 203 204 205 206 207 208 209 210 211 212 213 214 215 216 217 218 219 220 221 222 223 224 225 226 227 228 229 230 231 232 233 234 235 236 237 238 239 240 241 242 243 244 245 246 247 248 249 250 251 252 253 254 255 256 257 258 259 260 261 262 263 264 265 266 267 268 269 270 271 272 273 274 275 276 277 278 279 280 281 282 283 284 285 286 287 288 289 290 291 292 293 294 295 296 297 298 299 300 301 302 303 304 305 306 307 308 309 310 311 312 313 314 315 316 317 318 319 320 321 322 323 324 325 326 327 328 329 330 331 332 333 334 335 336 337 338 339 340 341 342 343 344 345 346 347 348 349 350 351 352 353 354 355 356 357 358 359 360 361 362 363 364 365 366 367 368 369 370 371 372 373 374 375 376 377 378 379 380 381 382 383 384 385 386 387 388 389 390 391 392 393 394 395 396 397 398 399 400 401 402 403 404 405 406 407 408 409 410 411 412 413 414 415 416 417 418 419 420 421 422 423 424 425 426 427 428 429 430 431 432 433 434 435 436 437 438 439 440 441 442 443 444 445 446 447 448 449 450 451 452 453 454 455 456 457 458 459 460 461 462 463 464 465 466 467 468 469 470 471 472 473 474 475 476 477 478 479 480 481 482 483 484 485 486 487 488 489 490 491 492 493 494 495 496 497 498 499 500 501 502 503 504 505 506 507 508 509 510 511 512 513 514 515 516 517 518 519 520 521 522 523 524 525 526 527 528 529 530 531 532 533 534 535 536 537 538 539 540 541 542 543 544 545 546 547 548 549 550 551 552 553 554 555 556 557 558 559 560 561 562 563 564 565 566 567 568 569 570 571 572 573 574 575 576 577 578 579 580 581 582 583 584 585 586 587 588 589 590 591 592 593 594 595 596 597 598 599 600 601 602 603 604 605 606 607 608 609 610 611 612 613 614 615 616 617 618 619 620 621 622 623 624 625 626 627 628 629 630 631 632 633 634 635 636 637 638 639 640 641 642 643 644 645 646 647 648 649 650 651 652 653 654 655 656 657 658 659 660 661 662 663 664 665 666 667 668 669 670 671 672 673 674 675 676 677 678 679 680 681 682 683 684 685 686 687 688 689 690 691 692 693 694 695 696 697 698 699 700 701 702 703 704 705 706 707 708 709 710 711 712 713 714 715 716 717 718 719 720 721 722 723 724 725 726 727 728 729 730 731 732 733 734 735 736 737 738 739 740 741 742 743 744 745 746 747 748 749 750 751 752 753 754 755 756 757 758 759 760 761 762 763 764 765 766 767 768 769 770 771 772 773 774 775 776 777 778 779 780 781 782 783 784 785 786 787 788 789 790 791 792 793 794 795 796 797 798 799 800 801 802 803 804 805 806 807 808 809 810 811 812 813 814 815 816 817 818 819 820 821 822 823 824 825 826 827 828 829 830 831 832 833 834 835 836 837 838 839 840 841 842 843 844 845 846 847 848 849 850 851 852 853 854 855 856 857 858 859 860 861 862 863 864 865 866 867 868 869 870 871 872 873 874 875 876 877 878 879 880 881 882 883 884 885 886 887 888 889 890 891 892 893 894 895 896 897 898 899 900 901 902 903 904 905 906 907 908 909 910 911 912 913 914 915 916 917 918 919 920 921 922 923 924 925 926 927 928 929 930 931 932 933 934 935 936 937 938 939 940 941 942 943 944 945 946 947 948 949 950 951 952 953 954 955 956 957 958 959 960 961 962 963 964 965 966 967 968 969 970 971 972 973 974 975 976 977 978 979 980 981 982 983 984 985 986 987 988 989 990 991 992 993 994 995 996 997 998 999 1000 1001 1002 1003 1004 1005 1006 1007 1008 1009 1010 1011 1012 1013 1014 1015 1016 1017 1018 1019 1020 1021 1022 1023
1 2 3 4 5 6 7 8 5 10 11 12 13 14 15 16 17 18 19 20 21 22 16 24 10 26 27 28 29 18 31 32 33 34 35 28 37 24 10 22 36 42 9 44 11 46 18 44 41 5 12 31 1 2 4 56 57 26 59 8 40 62 26 8 46 32 6 19 69 15 28 72 73 74 69 76 77 2 17 40 21 35 5 62 2 86 87 5 20 3 91 5 56 13 42 96 44 98 15 24 74 11 103 57 3 87 31 33 35 110 103 28 53 27 25 29 13 24 18 22 121 27 13 2 44 116 21 10 129 33 103 132 65 27 73 116 127 20 5 86 53 142 143 3 24 25 59 6 17 17 132 4 44 2 142 35 14 7 49 19 33 60 129 14 66 132 27 76 18 15 22 110 6 21 86 20 33 26 22 4 7 140 149 151 20 37 8 132 87 98 10 19 151 74 10 5 53 143 18 69 73 7 132 20 4 48 103 21 5 29 103 53 22 34 24 16 59 14 3 5 14 13 1 10 11 53 142 35 13 17 96 21 74 35 235 36 3 142 76 26 13 31 145 31 132 87 20 73 186 7 6 19 33 149 13 59 114 3 5 46 76 18 32 3 200 103 17 32 16 33 28 61 150 32 11 96 73 11 103 46 28 61 21 27 13 103 33 140 57 1 2 20 149 129 8 160 87 73 4 129 22 26 48 26 10 60 9 7 35 27 252 6 11 31 13 129 3 151 65 252 65 37 69 22 132 114 19 124 11 129 1 77 96 20 48 26 110 103 55 13 186 132 15 14 96 8 34 82 73 21 57 24 34 11 129 19 5 62 101 2 42 2 33 252 55 1 12 9 2 6 3 46 110 124 110 149 87 3 13 91 22 46 5 55 3 9 20 8 46 19 62 15 15 19 29 33 103 235 96 69 49 150 77 13 69 65 29 73 20 151 98 59 14 53 56 200 4 62 11 33 18 5 11 21 25 73 12 11 62 15 18 20 13 46 235 77 235 7 8 132 103 5 62 22 143 11 73 186 15 73 19 48 8 27 35 44 61 103 142 110 103 3 91 19 3 151 13 21 96 2 21 77 28 87 59 62 186 20 57 121 19 11 17 7 59 110 101 55 77 27 4 12 121 37 28 10 2 128 4 21 19 73 48 11 20 42 13 49 131 129 73 62 77 29 110 17 21 27 62 235 1 59 77 4 114 101 145 59 2 33 34 1 6 35 53 91 160 22 5 10 7 77 142 7 34 15 73 29 1 42 2 61 132 59 3 17 103 3 235 235 24 5 33 82 26 3 28 96 33 3 40 65 55 18 116 7 76 110 73 29 26 206 41 15 20 110 69 36 61 65 32 29 22 73 53 37 19 103 9 103 1 79 14 96 27 86 69 15 10 33 20 60 17 46 44 26 46 11 13 143 15 60 21 72 1 11 114 114 61 77 35 14 129 3 9 10 33 11 6 4 22 127 3 103 18 87 16 34 4 25 103 98 91 6 19 29 96 73 9 11 132 33 33 15 132 59 29 34 5 36 27 74 34 18 55 17 33 36 62 87 44 2 18 4 10 121 121 200 12 76 34 62 20 13 60 34 15 27 5 142 110 4 82 73 3 28 12 151 12 132 14 11 35 59 19 21 186 46 5 17 42 77 87 235 2 13 186 8 142 24 143 61 235 29 103 20 5 82 21 14 4 98 22 4 103 56 46 35 34 87 129 8 76 41 72 44 1 73 110 143 132 69 21 44 87 11 20 37 4 101 86 18 28 11 61 110 61 69 46 21 6 46 1 32 132 9 129 12 96 103 28 19 14 61 62 30 6 19 2 103 27 31 87 11 62 10 103 3 21 12 6 73 46 35 10 55 235 252 46 311 120 33 20 37 29 2 26 103 2 8 110 21 101 33 4 87 44 235 87 6 143 6 27 6 21 32 17 96 19 1 151 13 19 14 74 127 87 18 121 103 103 42 12 37 21 132 21 1 96 8 48 17 34 27 129 8 101 36 87 15 91 149 14 11 48 3 8 4 19 20 1 65 31 235 121 14 10 79 11 25 26 73 35 8 44 21 74 18 29 1 91 29 8 7 27 65 114 142 14 9 49 31 15 21 44 62 6 18 132 26 77 33 31 2 53 14 48 36 120 22 12 57 128 143 3 18 28 2 13 14 69 77 62 73 10 19 36 96 21 103 49 25 4 17 121 82 151 37 32 73 87 41 110 27 98 24 110 20 7 42 87 101 160 59 116 20 149 3 96 143 15 186 29 13 46 18 25 20 62 11 37 73 27 30 206 32 48 96 17 33 61 15 28 110 87 18 73 18 132 132 149 82 53
595 212
460 172
267 516
683 674
439 64
74 194
444 381
579 902
98 742
283 127
720 1009
428 275
887 870
816 675
20 292
252 327
833 526
558 264
112 706
936 671
484 541
780 716
527 243
182 288
48 615
764 276
308 544
183 293
340 285
643 667
260 995
344 632
463 380
306 695
555 105
888 744
417 640
787 294
452 303
947 791
342 166
778 200
390 451
69 400
374 799
387 185
831 515
94 13
379 507
270 253
848 231
48 681
215 730
672 101
921 961
339 365
392 15
959 763
600 735
457 794
589 732
617 65
700 238
188 440
472 77
123 241
895 121
819 617
969 263
340 255
42 721
983 320
19 956
11 1000
899 884
409 89
973 375
283 832
168 479
310 874
543 155
217 528
227 459
324 179
572 321
287 363
987 376
309 82
301 940
180 205
425 900
405 762
565 827
391 476
988 705
694 852
772 908
909 734
664 923
286 860
186 968
288 319
378 945
204 986
140 182
443 795
613 898
577 650
348 98
60 904
148 639
137 856
246 189
691 749
785 579
789 657
735 131
603 413
802 933
169 431
413 950
645 18
68 655
779 372
51 12
367 707
175 606
547 954
883 164
154 291
977 390
275 423
622 876
216 16
620 625
800 458
546 697
619 117
723 765
1021 987
141 113
258 465
217 522
881 536
44 925
488 339
404 222
806 39
446 136
953 512
295 187
223 532
571 593
462 371
301 179
997 115
246 803
109 748
277 248
381 743
812 447
689 427
892 406
962 115
623 1013
198 944
875 163
67 781
573 365
269 216
827 63
564 228
737 422
513 332
461 338
993 407
944 841
690 239
653 911
220 259
572 133
476 418
493 121
736 334
612 306
234 534
387 279
917 326
556 149
201 1017
241 994
318 882
59 412
47 421
759 831
605 284
896 740
991 37
779 922
394 956
712 899
187 64
872 676
941 810
70 392
885 452
265 688
733 838
24 118
686 859
185 611
361 550
869 96
408 954
931 952
907 101
727 341
828 807
49 583
254 183
607 587
210 514
391 416
563 569
642 809
386 368
755 624
626 618
962 195
958 568
653 881
965 493
166 1019
437 435
445 198
250 541
232 471
798 296
876 453
915 974
505 823
100 352
756 615
24 352
524 205
596 494
152 702
790 211
783 850
103 800
908 946
537 296
989 469
971 1015
511 135
641 743
636 128
349 298
712 165
8 830
919 221
877 982
91 162
963 417
540 636
367 492
345 789
588 878
578 701
165 846
512 418
242 107
62 999
710 132
611 334
170 608
781 104
561 527
799 826
976 38
696 673
289 57
295 453
746 56
689 709
70 343
916 65
84 679
281 36
466 193
144 462
311 320
929 325
693 585
968 864
760 990
1007 871
430 608
686 965
429 443
566 886
386 307
877 487
385 90
901 930
584 621
829 154
437 560
717 992
61 571
62 519
843 518
249 864
837 905
448 717
660 774
844 654
769 744
834 161
879 87
573 411
156 713
226 414
495 281
309 109
978 998
972 583
835 491
959 906
825 575
1018 431
272 589
808 634
441 651
41 678
43 307
658 298
559 398
266 860
821 538
708 851
940 171
444 538
346 728
530 677
746 93
833 233
912 656
438 576
687 750
858 30
377 680
145 215
83 442
85 829
46 813
336 304
737 920
1020 553
516 273
628 257
807 211
125 456
192 501
16 23
778 607
677 177
410 466
668 347
783 331
751 129
897 128
68 889
147 666
208 865
360 529
145 561
660 423
914 544
528 475
276 958
523 489
722 894
582 1005
261 76
863 51
12 788
847 483
966 703
933 314
998 986
510 355
938 678
1 331
432 890
47 30
835 702
454 843
785 245
373 973
676 230
984 147
425 146
358 805
614 280
821 939
919 164
532 197
560 724
662 420
1004 796
993 29
252 792
85 470
384 55
424 21
771 175
219 237
474 839
1007 503
491 4
221 218
868 891
923 1012
63 178
111 207
21 81
970 704
960 509
816 384
754 508
520 435
782 995
788 941
703 348
254 602
599 635
473 28
33 822
262 1004
853 798
337 515
328 760
167 122
500 924
836 839
784 32
504 482
256 554
271 1013
858 674
939 402
645 1016
223 601
549 521
483 79
10 815
328 374
463 536
397 861
844 251
230 150
50 383
857 106
56 694
35 748
257 698
977 759
545 34
245 665
468 845
432 978
208 739
170 664
429 805
415 93
575 126
318 184
934 362
697 991
685 540
695 622
637 530
88 442
996 946
969 66
859 480
771 86
446 428
124 497
834 396
359 199
370 654
804 638
354 45
718 819
1022 564
100 599
981 87
818 311
6 173
871 937
880 584
728 887
548 667
736 478
773 271
719 422
499 180
436 542
502 812
172 586
840 6
926 358
796 31
985 126
1008 333
76 239
525 161
142 918
350 468
592 548
445 731
459 729
638 278
389 280
850 366
343 99
633 510
158 181
210 29
841 143
292 693
750 1015
314 893
322 37
477 992
629 794
248 450
577 753
874 114
580 825
885 206
54 2
517 500
110 586
294 751
842 811
873 673
229 13
82 156
856 272
329 774
39 10
742 190
317 144
404 433
828 131
88 699
91 380
192 597
44 97
552 777
529 948
929 1020
151 661
356 889
720 17
890 247
734 514
894 235
141 226
888 499
467 285
616 58
795 692
419 225
975 190
629 732
826 360
598 461
224 195
244 802
424 865
651 960
911 559
1002 450
72 624
344 218
124 682
303 756
982 526
14 711
268 1006
222 315
924 81
754 972
162 612
848 96
721 980
875 300
319 406
590 321
323 762
497 725
269 472
765 646
503 206
642 137
775 457
980 926
668 353
523 542
935 1023
505 20
801 605
236 670
286 207
120 22
378 570
685 806
570 371
383 209
747 434
97 681
17 872
138 176
729 543
775 1011
545 531
244 107
646 857
893 31
52 922
706 36
136 985
567 112
818 364
330 129
738 966
823 176
723 474
574 18
822 130
718 260
478 767
143 990
730 976
964 79
498 333
219 317
936 793
78 2
643 886
696 347
139 539
337 460
931 403
7 362
537 983
631 903
265 416
259 92
420 33
323 200
604 989
495 71
204 616
915 134
726 255
749 214
40 593
975 652
361 862
648 69
506 709
836 486
952 513
904 913
632 896
565 581
38 118
803 971
385 691
745 598
647 23
811 797
964 149
191 815
338 279
630 77
963 152
555 3
482 766
228 713
910 625
401 961
308 979
552 282
582 335
401 159
80 777
479 942
364 820
113 212
78 291
119 199
620 731
150 267
194 855
481 849
521 891
186 596
776 375
659 635
202 576
863 492
313 504
866 203
54 369
925 125
397 790
104 57
342 866
108 594
649 299
488 675
5 196
1017 511
524 684
9 139
366 757
355 163
1023 534
809 174
262 683
1008 231
950 711
373 701
592 395
669 719
3 237
587 75
724 817
580 116
201 73
345 604
256 984
480 687
249 341
55 684
243 300
455 903
58 240
316 787
174 867
35 814
324 22
140 606
861 557
168 690
914 72
533 927
927 173
270 287
531 214
394 715
974 1003
846 66
336 930
258 634
153 456
704 658
568 399
1010 177
652 411
196 562
671 122
89 247
53 757
157 647
672 74
322 824
382 434
7 158
261 753
581 26
160 792
937 335
290 549
467 949
116 912
393 430
1019 665
436 332
127 867
533 797
782 813
370 312
738 1022
410 184
633 316
525 917
853 464
553 851
708 967
14 883
19 655
509 649
25 496
837 764
213 40
289 351
1002 349
967 193
873 648
714 485
95 42
710 188
470 934
763 780
955 305
329 313
661 440
273 402
1021 882
997 146
278 626
507 330
451 501
741 4
869 469
458 745
377 189
563 363
758 73
650 900
766 11
916 133
171 213
892 590
1012 755
574 1018
1009 847
75 400
907 233
102 354
181 250
567 947
464 327
106 297
680 879
454 801
382 46
485 412
409 585
880 449
935 414
110 1014
398 520
111 103
913 439
517 716
862 95
130 663
657 399
852 949
569 108
901 26
906 350
535 595
99 546
1 290
768 824
274 268
253 932
884 618
61 80
619 726
600 441
591 784
556 613
395 909
232 832
169 421
988 945
669 9
60 8
28 791
489 630
234 631
700 870
264 808
938 670
957 588
679 519
235 838
498 943
752 388
594 970
494 1001
558 105
644 266
637 663
1001 768
1003 310
623 845
597 481
426 135
357 562
117 994
854 157
942 351
628 627
326 627
90 465
433 94
359 770
1011 282
263 591
419 804
41 878
659 786
999 953
727 477
71 957
1005 707
902 502
393 621
449 15
67 312
396 1010
688 951
388 830
369 551
698 114
918 227
325 761
981 297
236 49
518 490
353 34
277 426
405 951
496 191
722 403
487 770
148 59
50 92
854 740
83 220
407 656
408 758
761 151
486 776
773 473
102 225
603 793
769 741
229 123
602 898
1016 772
27 490
1000 45
739 471
202 484
84 692
448 820
682 551
786 43
979 438
610 932
356 160
142 238
578 1014
53 601
346 752
855 699
357 539
415 178
810 427
725 948
274 32
27 134
767 138
304 302
508 159
666 714
639 842
455 814
644 557
849 715
840 251
25 224
447 547
733 817
610 662
167 284
5 209
120 641
197 535
299 640
897 609
376 293
153 905
910 868
506 550
475 554
52 242
614 372
302 240
368 920
747 389
203 132
996 928
609 955
566 705
522 86
943 305
921 895
928 119
379 315
