5
1097 1096
1 2 3 4 5 6 7 8 9 10 11 12 13 14 15 16 17 18 19 20 21 22 23 24 25 26 27 28 29 30 31 32 33 34 35 36 37 38 39 40 41 42 43 44 45 46 47 48 49 50 51 52 53 54 55 56 57 58 59 60 61 62 63 64 65 66 67 68 69 70 71 72 73 74 75 76 77 78 79 80 81 82 83 84 85 86 87 88 89 90 91 92 93 94 95 96 97 98 99 100 101 102 103 104 105 106 107 108 109 110 111 112 113 114 115 116 117 118 119 120 121 122 123 124 125 126 127 128 129 130 131 132 133 134 135 136 137 138 139 140 141 142 143 144 145 146 147 148 149 150 151 152 153 154 155 156 157 158 159 160 161 162 163 164 165 166 167 168 169 170 171 172 173 174 175 176 177 178 179 180 181 182 183 184 185 186 187 188 189 190 191 192 193 194 195 196 197 198 199 200 201 202 203 204 205 206 207 208 209 210 211 212 213 214 215 216 217 218 219 220 221 222 223 224 225 226 227 228 229 230 231 232 233 234 235 236 237 238 239 240 241 242 243 244 245 246 247 248 249 250 251 252 253 254 255 256 257 258 259 260 261 262 263 264 265 266 267 268 269 270 271 272 273 274 275 276 277 278 279 280 281 282 283 284 285 286 287 288 289 290 291 292 293 294 295 296 297 298 299 300 301 302 303 304 305 306 307 308 309 310 311 312 313 314 315 316 317 318 319 320 321 322 323 324 325 326 327 328 329 330 331 332 333 334 335 336 337 338 339 340 341 342 343 344 345 346 347 348 349 350 351 352 353 354 355 356 357 358 359 360 361 362 363 364 365 366 367 368 369 370 371 372 373 374 375 376 377 378 379 380 381 382 383 384 385 386 387 388 389 390 391 392 393 394 395 396 397 398 399 400 401 402 403 404 405 406 407 408 409 410 411 412 413 414 415 416 417 418 419 420 421 422 423 424 425 426 427 428 429 430 431 432 433 434 435 436 437 438 439 440 441 442 443 444 445 446 447 448 449 450 451 452 453 454 455 456 457 458 459 460 461 462 463 464 465 466 467 468 469 470 471 472 473 474 475 476 477 478 479 480 481 482 483 484 485 486 487 488 489 490 491 492 493 494 495 496 497 498 499 500 501 502 503 504 505 506 507 508 509 510 511 512 513 514 515 516 517 518 519 520 521 522 523 524 525 526 527 528 529 530 531 532 533 534 535 536 537 538 539 540 541 542 543 544 545 546 547 548 549 550 551 552 553 554 555 556 557 558 559 560 561 562 563 564 565 566 567 568 569 570 571 572 573 574 575 576 577 578 579 580 581 582 583 584 585 586 587 588 589 590 591 592 593 594 595 596 597 598 599 600 601 602 603 604 605 606 607 608 609 610 611 612 613 614 615 616 617 618 619 620 621 622 623 624 625 626 627 628 629 630 631 632 633 634 635 636 637 638 639 640 641 642 643 644 645 646 647 648 649 650 651 652 653 654 655 656 657 658 659 660 661 662 663 664 665 666 667 668 669 670 671 672 673 674 675 676 677 678 679 680 681 682 683 684 685 686 687 688 689 690 691 692 693 694 695 696 697 698 699 700 701 702 703 704 705 706 707 708 709 710 711 712 713 714 715 716 717 718 719 720 721 722 723 724 725 726 727 728 729 730 731 732 733 734 735 736 737 738 739 740 741 742 743 744 745 746 747 748 749 750 751 752 753 754 755 756 757 758 759 760 761 762 763 764 765 766 767 768 769 770 771 772 773 774 775 776 777 778 779 780 781 782 783 784 785 786 787 788 789 790 791 792 793 794 795 796 797 798 799 800 801 802 803 804 805 806 807 808 809 810 811 812 813 814 815 816 817 818 819 820 821 822 823 824 825 826 827 828 829 830 831 832 833 834 835 836 837 838 839 840 841 842 843 844 845 846 847 848 849 850 851 852 853 854 855 856 857 858 859 860 861 862 863 864 865 866 867 868 869 870 871 872 873 874 875 876 877 878 879 880 881 882 883 884 885 886 887 888 889 890 891 892 893 894 895 896 897 898 899 900 901 902 903 904 905 906 907 908 909 910 911 912 913 914 915 916 917 918 919 920 921 922 923 924 925 926 927 928 929 930 931 932 933 934 935 936 937 938 939 940 941 942 943 944 945 946 947 948 949 950 951 952 953 954 955 956 957 958 959 960 961 962 963 964 965 966 967 968 969 970 971 972 973 974 975 976 977 978 979 980 981 982 983 984 985 986 987 988 989 990 991 992 993 994 995 996 997 998 999 1000 1001 1002 1003 1004 1005 1006 1007 1008 1009 1010 1011 1012 1013 1014 1015 1016 1017 1018 1019 1020 1021 1022 1023 1024 1025 1026 1027 1028 1029 1030 1031 1032 1033 1034 1035 1036 1037 1038 1039 1040 1041 1042 1043 1044 1045 1046 1047 1048 1049 1050 1051 1052 1053 1054 1055 1056 1057 1058 1059 1060 1061 1062 1063 1064 1065 1066 1067 1068 1069 1070 1071 1072 1073 1074 1075 1076 1077 1078 1079 1080 1081 1082 1083 1084 1085 1086 1087 1088 1089 1090 1091 1092 1093 1094 1095 1096 1097
1 2 2 2 2 6 7 2 2 2 11 2 13 2 15 2 2 2 15 2 2 2 2 6 2 1 2 7 2 2 2 7 19 2 2 1 2 2 2 40 29 2 2 2 2 2 7 2 38 2 2 2 2 2 2 2 2 2 2 2 2 2 2 2 2 40 67 2 2 2 2 72 7 18 2 2 2 2 2 2 2 7 2 2 18 1 2 2 2 2 2 2 2 2 2 2 2 2 2 2 2 18 2 2 2 2 2 2 2 11 7 2 2 28 2 2 2 2 2 7 2 15 18 2 2 2 2 2 2 2 2 2 2 1 15 2 2 2 2 2 2 7 2 2 2 2 2 2 2 1 2 2 2 2 2 2 7 2 7 2 2 2 2 2 2 2 2 2 2 2 2 2 2 2 2 2 1 15 7 2 2 2 2 25 2 2 2 2 2 2 2 2 193 29 72 2 2 2 2 15 2 2 7 2 2 7 2 2 15 2 2 2 2 2 2 2 2 7 2 129 2 2 2 2 2 2 2 15 15 2 2 2 2 2 2 15 2 2 2 2 2 2 2 2 2 2 2 15 2 2 2 2 2 7 2 2 2 2 7 2 15 2 2 2 2 2 2 2 29 2 28 2 2 2 18 2 2 2 2 2 2 2 2 2 2 2 2 7 2 2 2 2 2 2 2 2 2 18 2 2 2 2 1 2 2 2 2 2 2 2 2 7 2 2 40 2 2 2 67 2 2 2 2 2 2 2 2 2 2 2 2 2 2 2 2 2 2 315 213 2 29 2 7 2 2 2 2 2 2 2 15 72 2 2 2 2 1 2 2 2 2 2 2 2 2 7 2 2 2 2 2 2 2 40 15 2 18 2 2 18 2 2 2 2 2 15 2 2 19 2 2 2 2 30 2 2 2 2 2 2 2 2 2 2 2 2 2 2 2 2 2 2 2 2 2 2 2 2 2 2 7 2 423 15 15 2 2 2 2 13 11 1 2 2 29 7 2 2 40 2 2 2 112 2 11 1 2 2 2 1 15 2 15 1 2 2 2 15 13 2 28 2 2 2 1 2 2 2 13 2 7 15 2 2 7 91 2 15 2 2 2 2 2 7 2 2 2 14 11 2 72 2 2 2 2 193 2 6 19 2 30 7 2 2 2 2 2 7 2 2 2 2 7 2 2 2 2 2 2 2 18 2 2 2 2 2 2 7 2 38 2 2 2 2 2 2 2 2 2 2 2 2 139 2 15 2 2 2 2 1 2 15 2 2 2 6 2 2 6 2 2 2 2 2 2 2 2 193 30 2 139 2 2 2 2 40 2 2 15 2 2 2 30 2 2 2 7 2 2 2 2 2 2 2 7 2 2 2 7 2 15 2 7 2 2 2 2 18 2 2 2 2 2 2 2 2 2 15 2 2 2 2 2 2 2 2 2 2 2 2 2 2 2 2 2 2 2 2 2 2 15 2 423 2 2 2 2 2 2 2 2 2 2 1 40 2 2 2 2 2 2 2 2 2 2 2 2 2 18 2 2 2 2 2 2 2 2 2 2 2 2 2 2 2 2 2 2 2 7 2 2 2 18 7 1 2 18 2 2 2 2 2 2 2 2 2 2 7 2 2 2 2 18 2 2 15 2 2 7 2 2 2 2 2 2 7 2 2 2 2 2 2 2 2 2 13 2 2 2 7 72 2 129 2 2 2 2 7 2 2 2 2 2 2 15 2 2 2 2 2 2 2 2 2 2 2 15 2 2 2 2 2 2 2 2 2 2 2 7 2 2 2 2 2 2 2 2 15 2 1 2 2 2 2 2 2 2 7 2 18 18 18 1 2 7 2 30 2 2 2 2 2 2 2 2 2 15 15 423 2 2 2 2 2 2 28 15 2 2 2 2 5 2 2 18 2 2 2 2 2 2 2 2 2 2 2 2 15 2 2 40 30 423 2 2 2 2 2 2 18 2 7 2 2 2 2 2 2 2 18 15 2 1 2 2 2 2 2 2 2 15 2 2 2 2 72 2 2 2 2 2 7 2 7 2 2 42 2 2 2 2 7 2 2 2 15 2 2 2 15 2 2 213 2 2 2 2 2 2 2 2 2 2 2 2 2 2 2 2 2 2 2 2 2 2 2 2 28 2 7 2 2 2 2 2 2 40 18 2 2 2 2 2 7 2 2 2 2 19 2 2 2 2 2 2 15 2 2 2 2 7 2 2 2 2 30 2 2 1 2 2 7 2 2 40 2 2 2 2 2 2 2 2 2 2 2 2 2 2 2 18 129 2 2 28 2 2 2 2 2 2 30 2 7 2 15 2 2 2 2 2 2 30 2 2 2 2 2 2 5 7 2 2 2 2 2 15 2 2 15 29 2 2 2 29 2 2 2 25 2 2 2 2 2 2 2 2 2 2 2 2 1 2 2 15 1 2 2 2 2 40 2 2 2 7 2 2 2 2 2 2 2 2 2 2 2 15 2 2 2 7 2 1 2 2 2 2
483 431
712 487
659 494
169 457
446 979
155 145
882 98
587 47
535 164
9 647
597 395
1086 977
907 756
696 875
109 756
773 861
610 88
495 730
245 468
362 297
38 49
26 16
879 877
1047 315
70 396
606 9
817 229
940 587
623 320
1089 898
828 912
42 758
658 592
517 39
637 217
1040 881
369 977
756 412
580 398
677 188
740 798
894 694
1060 186
885 904
68 838
211 884
871 122
192 434
36 1062
379 556
947 985
179 475
600 197
726 1014
282 97
107 523
615 337
288 47
1064 170
546 664
355 144
457 247
119 666
798 142
251 785
224 276
414 447
337 452
820 536
902 159
806 849
21 861
641 716
699 426
485 1074
273 238
809 905
63 384
505 29
282 1055
664 794
459 355
1095 17
736 430
712 884
495 561
57 11
567 520
120 708
876 447
1060 26
553 829
145 59
1018 373
732 429
598 233
540 879
508 312
687 1044
337 664
176 205
617 874
306 322
17 759
564 555
334 369
342 493
338 853
960 181
985 576
94 629
787 949
923 977
1093 150
318 901
518 920
887 264
367 1017
93 1068
335 590
614 503
100 773
471 201
124 363
929 555
870 802
1062 150
127 141
50 222
628 793
528 971
1050 105
791 37
854 581
69 136
104 239
402 578
146 444
588 64
650 480
360 926
633 393
861 664
807 1012
626 165
764 774
723 964
1023 852
106 385
12 659
572 1048
270 517
302 747
666 25
452 585
684 510
329 782
1053 889
66 851
590 1032
661 326
1055 129
698 323
998 165
861 325
682 272
993 1033
974 504
1004 730
10 145
339 302
866 455
854 460
370 770
727 54
369 373
830 935
787 658
277 1085
358 727
774 408
352 195
132 443
981 903
142 179
216 1052
846 429
550 526
1057 838
698 563
387 591
568 496
596 151
210 129
970 891
953 224
1015 869
529 497
500 950
13 116
660 297
1011 62
851 655
94 1047
551 876
312 421
722 527
495 652
890 953
659 256
951 789
707 968
802 904
527 739
284 407
1080 137
590 322
34 1064
487 541
497 799
561 126
712 936
615 204
872 405
1014 312
42 447
868 751
835 85
78 447
183 537
1010 237
125 811
877 275
989 147
214 542
859 544
483 765
1090 441
366 343
168 768
147 729
422 1096
1042 1064
765 18
994 37
878 1051
309 799
676 944
519 225
359 6
562 172
535 1063
609 88
41 435
51 793
219 1052
358 1025
527 422
476 127
959 1040
511 75
1048 838
900 594
1077 493
627 75
877 942
452 667
102 377
537 202
59 313
845 235
573 216
483 891
396 1069
608 860
26 855
1082 828
300 843
785 529
805 508
387 346
347 70
255 917
390 420
932 325
1015 324
78 396
608 531
626 616
235 447
689 708
688 77
156 589
175 900
939 537
259 1014
361 744
570 745
804 1050
594 929
946 965
664 652
8 574
103 518
742 26
709 808
995 811
201 334
192 126
1036 456
1047 635
842 893
819 853
1041 194
464 1036
72 814
530 49
54 1079
1067 745
585 215
209 871
863 454
390 138
1088 960
507 287
213 747
415 531
180 234
627 1068
665 771
685 785
102 904
464 199
369 889
520 701
784 710
726 689
1040 261
991 780
8 575
354 1048
167 918
768 883
297 463
381 663
1027 929
1095 828
149 742
1030 873
1072 182
7 726
498 922
1068 712
278 316
456 338
504 362
11 445
388 806
977 29
64 221
357 36
614 554
924 847
681 531
960 601
726 254
471 142
612 840
253 466
248 545
135 178
424 375
804 1039
516 292
891 772
517 816
239 42
550 803
512 635
652 173
146 162
794 575
267 173
209 827
153 1095
243 1025
80 38
565 287
1047 649
171 353
910 228
239 833
935 268
532 734
385 1097
289 1024
877 308
236 451
979 550
364 774
582 510
63 235
350 674
927 1038
133 369
982 218
748 343
1066 450
122 755
652 1000
749 623
636 717
859 822
820 71
85 942
798 73
361 970
941 332
190 297
23 524
30 560
135 871
274 173
243 197
935 299
610 345
269 435
653 707
25 1049
559 1082
586 243
1054 934
1019 163
38 187
861 444
682 901
963 996
954 599
887 577
362 262
84 614
1015 636
1091 982
897 752
404 876
513 436
249 569
927 335
829 996
867 413
514 372
1043 1036
1051 929
440 392
629 469
336 1051
659 99
879 188
516 376
1017 14
977 260
517 58
623 369
570 672
1032 700
941 55
87 932
314 844
465 1
322 525
652 884
289 631
224 304
22 78
757 667
418 914
193 568
754 268
603 271
1025 794
28 157
220 852
885 801
890 880
279 1000
603 259
899 752
210 249
156 758
298 415
827 236
692 879
775 311
116 246
89 139
272 670
472 19
892 259
1040 788
522 495
871 906
783 598
141 555
200 1037
901 941
17 841
315 374
1019 337
839 187
964 602
295 762
474 198
263 627
532 905
741 744
843 605
714 83
340 729
765 1092
1051 652
308 705
203 159
471 436
270 227
871 458
1087 248
184 25
975 426
113 232
79 360
86 790
865 44
266 664
477 657
894 779
996 956
872 1035
239 756
4 262
256 696
626 213
733 1095
558 591
381 864
325 619
810 14
202 517
398 118
478 472
619 789
409 98
386 351
429 154
577 855
350 125
1071 851
859 973
308 1003
96 401
10 174
361 181
806 813
1090 237
398 369
231 117
363 838
143 677
1069 328
515 110
961 794
793 945
321 935
998 920
1026 107
1008 406
675 63
917 321
176 452
676 786
444 1059
290 712
146 823
832 357
929 890
238 557
1094 548
100 831
369 605
1011 1046
691 230
74 85
548 934
92 160
1005 862
153 922
781 474
375 386
894 528
304 834
126 492
1062 303
245 409
725 348
478 389
862 157
152 914
488 1017
609 988
401 937
57 515
656 385
720 737
657 933
838 999
868 383
394 583
81 128
322 652
46 17
130 532
735 945
715 958
800 835
765 515
36 134
1047 433
673 144
108 26
42 857
992 411
356 474
426 532
482 532
234 983
1055 876
285 27
334 707
1048 984
817 261
1082 24
1097 43
866 651
806 299
758 840
416 1015
978 21
436 111
60 353
328 65
1080 255
826 1053
721 490
533 331
980 687
647 980
886 72
471 157
1018 1045
132 613
502 1014
728 224
925 1078
929 202
388 101
427 331
662 131
776 518
642 866
499 579
679 889
591 770
904 960
154 774
856 20
1052 926
868 53
257 566
1084 181
895 90
585 95
605 941
314 1085
314 866
560 404
470 671
729 444
257 341
707 965
478 848
780 509
1095 578
744 333
454 990
92 1056
460 554
908 182
1087 453
688 1063
278 335
98 414
1025 874
365 884
534 970
372 182
501 237
702 56
885 948
552 827
326 785
562 523
95 750
957 422
709 81
376 555
804 742
1026 449
53 1097
956 442
78 855
519 387
1063 1051
256 1022
610 369
474 310
387 1051
639 889
201 940
56 337
221 504
814 744
512 48
123 85
815 247
181 987
969 1036
129 474
425 19
405 652
979 432
397 989
929 182
136 772
993 838
307 614
154 447
718 235
1006 148
1015 45
713 380
871 478
158 1061
196 60
764 317
462 573
1026 9
1065 618
337 437
690 953
217 604
913 339
953 223
657 847
471 206
662 909
495 479
161 978
716 1037
608 697
23 336
487 27
247 903
820 691
140 964
121 342
486 855
260 634
889 745
1066 177
8 724
771 173
187 212
231 9
329 204
708 599
537 289
444 1058
598 34
223 777
695 357
246 398
332 787
36 454
907 625
483 856
450 550
549 1095
224 909
475 114
92 778
683 243
1084 812
112 975
45 510
1023 474
543 571
652 294
914 187
1015 652
1051 614
508 461
1023 583
349 316
888 1048
247 555
1081 548
506 645
22 842
875 1021
183 921
671 874
437 420
395 517
1083 1077
583 976
535 71
738 706
868 1061
385 714
70 547
1050 258
368 977
315 851
881 122
1041 435
209 228
616 291
135 818
896 706
1 790
425 33
917 934
520 306
1026 305
426 506
250 1026
733 76
624 1094
632 969
1016 881
1046 615
715 575
914 876
189 202
985 655
560 850
1041 133
486 955
71 825
738 1026
739 837
94 673
1024 967
857 824
1070 1019
575 139
61 649
1009 961
552 15
471 312
646 356
648 1028
411 97
47 1031
970 889
78 626
1034 138
448 943
1037 472
90 185
797 773
527 1095
728 821
964 766
113 283
311 240
147 640
301 53
926 876
68 359
445 489
555 943
399 202
982 1014
900 392
1029 230
207 610
152 115
409 769
1073 79
711 452
704 1038
571 958
893 473
1020 452
636 145
646 743
960 453
1019 1028
723 991
241 980
828 710
1075 471
851 439
909 391
508 528
187 993
654 1
166 510
858 547
668 477
538 824
997 1013
42 962
1001 531
437 1074
258 242
1065 375
1036 322
281 490
1047 580
1055 222
1064 1063
978 417
508 32
602 680
762 794
1019 382
1014 484
919 314
678 738
244 1008
3 92
413 620
369 252
915 838
721 636
881 960
457 226
741 491
679 761
853 423
1056 154
403 795
481 281
206 719
321 796
686 280
153 379
140 90
799 928
350 564
438 301
657 325
956 561
900 314
914 1095
950 932
26 5
579 1037
352 744
987 669
775 487
22 1097
593 356
955 542
608 380
330 332
568 912
731 356
400 395
1002 593
293 575
492 1006
938 862
119 640
620 151
618 209
939 327
239 785
331 594
364 1076
319 67
282 1090
681 879
935 202
902 798
211 419
638 463
561 916
70 81
2 396
930 29
191 908
693 987
1023 1012
365 284
879 970
91 929
532 1015
876 44
698 555
266 918
746 1046
972 605
280 591
898 929
493 270
953 371
26 303
833 403
10 944
321 622
800 521
857 1007
539 590
592 611
467 972
480 607
182 9
725 50
1078 939
98 964
763 614
899 589
78 652
265 14
873 695
682 911
1017 297
766 644
294 760
604 842
703 493
535 859
770 393
793 243
378 477
480 537
335 319
621 316
296 182
253 205
410 872
659 78
517 883
344 963
566 345
952 732
287 456
343 595
737 682
818 767
664 208
997 594
975 613
986 953
643 819
82 689
440 630
35 12
792 243
94 736
413 884
343 1014
1062 450
213 238
381 235
791 797
983 34
664 31
418 584
742 428
865 836
993 353
753 290
490 286
790 1093
374 40
401 452
52 45
297 614
931 201
879 113
369 914
176 1008
966 618
944 943
1 2 3 4 5 6 7 8 9 10 11 12 13 14 15 16 17 18 19 20 21 22 23 24 25 26 27 28 29 30 31 32 33 34 35 36 37 38 39 40 41 42 43 44 45 46 47 48 49 50 51 52 53 54 55 56 57 58 59 60 61 62 63 64 65 66 67 68 69 70 71 72 73 74 75 76 77 78 79 80 81 82 83 84 85 86 87 88 89 90 91 92 93 94 95 96 97 98 99 100 101 102 103 104 105 106 107 108 109 110 111 112 113 114 115 116 117 118 119 120 121 122 123 124 125 126 127 128 129 130 131 132 133 134 135 136 137 138 139 140 141 142 143 144 145 146 147 148 149 150 151 152 153 154 155 156 157 158 159 160 161 162 163 164 165 166 167 168 169 170 171 172 173 174 175 176 177 178 179 180 181 182 183 184 185 186 187 188 189 190 191 192 193 194 195 196 197 198 199 200 201 202 203 204 205 206 207 208 209 210 211 212 213 214 215 216 217 218 219 220 221 222 223 224 225 226 227 228 229 230 231 232 233 234 235 236 237 238 239 240 241 242 243 244 245 246 247 248 249 250 251 252 253 254 255 256 257 258 259 260 261 262 263 264 265 266 267 268 269 270 271 272 273 274 275 276 277 278 279 280 281 282 283 284 285 286 287 288 289 290 291 292 293 294 295 296 297 298 299 300 301 302 303 304 305 306 307 308 309 310 311 312 313 314 315 316 317 318 319 320 321 322 323 324 325 326 327 328 329 330 331 332 333 334 335 336 337 338 339 340 341 342 343 344 345 346 347 348 349 350 351 352 353 354 355 356 357 358 359 360 361 362 363 364 365 366 367 368 369 370 371 372 373 374 375 376 377 378 379 380 381 382 383 384 385 386 387 388 389 390 391 392 393 394 395 396 397 398 399 400 401 402 403 404 405 406 407 408 409 410 411 412 413 414 415 416 417 418 419 420 421 422 423 424 425 426 427 428 429 430 431 432 433 434 435 436 437 438 439 440 441 442 443 444 445 446 447 448 449 450 451 452 453 454 455 456 457 458 459 460 461 462 463 464 465 466 467 468 469 470 471 472 473 474 475 476 477 478 479 480 481 482 483 484 485 486 487 488 489 490 491 492 493 494 495 496 497 498 499 500 501 502 503 504 505 506 507 508 509 510 511 512 513 514 515 516 517 518 519 520 521 522 523 524 525 526 527 528 529 530 531 532 533 534 535 536 537 538 539 540 541 542 543 544 545 546 547 548 549 550 551 552 553 554 555 556 557 558 559 560 561 562 563 564 565 566 567 568 569 570 571 572 573 574 575 576 577 578 579 580 581 582 583 584 585 586 587 588 589 590 591 592 593 594 595 596 597 598 599 600 601 602 603 604 605 606 607 608 609 610 611 612 613 614 615 616 617 618 619 620 621 622 623 624 625 626 627 628 629 630 631 632 633 634 635 636 637 638 639 640 641 642 643 644 645 646 647 648 649 650 651 652 653 654 655 656 657 658 659 660 661 662 663 664 665 666 667 668 669 670 671 672 673 674 675 676 677 678 679 680 681 682 683 684 685 686 687 688 689 690 691 692 693 694 695 696 697 698 699 700 701 702 703 704 705 706 707 708 709 710 711 712 713 714 715 716 717 718 719 720 721 722 723 724 725 726 727 728 729 730 731 732 733 734 735 736 737 738 739 740 741 742 743 744 745 746 747 748 749 750 751 752 753 754 755 756 757 758 759 760 761 762 763 764 765 766 767 768 769 770 771 772 773 774 775 776 777 778 779 780 781 782 783 784 785 786 787 788 789 790 791 792 793 794 795 796 797 798 799 800 801 802 803 804 805 806 807 808 809 810 811 812 813 814 815 816 817 818 819 820 821 822 823 824 825 826 827 828 829 830 831 832 833 834 835 836 837 838 839 840 841 842 843 844 845 846 847 848 849 850 851 852 853 854 855 856 857 858 859 860 861 862 863 864 865 866 867 868 869 870 871 872 873 874 875 876 877 878 879 880 881 882 883 884 885 886 887 888 889 890 891 892 893 894 895 896 897 898 899 900 901 902 903 904 905 906 907 908 909 910 911 912 913 914 915 916 917 918 919 920 921 922 923 924 925 926 927 928 929 930 931 932 933 934 935 936 937 938 939 940 941 942 943 944
1 2 3 1 1 3 7 3 9 1 11 12 3 3 15 3 3 3 12 2 3 3 3 15 3 3 3 1 3 23 3 2 3 20 11 9 3 15 20 12 12 1 2 3 3 3 3 1 3 3 3 14 3 1 18 3 3 11 3 11 3 3 3 12 3 3 4 3 14 15 1 12 3 3 3 3 1 3 12 2 3 1 9 1 3 1 3 1 1 3 3 3 3 3 25 20 1 19 15 1 3 35 3 3 3 3 1 3 3 3 1 11 1 25 1 3 3 2 1 3 1 1 3 2 19 3 3 2 3 3 3 3 23 3 3 3 3 1 14 3 14 1 3 1 3 3 3 3 11 3 1 1 1 11 1 3 3 12 2 3 1 3 3 1 3 3 3 3 3 95 11 1 15 12 3 3 3 3 3 25 12 1 3 25 3 3 3 3 3 4 1 3 1 3 3 23 3 3 1 3 3 3 3 2 3 12 1 3 3 3 3 3 3 3 15 12 20 3 3 3 2 3 3 3 12 12 3 1 1 23 3 41 3 3 1 20 3 4 3 3 1 3 3 3 12 1 3 12 3 3 3 3 4 3 3 1 3 3 3 3 3 3 23 2 3 3 2 3 14 3 1 1 3 3 19 3 3 1 3 3 3 3 3 1 3 3 1 3 35 25 2 3 3 3 3 20 11 2 19 2 3 3 15 1 3 35 3 3 23 3 1 3 3 11 3 20 3 3 3 2 3 3 3 3 35 1 3 3 3 2 3 19 19 3 25 3 1 3 3 340 3 1 3 1 11 3 3 3 1 1 3 3 12 3 12 12 3 20 3 12 3 3 3 25 1 3 23 19 28 41 1 1 1 3 3 1 3 15 25 3 1 15 1 1 18 2 3 3 3 1 3 3 11 3 3 3 3 3 2 1 1 1 3 1 36 4 3 14 3 3 3 3 3 20 3 1 11 3 3 3 19 3 11 25 3 20 3 3 1 3 3 23 1 2 1 12 12 3 32 3 3 11 1 2 12 3 12 3 3 3 3 1 3 19 3 3 3 3 20 3 1 340 3 1 1 1 3 8 3 11 11 3 3 15 3 3 19 1 25 3 3 3 19 3 3 3 14 3 3 3 1 11 2 11 3 101 12 1 25 2 11 3 11 25 2 3 1 1 12 25 11 3 23 3 4 3 20 1 3 3 3 3 3 3 2 3 3 3 3 3 3 3 3 41 12 3 23 25 3 3 1 3 3 3 12 1 20 1 3 1 3 2 2 8 3 1 3 3 3 1 3 3 8 25 114 1 3 3 20 25 1 20 3 1 3 3 29 3 3 25 1 1 3 3 3 1 2 3 1 3 1 19 1 3 3 12 3 1 3 3 3 3 3 3 1 1 3 3 3 19 15 3 3 64 15 12 3 3 3 1 3 3 3 3 12 3 3 3 3 15 23 1 3 19 1 20 3 1 3 3 3 12 2 3 3 3 20 3 3 3 12 12 3 11 3 3 3 3 3 3 1 1 1 3 3 3 19 4 1 4 1 1 3 1 3 11 14 1 3 25 3 3 3 3 3 3 3 3 3 15 3 3 3 1 3 1 19 4 3 3 600 1 20 3 3 1 12 3 20 1 1 1 1 1 2 3 20 3 3 1 3 3 3 3 3 15 3 3 3 163 1 3 3 3 3 20 1 3 19 3 3 3 3 3 12 1 1 3 1 1 3 3 3 32 3 3 3 1 12 3 3 1 3 12 11 3 3 3 2 2 3 20 1 19 12 3 1 3 3 1 12 3 3 3 3 35 14 11 3 25 3 3 3 3 14 19 3 3 3 3 12 7 3 3 3 1 12 1 3 11 3 3 11 11 3 3 20 97 3 3 3 11 3 1 3 3 3 3 1 4 1 3 3 15 3 3 3 28 1 3 1 3 3 3 2 1 25 3 3 1 4 1 3 3 9 1 3 3 11 3 1 3 2 1 3 1 3 3 4 2 3 3 3 1 3 3 3 3 3 12 3 3 15 3 1 3 3 3 3 3 2 3 3 12 3 1 1 11 3 3 23 2 25 1 3 3 11 3 1 11 3 3 3 3 3 3 3 1 3 2 3 1 1 57 14 35 3 1 19 14 3 3 3 29 18 11 3 3 25 3 3 3 3 3
28 566
684 705
108 849
703 236
615 474
180 680
606 749
344 856
275 561
793 585
196 627
100 830
189 603
28 143
879 391
689 357
223 686
660 599
528 219
922 272
365 904
203 37
814 393
748 688
90 728
502 639
320 552
886 821
807 40
232 174
82 839
852 384
785 859
807 880
505 118
314 345
49 501
898 35
247 704
282 639
79 41
290 538
270 594
571 400
699 928
648 850
860 240
2 891
371 702
265 820
568 865
594 202
644 624
411 6
654 11
250 130
284 558
688 240
373 750
512 136
635 71
856 54
491 678
282 871
312 259
438 117
632 111
171 503
547 636
587 386
711 518
446 597
683 389
27 761
195 61
172 402
590 602
48 598
406 515
639 63
411 488
871 351
180 809
823 407
195 177
519 608
709 96
519 47
644 462
124 891
843 425
809 184
36 855
10 581
135 188
145 850
234 174
944 83
413 481
826 91
179 224
861 429
820 543
882 768
397 542
277 561
577 934
923 211
3 755
190 406
658 877
212 575
104 261
423 503
42 854
807 12
672 922
170 379
596 894
156 785
487 930
516 401
236 569
67 190
569 298
431 640
229 646
738 81
915 705
918 28
66 198
16 722
616 64
254 752
282 431
685 65
17 155
877 109
624 916
861 475
13 860
354 608
676 492
608 819
919 481
609 734
858 223
165 597
90 38
671 806
285 269
19 206
805 84
51 529
897 586
286 820
201 628
711 150
884 886
455 784
814 810
622 231
645 331
49 919
433 152
243 310
276 413
836 827
436 614
490 523
29 268
360 19
850 692
315 562
737 591
215 15
435 213
579 540
699 57
126 888
253 238
884 564
908 27
48 566
65 812
103 917
437 882
558 641
755 746
337 229
764 625
376 71
21 53
549 299
76 682
499 565
298 817
154 314
570 418
831 384
129 463
271 287
724 719
452 271
343 733
333 454
280 422
612 430
418 510
611 382
678 762
523 279
122 461
569 709
900 81
620 806
388 143
844 59
514 826
258 160
940 92
713 498
225 445
476 779
228 142
312 279
507 802
69 677
677 14
744 495
122 831
751 849
781 616
64 447
845 769
381 720
887 323
648 906
165 905
539 307
282 108
856 337
88 669
645 496
550 578
387 19
815 542
593 769
421 277
608 573
451 363
426 569
142 229
204 902
147 411
702 923
646 56
577 523
797 700
903 290
403 583
89 144
765 654
850 574
877 826
189 419
186 836
180 504
737 548
540 542
218 823
128 20
255 355
512 723
514 317
32 593
310 25
840 735
48 706
240 798
109 450
234 616
658 618
507 229
62 927
157 449
32 842
856 271
878 514
792 540
184 290
512 489
779 563
599 164
55 385
791 763
714 5
518 691
620 119
647 772
829 806
905 933
311 850
802 7
258 692
864 897
666 242
414 703
218 857
733 262
549 557
171 35
343 784
354 687
621 441
287 746
27 600
612 379
559 502
702 207
619 472
109 169
793 341
853 46
271 678
319 708
804 346
110 475
927 488
757 695
809 127
819 557
348 29
729 218
77 381
278 885
606 97
27 656
14 351
770 863
942 608
63 293
544 588
857 168
726 629
337 659
672 896
847 114
744 754
81 192
435 187
476 117
673 871
439 754
649 609
582 806
108 126
144 122
481 732
620 566
864 84
54 372
193 856
90 820
208 893
889 691
655 472
783 205
567 127
611 378
4 710
910 511
296 459
920 593
122 874
226 929
520 282
67 851
506 294
726 834
655 879
820 425
850 837
822 788
513 260
696 780
148 123
708 385
646 339
525 769
559 130
921 75
252 650
163 721
608 254
80 320
897 287
30 260
849 292
856 140
358 772
410 888
898 471
417 813
28 560
236 296
397 524
556 337
866 864
172 923
287 593
140 931
877 528
692 327
462 340
403 456
676 907
479 364
676 765
682 718
127 223
353 807
360 625
398 252
582 508
741 744
891 204
163 573
590 467
95 612
839 620
328 258
847 184
305 853
406 831
769 221
215 883
721 939
838 369
725 68
711 25
718 877
594 106
758 556
755 240
463 266
634 226
240 742
877 377
116 137
832 649
218 193
847 499
561 223
254 757
623 721
94 243
207 365
166 518
836 722
641 527
407 932
458 821
342 848
102 926
169 665
108 27
97 922
13 281
384 278
207 384
320 770
526 895
315 613
724 857
268 197
879 545
161 672
778 389
261 430
312 881
218 844
291 876
529 131
258 743
302 937
676 149
98 667
643 493
37 597
852 773
899 260
136 270
551 75
61 168
769 227
400 582
554 201
377 321
483 739
280 101
836 584
378 38
770 221
881 601
540 608
384 326
757 454
676 35
857 18
610 557
350 875
540 283
890 791
318 239
509 447
394 792
394 716
238 668
653 31
924 57
700 753
183 120
288 512
360 642
750 731
190 698
526 789
588 377
319 78
480 816
617 532
206 801
61 178
108 488
201 646
488 735
478 780
617 81
262 807
280 162
657 66
100 144
402 404
561 477
573 485
211 220
562 734
199 841
9 685
52 677
387 472
709 34
652 535
661 750
696 546
922 1
480 823
199 416
493 770
631 309
82 536
729 366
399 320
291 267
287 155
294 185
824 235
911 310
871 575
755 657
246 404
361 594
800 45
221 444
531 550
401 337
304 151
819 803
740 864
126 469
894 79
138 207
709 217
865 23
895 418
829 10
481 223
785 919
215 615
99 38
46 892
877 205
576 528
666 925
870 493
431 522
765 813
251 535
712 28
121 271
239 185
25 409
359 27
71 284
941 276
881 270
146 46
329 126
662 1
173 38
342 602
887 318
223 760
395 75
60 494
635 107
865 608
206 356
631 230
717 296
897 224
79 72
679 756
159 237
868 137
298 553
592 368
454 332
607 3
708 857
93 103
115 207
806 589
46 650
223 884
324 704
835 533
685 116
240 529
168 175
74 260
255 655
139 14
16 375
303 690
497 72
165 705
513 901
911 771
314 49
786 276
260 627
857 914
443 852
871 285
619 79
296 636
804 752
795 141
735 313
373 86
407 132
350 671
628 420
630 215
342 861
74 432
428 283
498 852
580 184
343 472
814 58
316 703
248 882
337 209
650 457
189 257
769 505
182 278
200 573
271 806
700 617
685 944
517 34
334 688
920 134
500 552
406 238
268 512
711 850
937 683
530 91
747 461
144 256
828 26
223 895
113 191
849 165
922 304
855 83
289 102
865 263
137 608
70 303
193 735
744 440
207 731
189 639
759 79
694 278
281 33
631 432
207 4
249 673
629 90
2 715
408 139
376 806
31 262
935 319
157 229
481 644
846 818
482 519
42 918
674 746
692 791
38 70
43 587
209 117
917 559
352 655
796 667
153 808
777 199
1 88
768 255
380 27
171 470
894 534
46 856
790 855
193 608
638 153
207 806
893 868
273 126
625 226
810 297
531 412
26 940
739 929
187 73
637 602
325 112
460 540
501 112
912 693
80 572
919 35
141 787
386 493
704 282
633 343
295 746
833 126
274 262
176 599
468 201
575 930
92 244
697 667
553 434
494 654
153 271
239 514
689 27
652 181
273 862
349 86
826 401
852 737
351 666
424 290
846 606
752 331
343 283
582 465
759 225
774 804
97 278
207 928
92 140
537 432
112 442
22 650
280 608
606 466
436 447
330 32
921 339
599 194
371 780
152 10
475 943
276 926
459 39
306 786
767 609
182 869
865 260
405 855
684 362
711 193
438 374
87 682
663 71
464 605
264 118
327 811
639 585
367 627
636 736
864 604
654 788
135 401
280 873
727 689
464 841
258 734
851 670
882 245
224 484
68 244
271 235
692 389
239 451
762 308
390 435
223 608
825 44
735 347
555 359
535 125
639 722
77 376
72 745
336 655
393 35
85 440
209 693
191 121
44 164
229 550
441 730
342 465
838 143
64 707
38 215
775 651
826 183
891 20
558 664
159 221
815 368
301 283
849 167
936 676
300 85
148 380
617 338
283 820
210 663
8 476
53 650
785 105
807 216
918 322
675 655
463 222
488 938
214 337
448 343
473 793
913 871
392 268
872 48
234 619
123 396
233 740
626 218
660 486
701 600
895 430
756 127
198 521
766 733
621 163
241 235
772 221
50 457
871 231
840 794
68 403
220 799
807 158
450 776
164 829
782 858
263 133
900 129
215 24
464 541
45 453
910 936
298 770
22 595
335 911
251 619
867 868
453 282
199 923
221 291
454 697
835 401
384 383
681 350
882 651
136 32
370 174
479 379
244 427
416 390
307 858
300 192
806 632
770 20
300 593
632 5
390 909
542 415
930 795
928 927
1 2 3 4 5 6 7 8 9 10 11 12 13 14 15 16 17 18 19 20 21 22 23 24 25 26 27 28 29 30 31 32 33 34 35 36 37 38 39 40 41 42 43 44 45 46 47 48 49 50 51 52 53 54 55 56 57 58 59 60 61 62 63 64 65 66 67 68 69 70 71 72 73 74 75 76 77 78 79 80 81 82 83 84 85 86 87 88 89 90 91 92 93 94 95 96 97 98 99 100 101 102 103 104 105 106 107 108 109 110 111 112 113 114 115 116 117 118 119 120 121 122 123 124 125 126 127 128 129 130 131 132 133 134 135 136 137 138 139 140 141 142 143 144 145 146 147 148 149 150 151 152 153 154 155 156 157 158 159 160 161 162 163 164 165 166 167 168 169 170 171 172 173 174 175 176 177 178 179 180 181 182 183 184 185 186 187 188 189 190 191 192 193 194 195 196 197 198 199 200 201 202 203 204 205 206 207 208 209 210 211 212 213 214 215 216 217 218 219 220 221 222 223 224 225 226 227 228 229 230 231 232 233 234 235 236 237 238 239 240 241 242 243 244 245 246 247 248 249 250 251 252 253 254 255 256 257 258 259 260 261 262 263 264 265 266 267 268 269 270 271 272 273 274 275 276 277 278 279 280 281 282 283 284 285 286 287 288 289 290 291 292 293 294 295 296 297 298 299 300 301 302 303 304 305 306 307 308 309 310 311 312 313 314 315 316 317 318 319 320 321 322 323 324 325 326 327 328 329 330 331 332 333 334 335 336 337 338 339 340 341 342 343 344 345 346 347 348 349 350 351 352 353 354 355 356 357 358 359 360 361 362 363 364 365 366 367 368 369 370 371 372 373 374 375 376 377 378 379 380 381 382 383 384 385 386 387 388 389 390 391 392 393 394 395 396 397 398 399 400 401 402 403 404 405 406 407 408 409 410 411 412 413 414 415 416 417 418 419 420 421 422 423 424 425 426 427 428 429 430 431 432 433 434 435 436 437 438 439 440 441 442 443 444 445 446 447 448 449 450 451 452 453 454 455 456 457 458 459 460 461 462 463 464 465 466 467 468 469 470 471 472 473 474 475 476 477 478 479 480 481 482 483 484 485 486 487 488 489 490 491 492 493 494 495 496 497 498 499 500 501 502 503 504 505 506 507 508 509 510 511 512 513 514 515 516 517 518 519 520 521 522 523 524 525 526 527 528 529 530 531 532 533 534 535 536 537 538 539 540 541 542 543 544 545 546 547 548 549 550 551 552 553 554 555 556 557 558 559 560 561 562 563 564 565 566 567 568 569 570 571 572 573 574 575 576 577 578 579 580 581 582 583 584 585 586 587 588 589 590 591 592 593 594 595 596 597 598 599 600 601 602 603 604 605 606 607 608 609 610 611 612 613 614 615 616 617 618 619 620 621 622 623 624 625 626 627 628 629 630 631 632 633 634 635 636 637 638 639 640 641 642 643 644 645 646 647 648 649 650 651 652 653 654 655 656 657 658 659 660 661 662 663 664 665 666 667 668 669 670 671 672 673 674 675 676 677 678 679 680 681 682 683 684 685 686 687 688 689 690 691 692 693 694 695 696 697 698 699 700 701 702 703 704 705 706 707 708 709 710 711 712 713 714 715 716 717 718 719 720 721 722 723 724 725 726 727 728 729 730 731 732 733 734 735 736 737 738 739 740 741 742 743 744 745 746 747 748 749 750 751 752 753 754 755 756 757 758 759 760 761 762 763 764 765 766 767 768 769 770 771 772 773 774 775 776 777 778 779 780 781 782 783 784 785 786 787 788 789 790 791 792 793 794 795 796 797 798 799 800 801 802 803 804 805 806 807 808 809 810 811 812 813 814 815 816 817 818 819 820 821 822 823 824 825 826 827 828 829 830 831 832 833 834 835 836 837 838 839 840 841 842 843 844 845 846 847 848 849 850 851 852 853 854 855 856 857 858 859 860 861 862 863 864 865 866 867 868 869 870 871 872 873 874 875 876 877 878 879 880 881 882 883 884 885 886 887 888 889 890 891 892 893 894 895 896 897 898 899 900 901 902 903 904 905 906 907 908 909 910 911 912 913 914 915 916 917 918 919 920 921 922 923 924 925 926 927 928
1 1 1 1 1 1 1 1 1 1 1 1 1 1 1 1 1 1 1 1 1 1 1 1 1 1 1 1 1 1 1 1 1 1 1 1 1 1 1 1 1 1 1 1 1 1 1 1 1 1 1 1 1 1 1 1 1 1 1 1 1 1 1 1 1 1 1 1 1 1 1 1 1 1 1 1 1 1 1 1 1 1 1 1 1 1 1 1 1 1 1 1 1 1 1 1 1 1 1 1 1 1 1 1 1 1 1 1 1 1 1 1 1 1 1 1 1 1 1 1 1 1 1 1 1 1 1 1 1 1 1 1 1 1 1 1 1 1 1 1 1 1 1 1 1 1 1 1 1 1 1 1 1 1 1 1 1 1 1 1 1 1 1 1 1 1 1 1 1 1 1 1 1 1 1 1 1 1 1 1 1 1 1 1 1 1 1 1 1 1 1 1 1 1 1 1 1 1 1 1 1 1 1 1 1 1 1 1 1 1 1 1 1 1 1 1 1 1 1 1 1 1 1 1 1 1 1 1 1 1 1 1 1 1 1 1 1 1 1 1 1 1 1 1 1 1 1 1 1 1 1 1 1 1 1 1 1 1 1 1 1 1 1 1 1 1 1 1 1 1 1 1 1 1 1 1 1 1 1 1 1 1 1 1 1 1 1 1 1 1 1 1 1 1 1 1 1 1 1 1 1 1 1 1 1 1 1 1 1 1 1 1 1 1 1 1 1 1 1 1 1 1 1 1 1 1 1 1 1 1 1 1 1 1 1 1 1 1 1 1 1 1 1 1 1 1 1 1 1 1 1 1 1 1 1 1 1 1 1 1 1 1 1 1 1 1 1 1 1 1 1 1 1 1 1 1 1 1 1 1 1 1 1 1 1 1 1 1 1 1 1 1 1 1 1 1 1 1 1 1 1 1 1 1 1 1 1 1 1 1 1 1 1 1 1 1 1 1 1 1 1 1 1 1 1 1 1 1 1 1 1 1 1 1 1 1 1 1 1 1 1 1 1 1 1 1 1 1 1 1 1 1 1 1 1 1 1 1 1 1 1 1 1 1 1 1 1 1 1 1 1 1 1 1 1 1 1 1 1 1 1 1 1 1 1 1 1 1 1 1 1 1 1 1 1 1 1 1 1 1 1 1 1 1 1 1 1 1 1 1 1 1 1 1 1 1 1 1 1 1 1 1 1 1 1 1 1 1 1 1 1 1 1 1 1 1 1 1 1 1 1 1 1 1 1 1 1 1 1 1 1 1 1 1 1 1 1 1 1 1 1 1 1 1 1 1 1 1 1 1 1 1 1 1 1 1 1 1 1 1 1 1 1 1 1 1 1 1 1 1 1 1 1 1 1 1 1 1 1 1 1 1 1 1 1 1 1 1 1 1 1 1 1 1 1 1 1 1 1 1 1 1 1 1 1 1 1 1 1 1 1 1 1 1 1 1 1 1 1 1 1 1 1 1 1 1 1 1 1 1 1 1 1 1 1 1 1 1 1 1 1 1 1 1 1 1 1 1 1 1 1 1 1 1 1 1 1 1 1 1 1 1 1 1 1 1 1 1 1 1 1 1 1 1 1 1 1 1 1 1 1 1 1 1 1 1 1 1 1 1 1 1 1 1 1 1 1 1 1 1 1 1 1 1 1 1 1 1 1 1 1 1 1 1 1 1 1 1 1 1 1 1 1 1 1 1 1 1 1 1 1 1 1 1 1 1 1 1 1 1 1 1 1 1 1 1 1 1 1 1 1 1 1 1 1 1 1 1 1 1 1 1 1 1 1 1 1 1 1 1 1 1 1 1 1 1 1 1 1 1 1 1 1 514 1 1 1 1 1 1 1 1 1 1 1 1 1 1 1 1 1 1 1 1 1 1 1 1 1 1 1 1 1 1 1 1 1 1 1 1 1 1 1 1 1 1 1 1 1 1 1 1 1 1 1 1 1 1 1 1 1 1 1 1 1 1 1 1 1 1 1 1 1 1 1 1 1 1 1 1 1 1 1 1 1 1 1 1 1 1 1 1 1 1 1 1 1 1 1 1 1 1 1 1 1 1 1 1 1 1 1 1 1 1 1 1 1 1 1 1 1 1 1 1 1 1 1 1
148 732
624 47
574 678
666 708
370 9
438 401
894 225
850 692
669 536
526 461
6 715
687 579
573 909
92 559
173 197
570 495
622 128
841 95
547 193
161 501
230 808
673 125
611 881
642 357
715 720
460 282
213 226
434 457
180 64
502 204
450 133
733 212
765 254
452 344
866 73
440 763
867 124
726 491
903 731
876 739
736 386
718 209
773 182
707 274
875 707
129 147
19 599
819 890
322 21
475 309
401 67
800 779
782 67
389 444
904 754
429 908
905 431
364 668
736 812
873 234
207 31
321 188
267 367
141 133
575 567
592 640
455 194
722 705
228 452
147 462
83 57
426 708
273 925
389 416
339 539
720 389
673 609
681 519
262 685
333 624
500 811
784 372
866 36
729 707
116 427
640 549
540 728
189 829
361 497
627 71
195 399
893 835
116 177
179 99
13 823
199 94
101 787
890 96
165 104
646 245
219 234
833 163
76 710
475 683
270 116
756 40
562 674
322 62
76 241
441 752
591 129
601 623
147 897
597 175
654 349
568 317
492 53
112 283
290 327
443 313
425 224
320 26
482 121
858 535
217 636
220 317
50 387
155 138
709 312
695 91
50 424
192 488
795 805
76 110
605 377
415 608
729 715
22 848
824 767
387 838
183 591
487 386
222 19
98 460
84 264
574 778
831 471
155 380
753 290
136 131
374 584
20 374
695 239
228 613
619 281
279 523
267 383
212 547
6 473
206 635
410 542
41 469
788 574
581 872
480 135
25 349
202 836
17 818
252 373
558 463
84 857
890 666
582 30
496 120
815 604
924 709
376 227
281 79
339 905
114 453
365 613
114 883
353 308
664 374
292 90
230 579
264 641
269 50
453 264
345 723
557 513
428 297
213 923
360 499
260 433
126 424
293 688
338 6
761 581
786 871
423 427
917 292
240 231
707 170
610 104
50 95
529 626
635 508
140 66
17 769
868 388
354 144
597 757
827 324
607 57
693 556
589 78
320 532
76 34
681 263
14 647
661 608
809 531
667 866
884 134
166 735
476 346
686 505
884 405
773 556
305 535
803 731
677 92
272 277
477 700
261 160
214 707
264 608
879 459
811 825
749 157
438 887
807 687
708 707
898 729
173 508
296 262
874 569
837 768
653 808
134 379
179 397
2 390
825 329
604 34
512 550
247 446
523 249
675 741
24 585
139 16
625 781
235 518
818 12
6 381
526 743
54 526
471 180
288 601
23 129
345 143
4 168
7 511
380 530
274 685
377 915
227 599
87 282
909 864
180 410
657 787
533 209
109 206
542 42
302 531
189 582
790 326
755 410
699 888
569 756
324 259
622 323
84 367
615 630
789 377
286 811
311 280
214 190
13 595
144 266
137 264
689 62
444 602
311 347
440 708
900 445
515 3
106 208
597 16
453 180
865 85
219 474
590 328
914 186
41 601
610 244
375 228
680 828
770 858
135 210
527 111
859 252
560 774
867 676
236 443
589 636
164 706
634 56
65 461
243 321
489 742
504 905
451 687
321 388
610 607
618 524
293 35
456 886
125 891
731 280
559 584
814 158
563 720
37 520
553 580
284 833
752 340
774 715
801 86
64 509
615 591
559 24
911 96
67 485
89 482
531 422
303 918
398 417
335 66
66 877
300 501
216 512
865 613
531 102
34 649
898 465
843 856
116 809
369 292
421 93
328 325
280 94
251 764
209 119
201 811
856 583
289 519
608 589
403 730
729 910
593 910
413 786
299 90
569 10
286 265
357 498
486 670
524 846
398 414
225 707
362 591
489 164
1 301
245 531
226 201
467 522
4 730
479 506
514 770
246 377
469 854
268 529
846 178
253 532
455 882
392 317
177 44
377 787
314 145
713 79
9 721
544 675
330 662
633 198
111 581
342 161
732 427
673 115
76 371
845 385
350 676
731 439
66 566
617 906
637 28
768 119
294 232
772 264
845 703
588 481
710 802
566 55
381 704
785 586
574 162
506 419
448 927
200 903
917 707
684 824
65 169
706 781
247 540
103 275
27 727
42 298
774 895
461 715
85 461
386 896
611 437
652 402
106 35
535 916
220 791
697 585
231 475
720 499
851 84
215 101
123 910
840 504
746 760
228 921
84 681
863 737
196 563
530 544
233 280
80 339
449 425
575 720
125 547
459 207
444 161
648 177
751 673
852 699
244 194
670 690
867 715
513 698
870 609
6 432
849 681
22 96
559 703
893 204
765 469
807 250
380 878
523 711
530 707
131 702
906 355
499 893
809 225
381 797
811 928
530 394
771 919
237 628
829 304
884 781
673 847
570 43
137 202
392 69
412 144
811 32
407 305
879 244
194 524
340 482
591 716
658 591
150 559
540 470
844 436
726 469
84 330
634 549
659 97
93 67
711 386
725 345
922 281
741 654
37 291
542 181
84 192
660 46
283 536
631 174
912 574
211 479
896 499
185 543
51 608
356 348
723 510
134 766
203 682
485 824
74 373
85 665
880 430
246 59
906 850
459 862
431 907
173 780
370 8
81 271
824 749
554 499
876 610
614 917
332 107
708 191
276 738
380 463
272 487
387 448
596 294
708 133
310 315
555 475
393 770
7 155
436 503
574 244
130 744
2 519
465 337
393 521
544 404
204 152
361 262
534 227
840 315
52 318
255 650
773 264
575 571
816 634
153 914
656 829
816 34
129 384
31 855
547 146
483 892
605 336
52 587
666 406
599 6
673 472
548 540
916 242
659 708
647 505
381 391
67 9
31 538
278 906
414 317
486 701
608 170
326 367
28 645
591 15
566 187
389 26
896 761
679 900
541 205
129 321
260 28
561 548
795 373
695 48
529 29
458 3
570 8
915 879
699 858
13 516
633 357
365 620
264 40
191 903
913 381
319 387
551 133
180 798
499 430
804 386
682 351
87 826
685 153
724 182
638 174
171 216
917 807
273 103
66 594
88 761
366 483
389 486
175 381
792 665
202 629
773 325
889 725
87 27
76 189
331 205
906 129
822 747
127 522
180 252
715 735
579 295
622 616
287 297
367 712
49 814
639 579
168 108
514 467
898 247
374 400
842 293
906 68
644 44
61 298
336 834
201 377
431 321
898 706
817 87
546 896
516 863
564 358
595 557
29 387
440 445
765 301
707 435
918 536
358 853
779 666
586 438
553 443
219 807
724 75
916 160
903 515
408 676
904 216
434 515
863 809
750 351
295 409
244 758
493 660
53 429
432 612
440 62
263 256
282 861
149 784
104 525
240 90
42 221
428 490
696 290
672 19
675 244
251 875
578 223
105 448
322 235
340 223
762 437
190 82
239 442
696 94
120 879
608 820
29 38
705 667
832 101
4 363
11 323
505 33
176 755
809 584
790 660
783 867
195 90
621 565
110 316
685 437
37 721
420 705
149 430
694 899
454 367
545 588
865 627
65 223
285 122
248 685
352 68
357 587
901 658
194 776
672 100
151 391
323 915
485 145
499 801
902 646
210 381
709 128
619 643
255 240
913 18
721 893
33 388
547 170
264 718
819 132
353 170
714 353
317 173
553 760
576 905
194 856
445 345
330 411
343 329
418 323
621 898
478 748
168 896
34 137
494 447
301 748
494 367
170 429
201 113
36 663
810 390
159 800
247 466
38 499
258 330
728 572
839 24
84 395
704 174
588 814
644 218
130 681
603 740
734 252
3 456
63 274
651 246
397 600
708 655
440 477
920 787
515 833
605 775
252 158
637 842
796 173
564 731
825 238
117 675
341 865
10 257
668 133
632 691
66 87
718 239
385 378
216 763
598 36
813 233
297 335
357 231
632 190
366 101
220 759
359 544
351 239
745 768
528 55
505 172
925 842
348 332
554 468
317 903
460 425
464 12
777 149
70 464
307 536
2 552
821 769
702 161
319 562
747 721
271 858
119 909
201 45
154 709
409 624
12 729
738 607
824 830
407 396
717 389
575 628
517 818
453 144
799 431
537 444
763 397
463 869
635 899
104 436
680 243
33 184
449 606
77 876
58 34
605 87
926 46
5 351
306 627
908 794
388 820
603 102
301 707
368 662
60 67
142 656
122 807
671 289
334 478
346 173
875 332
806 443
506 509
919 695
11 382
101 598
229 293
696 118
4 793
652 751
246 543
675 786
815 577
860 439
66 72
774 858
507 272
94 484
200 283
82 39
244 205
445 842
885 777
806 922
566 596
827 589
12 719
156 64
200 922
826 167
1009 1008
1 2 3 4 5 6 7 8 9 10 11 12 13 14 15 16 17 18 19 20 21 22 23 24 25 26 27 28 29 30 31 32 33 34 35 36 37 38 39 40 41 42 43 44 45 46 47 48 49 50 51 52 53 54 55 56 57 58 59 60 61 62 63 64 65 66 67 68 69 70 71 72 73 74 75 76 77 78 79 80 81 82 83 84 85 86 87 88 89 90 91 92 93 94 95 96 97 98 99 100 101 102 103 104 105 106 107 108 109 110 111 112 113 114 115 116 117 118 119 120 121 122 123 124 125 126 127 128 129 130 131 132 133 134 135 136 137 138 139 140 141 142 143 144 145 146 147 148 149 150 151 152 153 154 155 156 157 158 159 160 161 162 163 164 165 166 167 168 169 170 171 172 173 174 175 176 177 178 179 180 181 182 183 184 185 186 187 188 189 190 191 192 193 194 195 196 197 198 199 200 201 202 203 204 205 206 207 208 209 210 211 212 213 214 215 216 217 218 219 220 221 222 223 224 225 226 227 228 229 230 231 232 233 234 235 236 237 238 239 240 241 242 243 244 245 246 247 248 249 250 251 252 253 254 255 256 257 258 259 260 261 262 263 264 265 266 267 268 269 270 271 272 273 274 275 276 277 278 279 280 281 282 283 284 285 286 287 288 289 290 291 292 293 294 295 296 297 298 299 300 301 302 303 304 305 306 307 308 309 310 311 312 313 314 315 316 317 318 319 320 321 322 323 324 325 326 327 328 329 330 331 332 333 334 335 336 337 338 339 340 341 342 343 344 345 346 347 348 349 350 351 352 353 354 355 356 357 358 359 360 361 362 363 364 365 366 367 368 369 370 371 372 373 374 375 376 377 378 379 380 381 382 383 384 385 386 387 388 389 390 391 392 393 394 395 396 397 398 399 400 401 402 403 404 405 406 407 408 409 410 411 412 413 414 415 416 417 418 419 420 421 422 423 424 425 426 427 428 429 430 431 432 433 434 435 436 437 438 439 440 441 442 443 444 445 446 447 448 449 450 451 452 453 454 455 456 457 458 459 460 461 462 463 464 465 466 467 468 469 470 471 472 473 474 475 476 477 478 479 480 481 482 483 484 485 486 487 488 489 490 491 492 493 494 495 496 497 498 499 500 501 502 503 504 505 506 507 508 509 510 511 512 513 514 515 516 517 518 519 520 521 522 523 524 525 526 527 528 529 530 531 532 533 534 535 536 537 538 539 540 541 542 543 544 545 546 547 548 549 550 551 552 553 554 555 556 557 558 559 560 561 562 563 564 565 566 567 568 569 570 571 572 573 574 575 576 577 578 579 580 581 582 583 584 585 586 587 588 589 590 591 592 593 594 595 596 597 598 599 600 601 602 603 604 605 606 607 608 609 610 611 612 613 614 615 616 617 618 619 620 621 622 623 624 625 626 627 628 629 630 631 632 633 634 635 636 637 638 639 640 641 642 643 644 645 646 647 648 649 650 651 652 653 654 655 656 657 658 659 660 661 662 663 664 665 666 667 668 669 670 671 672 673 674 675 676 677 678 679 680 681 682 683 684 685 686 687 688 689 690 691 692 693 694 695 696 697 698 699 700 701 702 703 704 705 706 707 708 709 710 711 712 713 714 715 716 717 718 719 720 721 722 723 724 725 726 727 728 729 730 731 732 733 734 735 736 737 738 739 740 741 742 743 744 745 746 747 748 749 750 751 752 753 754 755 756 757 758 759 760 761 762 763 764 765 766 767 768 769 770 771 772 773 774 775 776 777 778 779 780 781 782 783 784 785 786 787 788 789 790 791 792 793 794 795 796 797 798 799 800 801 802 803 804 805 806 807 808 809 810 811 812 813 814 815 816 817 818 819 820 821 822 823 824 825 826 827 828 829 830 831 832 833 834 835 836 837 838 839 840 841 842 843 844 845 846 847 848 849 850 851 852 853 854 855 856 857 858 859 860 861 862 863 864 865 866 867 868 869 870 871 872 873 874 875 876 877 878 879 880 881 882 883 884 885 886 887 888 889 890 891 892 893 894 895 896 897 898 899 900 901 902 903 904 905 906 907 908 909 910 911 912 913 914 915 916 917 918 919 920 921 922 923 924 925 926 927 928 929 930 931 932 933 934 935 936 937 938 939 940 941 942 943 944 945 946 947 948 949 950 951 952 953 954 955 956 957 958 959 960 961 962 963 964 965 966 967 968 969 970 971 972 973 974 975 976 977 978 979 980 981 982 983 984 985 986 987 988 989 990 991 992 993 994 995 996 997 998 999 1000 1001 1002 1003 1004 1005 1006 1007 1008 1009
1 1 1 1 1 1 1 1 1 1 1 1 1 1 1 1 1 1 1 1 1 1 1 1 1 1 1 1 1 1 1 1 1 1 1 1 1 1 1 1 1 1 1 1 1 1 1 1 1 1 1 1 1 1 1 1 1 1 1 1 1 1 1 1 1 1 1 1 1 1 1 1 1 1 1 1 1 1 1 1 1 1 1 1 1 1 1 1 1 1 1 1 1 1 1 1 1 1 1 1 1 1 1 1 1 1 1 1 1 1 1 1 1 1 1 1 1 1 1 1 1 1 1 1 1 1 1 1 1 1 1 1 1 1 1 1 1 1 1 1 1 1 1 1 1 1 1 1 1 1 1 1 1 1 1 1 1 1 1 1 1 1 1 1 1 1 1 1 1 1 1 1 1 1 1 1 1 1 1 1 1 1 1 1 1 1 1 1 1 1 1 1 1 1 1 1 1 1 1 1 1 1 1 1 1 1 1 1 1 1 1 1 1 1 1 1 1 1 1 1 1 1 1 1 1 1 1 1 1 1 1 1 1 1 1 1 1 1 1 1 1 1 1 1 1 1 1 1 1 1 1 1 1 1 1 1 1 1 1 1 1 1 1 1 1 1 1 1 1 1 1 1 1 1 1 1 1 1 1 1 1 1 1 1 1 1 1 1 1 1 1 1 1 1 1 1 1 1 1 1 1 1 1 1 1 1 1 1 1 1 1 1 1 1 1 1 1 1 1 1 1 1 1 1 1 1 1 1 1 1 1 1 1 1 1 1 1 1 1 1 1 1 1 1 1 1 1 1 1 1 1 1 1 1 1 1 1 1 1 1 1 1 1 1 1 1 1 1 1 1 1 1 1 1 1 1 1 1 1 1 1 1 1 1 1 1 1 1 1 1 1 1 1 1 1 1 1 1 1 1 1 1 1 1 1 1 1 1 1 1 1 1 1 1 1 1 1 1 1 1 1 1 1 1 1 1 1 1 1 1 1 1 1 1 1 1 1 1 1 1 1 1 1 1 1 1 1 1 1 1 1 1 1 1 1 1 1 1 1 1 1 1 1 1 1 1 1 1 1 1 1 1 1 1 1 1 1 1 1 1 1 1 1 1 1 1 1 1 1 1 1 1 1 1 1 1 1 1 1 1 1 1 1 1 1 1 1 1 1 1 1 1 1 1 1 1 1 1 1 1 1 1 1 1 1 1 1 1 1 1 1 1 1 1 1 1 1 1 1 1 1 1 1 1 1 1 1 1 1 1 1 1 1 1 1 1 1 1 1 1 1 1 1 1 1 1 1 1 1 1 1 1 1 1 1 1 1 1 1 1 1 1 1 1 1 1 1 1 1 1 1 1 1 1 1 1 1 1 1 1 1 1 1 1 1 1 1 1 1 1 1 1 1 1 1 1 1 1 1 1 1 1 1 1 1 1 1 1 1 1 1 1 1 1 1 1 1 1 1 1 1 1 1 1 1 1 1 1 1 1 1 1 1 1 1 1 1 1 1 1 1 1 1 1 1 1 1 1 1 1 1 1 1 1 1 1 1 1 1 1 1 1 1 1 1 1 1 1 1 1 1 1 1 1 1 1 1 1 1 1 1 1 1 1 1 1 1 1 1 1 1 1 1 1 1 1 1 1 1 1 1 1 1 1 1 1 1 1 1 1 1 1 1 1 1 1 1 1 1 1 1 1 1 1 1 1 1 1 1 1 1 1 1 1 1 1 1 1 1 1 1 1 1 1 1 1 1 1 1 1 1 1 1 1 1 1 1 1 1 1 1 1 1 1 1 1 1 1 1 1 1 1 1 1 1 1 292 1 1 1 1 1 1 1 1 1 1 1 1 1 1 1 1 1 1 1 1 1 1 1 1 1 1 1 1 1 1 1 1 1 1 1 1 1 1 1 1 1 1 1 1 1 1 1 1 1 1 1 1 1 1 1 1 1 1 1 1 1 1 1 1 1 1 1 1 1 1 1 1 1 1 1 1 1 1 1 1 1 1 1 1 1 1 1 1 1 1 1 1 1 1 1 1 1 1 1 1 1 1 1 1 1 1 1 1 1 1 1 1 1 1 1 1 1 1 1 1 1 1 1 1 1 1 1 1 1 1 1 1 1 1 1 1 1 1 1 1 1 1 1 1 1 1 1 1 1 1 1 1 1 1 1 1 1 1 1 1 1 1 1 1 1 1 1 1 1 1 1 1 1 1 1 1 1 1 1 1 1 1 1 1 1 1 1 1 1 1 1 1 1 1 1 1 1 1 1 1 1 1 1 1 1 1 1 1 1 1 1 1
956 516
544 920
776 400
497 319
669 60
657 273
540 614
900 246
558 649
934 994
158 553
954 2
356 736
921 714
97 49
781 693
319 617
910 19
261 445
35 971
253 453
850 683
95 222
279 503
627 690
994 237
713 234
901 556
629 781
611 545
696 752
39 899
589 304
243 66
625 80
621 205
438 615
26 288
156 253
532 759
489 99
58 994
153 313
535 938
904 154
226 408
416 324
780 106
216 517
929 302
260 356
804 606
486 346
109 228
733 165
23 809
278 834
705 235
734 290
740 195
932 221
417 556
655 330
497 252
73 830
443 102
680 280
770 455
355 626
396 708
834 775
20 400
727 554
626 159
608 994
850 915
36 751
221 802
137 790
79 829
309 764
387 275
666 340
639 366
254 125
658 547
512 908
708 72
991 151
440 411
367 628
325 648
251 778
967 832
653 39
565 614
669 450
708 228
999 617
744 957
320 326
683 529
933 549
372 283
496 792
214 371
165 856
167 248
640 326
965 470
255 886
759 952
591 321
75 752
766 565
82 157
892 421
203 660
776 962
690 137
180 660
444 199
965 532
208 800
630 993
78 468
218 491
367 986
38 382
149 921
1005 247
31 782
367 567
334 767
816 790
465 443
369 398
564 500
137 399
361 942
148 775
414 689
691 820
888 672
456 801
273 744
133 612
192 175
292 890
410 261
866 460
266 458
723 663
979 627
864 503
744 624
407 292
761 637
273 51
550 16
767 432
137 717
602 60
312 60
352 785
283 768
60 499
845 885
7 597
216 428
489 611
224 747
824 400
893 622
954 945
122 740
785 669
163 331
791 573
285 688
267 251
119 706
299 950
565 127
698 448
935 947
532 828
609 521
696 581
661 528
307 207
125 587
799 303
464 802
590 883
97 845
138 370
592 391
214 348
421 224
466 180
218 771
355 502
793 409
900 137
808 778
947 671
267 660
251 146
985 708
932 251
735 660
631 377
295 983
941 71
691 760
961 488
121 776
643 664
871 909
819 385
839 522
89 4
510 914
135 642
240 328
527 91
327 549
224 756
874 344
529 811
931 778
458 259
200 721
991 52
964 571
695 696
963 792
981 730
677 493
594 130
256 606
68 83
327 230
932 163
221 836
124 775
251 520
523 343
98 758
968 808
658 295
699 862
150 436
92 271
710 87
462 985
947 74
195 206
963 627
229 733
729 351
395 215
579 23
818 708
876 925
908 996
812 617
136 542
755 451
314 953
731 534
62 232
9 620
574 675
949 428
887 375
31 701
797 880
539 33
889 459
568 668
844 961
196 426
179 881
857 737
118 78
425 572
589 537
156 514
969 157
494 30
253 166
541 557
736 794
345 358
255 28
47 207
449 402
626 837
194 225
712 393
7 754
466 373
478 296
607 166
495 657
336 128
592 451
199 975
998 503
837 142
250 231
332 219
812 865
648 95
474 515
901 853
187 285
997 326
109 955
105 928
441 388
696 669
521 276
795 837
1001 781
516 182
560 689
377 416
355 302
904 226
467 695
778 198
595 94
980 886
803 290
583 539
706 400
633 454
361 906
355 289
671 173
694 582
921 189
682 274
179 726
100 572
731 499
214 302
918 524
57 845
618 546
462 1007
976 312
309 738
505 674
411 157
140 199
330 388
385 191
308 848
635 600
944 258
799 637
799 867
2 327
978 142
404 926
784 131
964 746
612 265
626 368
965 662
493 18
613 161
973 768
720 923
1000 639
727 416
452 816
87 112
895 731
436 271
507 988
675 93
523 521
543 832
737 749
720 192
912 878
659 270
44 493
838 451
215 920
69 627
236 9
272 547
899 793
32 302
561 220
314 888
369 733
23 469
630 736
847 636
214 329
1008 88
161 743
218 385
391 921
903 193
880 887
86 965
516 303
370 255
509 188
95 773
252 243
296 769
907 213
514 863
89 995
718 422
686 113
24 850
679 803
384 83
745 882
654 262
550 982
655 910
632 641
674 290
431 263
284 171
337 141
880 808
947 536
154 914
801 813
650 410
414 12
866 734
884 841
548 466
788 596
355 264
224 89
10 487
768 299
297 537
733 202
179 832
473 52
882 330
110 261
687 31
383 613
460 378
927 493
497 762
148 849
394 318
742 309
935 485
439 877
436 847
132 204
477 455
744 321
310 985
846 349
654 1002
658 506
781 601
559 254
492 152
392 737
556 1006
713 886
606 455
689 2
938 194
134 686
841 111
266 722
446 690
588 327
516 493
913 355
832 308
810 250
670 907
590 832
29 775
818 294
245 757
77 872
890 435
937 418
971 198
589 242
412 510
401 895
332 473
385 817
896 961
840 689
614 418
674 244
407 210
414 185
399 923
635 149
709 619
398 530
123 405
587 50
179 204
557 338
413 405
794 104
580 195
282 30
832 181
186 450
751 801
428 414
873 382
818 772
643 147
897 1
1 542
702 730
190 350
245 78
686 758
293 245
60 251
54 36
963 332
843 552
9 569
23 241
831 420
453 269
154 855
942 724
20 336
232 434
3 161
90 554
918 556
656 70
459 762
558 303
586 916
974 99
80 768
27 648
778 784
489 884
796 108
914 823
701 85
753 1001
478 360
73 309
684 374
686 387
191 145
310 741
67 502
129 665
851 516
208 48
762 611
65 968
658 318
537 634
439 140
509 707
350 588
288 681
774 576
184 712
679 481
174 609
36 426
54 911
187 438
935 912
117 605
357 42
207 311
595 806
775 550
804 322
587 478
499 492
233 579
278 316
84 443
184 224
368 70
441 141
539 578
777 533
519 499
88 598
274 703
620 487
62 333
599 906
441 834
783 52
345 684
21 265
113 551
356 155
597 687
363 941
709 201
253 443
37 495
639 342
519 969
832 115
22 909
787 686
1005 763
917 737
606 934
989 565
844 261
271 537
508 689
597 626
59 125
903 181
527 619
313 725
287 333
424 383
297 380
515 619
693 992
788 718
651 115
1003 658
267 626
603 381
833 109
683 504
388 872
767 105
214 861
737 462
223 693
839 994
643 715
609 303
739 498
286 567
262 900
894 282
31 277
772 364
647 31
511 60
757 662
2 642
781 25
930 702
362 170
562 465
140 200
775 711
251 300
55 272
546 311
692 565
172 446
606 88
85 116
503 258
427 893
199 110
890 503
14 694
341 652
678 256
586 775
413 690
309 355
684 429
81 981
823 250
15 587
479 430
212 840
960 994
75 825
854 522
832 140
274 880
78 936
646 221
421 732
466 478
501 402
786 895
308 835
540 87
162 20
873 389
447 459
748 133
575 734
569 584
644 396
60 158
614 626
906 870
900 571
503 690
826 568
391 874
766 382
899 541
713 209
736 170
615 676
187 626
981 606
697 329
925 48
556 985
987 609
301 391
225 612
506 1
129 761
837 762
419 568
484 656
851 922
808 89
605 185
360 585
23 822
458 626
616 934
852 921
673 270
31 528
388 874
859 920
606 932
239 421
339 273
394 765
572 11
998 640
762 140
255 454
645 539
794 842
361 437
595 53
238 1009
969 490
757 46
96 921
909 204
268 439
667 1
145 315
850 893
966 855
6 249
82 120
698 154
768 603
503 689
821 621
167 32
573 595
658 700
457 385
690 984
959 774
513 421
899 818
228 516
638 788
708 321
70 593
8 425
925 479
972 261
404 499
212 948
388 363
368 437
130 181
253 419
840 314
914 684
940 283
43 655
48 728
850 604
247 305
406 263
328 921
981 780
900 333
138 353
89 685
291 443
256 639
11 708
370 168
41 577
45 407
1004 404
814 351
354 281
501 727
589 970
725 5
192 211
442 840
552 611
101 713
403 675
423 405
994 869
165 518
690 229
220 313
473 483
61 161
387 227
397 180
822 26
774 285
169 112
916 144
693 355
400 564
616 183
176 54
789 400
750 267
693 482
686 628
359 260
454 247
921 76
501 383
935 386
736 898
623 486
798 422
64 733
198 471
670 154
431 900
693 463
181 845
606 79
9 699
164 738
73 563
280 995
523 814
805 914
207 15
514 475
935 555
312 335
126 136
318 902
156 707
109 480
34 704
228 990
391 611
253 95
875 956
965 333
564 939
620 762
291 641
20 715
512 891
691 360
845 739
779 235
173 178
788 303
512 383
818 823
627 539
958 860
733 23
220 932
514 267
318 958
727 564
818 988
538 847
977 79
34 319
614 63
779 472
298 938
267 321
708 938
459 215
156 947
773 143
269 566
30 795
900 365
42 482
299 815
777 740
41 80
157 347
144 807
787 734
564 321
353 284
946 827
457 708
139 589
564 827
740 2
837 479
419 317
170 879
963 177
214 114
905 482
762 503
799 270
623 627
539 56
140 36
476 354
378 415
193 943
509 197
755 340
705 13
303 525
257 912
554 461
708 595
963 376
689 537
574 228
553 283
747 924
619 285
103 573
923 1009
597 686
995 306
33 160
64 107
47 379
334 531
235 48
850 778
624 694
951 427
919 251
67 570
295 249
17 890
768 767
831 421
217 22
384 931
868 56
595 433
383 821
719 948
124 663
845 40
687 255
846 501
727 295
14 716
610 597
390 721
867 858
295 476
837 526
736 837
796 932
341 787
323 738
991 990
1 2 3 4 5 6 7 8 9 10 11 12 13 14 15 16 17 18 19 20 21 22 23 24 25 26 27 28 29 30 31 32 33 34 35 36 37 38 39 40 41 42 43 44 45 46 47 48 49 50 51 52 53 54 55 56 57 58 59 60 61 62 63 64 65 66 67 68 69 70 71 72 73 74 75 76 77 78 79 80 81 82 83 84 85 86 87 88 89 90 91 92 93 94 95 96 97 98 99 100 101 102 103 104 105 106 107 108 109 110 111 112 113 114 115 116 117 118 119 120 121 122 123 124 125 126 127 128 129 130 131 132 133 134 135 136 137 138 139 140 141 142 143 144 145 146 147 148 149 150 151 152 153 154 155 156 157 158 159 160 161 162 163 164 165 166 167 168 169 170 171 172 173 174 175 176 177 178 179 180 181 182 183 184 185 186 187 188 189 190 191 192 193 194 195 196 197 198 199 200 201 202 203 204 205 206 207 208 209 210 211 212 213 214 215 216 217 218 219 220 221 222 223 224 225 226 227 228 229 230 231 232 233 234 235 236 237 238 239 240 241 242 243 244 245 246 247 248 249 250 251 252 253 254 255 256 257 258 259 260 261 262 263 264 265 266 267 268 269 270 271 272 273 274 275 276 277 278 279 280 281 282 283 284 285 286 287 288 289 290 291 292 293 294 295 296 297 298 299 300 301 302 303 304 305 306 307 308 309 310 311 312 313 314 315 316 317 318 319 320 321 322 323 324 325 326 327 328 329 330 331 332 333 334 335 336 337 338 339 340 341 342 343 344 345 346 347 348 349 350 351 352 353 354 355 356 357 358 359 360 361 362 363 364 365 366 367 368 369 370 371 372 373 374 375 376 377 378 379 380 381 382 383 384 385 386 387 388 389 390 391 392 393 394 395 396 397 398 399 400 401 402 403 404 405 406 407 408 409 410 411 412 413 414 415 416 417 418 419 420 421 422 423 424 425 426 427 428 429 430 431 432 433 434 435 436 437 438 439 440 441 442 443 444 445 446 447 448 449 450 451 452 453 454 455 456 457 458 459 460 461 462 463 464 465 466 467 468 469 470 471 472 473 474 475 476 477 478 479 480 481 482 483 484 485 486 487 488 489 490 491 492 493 494 495 496 497 498 499 500 501 502 503 504 505 506 507 508 509 510 511 512 513 514 515 516 517 518 519 520 521 522 523 524 525 526 527 528 529 530 531 532 533 534 535 536 537 538 539 540 541 542 543 544 545 546 547 548 549 550 551 552 553 554 555 556 557 558 559 560 561 562 563 564 565 566 567 568 569 570 571 572 573 574 575 576 577 578 579 580 581 582 583 584 585 586 587 588 589 590 591 592 593 594 595 596 597 598 599 600 601 602 603 604 605 606 607 608 609 610 611 612 613 614 615 616 617 618 619 620 621 622 623 624 625 626 627 628 629 630 631 632 633 634 635 636 637 638 639 640 641 642 643 644 645 646 647 648 649 650 651 652 653 654 655 656 657 658 659 660 661 662 663 664 665 666 667 668 669 670 671 672 673 674 675 676 677 678 679 680 681 682 683 684 685 686 687 688 689 690 691 692 693 694 695 696 697 698 699 700 701 702 703 704 705 706 707 708 709 710 711 712 713 714 715 716 717 718 719 720 721 722 723 724 725 726 727 728 729 730 731 732 733 734 735 736 737 738 739 740 741 742 743 744 745 746 747 748 749 750 751 752 753 754 755 756 757 758 759 760 761 762 763 764 765 766 767 768 769 770 771 772 773 774 775 776 777 778 779 780 781 782 783 784 785 786 787 788 789 790 791 792 793 794 795 796 797 798 799 800 801 802 803 804 805 806 807 808 809 810 811 812 813 814 815 816 817 818 819 820 821 822 823 824 825 826 827 828 829 830 831 832 833 834 835 836 837 838 839 840 841 842 843 844 845 846 847 848 849 850 851 852 853 854 855 856 857 858 859 860 861 862 863 864 865 866 867 868 869 870 871 872 873 874 875 876 877 878 879 880 881 882 883 884 885 886 887 888 889 890 891 892 893 894 895 896 897 898 899 900 901 902 903 904 905 906 907 908 909 910 911 912 913 914 915 916 917 918 919 920 921 922 923 924 925 926 927 928 929 930 931 932 933 934 935 936 937 938 939 940 941 942 943 944 945 946 947 948 949 950 951 952 953 954 955 956 957 958 959 960 961 962 963 964 965 966 967 968 969 970 971 972 973 974 975 976 977 978 979 980 981 982 983 984 985 986 987 988 989 990 991
1 1 1 1 1 1 1 1 1 1 1 1 1 1 1 1 1 1 1 1 1 1 1 1 1 1 1 1 1 1 1 1 1 1 1 6 1 1 1 1 1 1 1 1 1 1 1 1 1 6 1 1 1 1 1 1 1 1 1 1 1 1 1 1 1 1 1 1 1 1 1 1 1 1 1 1 1 1 1 1 1 1 1 6 1 1 1 1 1 1 1 1 1 1 1 1 1 1 1 1 1 1 6 1 1 1 1 1 1 1 1 1 1 1 1 1 1 1 1 1 1 1 1 1 1 1 1 1 1 1 6 1 1 1 1 1 1 1 1 1 1 1 1 1 1 1 1 1 1 1 1 1 1 1 1 1 1 1 1 1 1 1 1 1 1 1 1 1 1 1 1 1 1 1 1 1 1 1 1 1 1 1 1 1 1 1 1 1 1 1 1 1 1 1 1 1 1 1 1 1 1 1 1 1 1 1 1 6 1 1 1 1 1 1 1 1 1 1 1 1 1 1 1 1 1 1 1 1 1 1 1 1 1 1 1 1 1 1 1 1 1 1 1 1 1 1 1 1 1 1 1 1 1 1 1 1 1 1 1 1 1 1 1 1 1 1 1 1 1 1 1 1 1 1 1 1 6 1 1 1 1 1 1 1 1 1 1 1 1 1 1 1 1 1 1 1 6 1 1 1 1 1 1 1 1 1 1 1 6 1 1 1 1 1 1 1 1 1 1 1 1 1 1 1 1 1 1 6 1 1 1 1 1 1 1 1 1 1 1 1 1 1 6 1 1 1 1 1 1 1 1 1 1 1 1 1 1 1 6 1 1 1 1 1 1 1 1 1 1 1 1 1 1 1 1 1 1 1 1 1 1 1 1 1 1 1 1 1 1 1 1 1 1 1 1 1 1 1 1 1 1 1 1 1 1 1 1 1 1 1 1 1 1 1 1 1 1 1 1 1 1 1 1 1 1 1 1 1 1 1 1 1 1 2 1 1 1 1 1 1 1 1 1 1 1 1 1 1 1 1 1 6 1 1 1 1 1 1 1 1 1 1 1 1 1 1 1 1 1 1 1 1 1 1 1 1 1 1 1 1 1 1 1 1 1 1 1 1 1 1 1 1 1 1 1 1 1 1 1 1 1 1 1 1 1 1 1 1 1 1 1 1 1 1 1 1 1 1 1 1 1 1 1 1 1 1 1 1 1 1 1 1 1 1 1 1 1 1 1 1 1 1 1 1 1 6 1 1 1 1 1 1 1 1 1 1 1 1 6 1 1 1 1 1 1 1 1 1 1 1 1 1 1 1 1 1 1 1 1 1 6 1 1 1 1 1 1 1 1 1 1 1 1 1 1 1 1 1 1 1 1 1 1 1 1 1 1 1 1 1 1 1 1 1 1 1 1 1 1 1 1 1 1 6 1 1 1 1 1 1 1 1 1 1 1 1 1 1 1 1 1 1 1 1 1 1 1 1 2 1 1 1 1 1 1 1 1 1 1 1 1 1 1 1 1 1 2 1 1 1 1 1 1 1 1 1 1 1 1 1 1 1 1 1 1 1 1 6 1 1 1 1 1 1 1 1 1 1 1 1 1 1 1 1 1 1 1 1 1 1 1 1 1 1 1 1 1 1 1 1 1 1 1 1 1 1 1 1 1 1 1 1 1 1 1 1 1 1 1 6 1 1 1 1 1 1 1 1 1 1 1 1 1 1 1 1 1 1 1 1 1 1 1 1 1 1 1 1 1 1 1 1 1 1 1 1 1 1 1 1 1 1 1 1 1 1 1 1 1 1 1 1 1 1 1 1 1 1 1 1 1 6 1 1 1 1 1 1 1 1 1 1 1 1 1 1 1 1 1 1 1 1 1 1 1 1 1 1 1 1 1 6 1 1 1 1 1 1 1 1 1 1 1 1 1 1 1 1 1 1 1 1 1 1 1 1 1 1 2 1 1 1 1 1 1 1 1 1 1 1 1 1 1 1 1 1 1 1 6 1 1 1 1 1 1 1 1 1 1 1 1 1 1 1 1 1 1 1 1 1 1 1 1 1 1 1 1 1 1 2 1 1 1 1 1 1 1 1 1 1 1 1 1 1 1 1 1 1 1 1 1 2 1 1 1 1 1 1 1 1 1 1 1 1 1 1 1 1 6 1 1 1 1 1 1 1 1 1 1 1 1 1 1 1 1 1 1 1 1 1 1 1 1 1 1 6 1 1 1 1 1 1 1 1 1 1 1 1 1 1 1
284 22
404 587
694 849
880 632
966 606
590 966
884 119
661 119
404 537
980 97
980 281
284 511
284 410
872 980
85 694
880 326
966 226
309 552
493 552
910 119
966 548
119 417
944 696
946 966
980 641
880 464
119 518
880 919
768 284
939 404
463 944
552 34
694 104
191 966
284 525
119 406
966 932
788 284
880 552
11 404
880 453
940 284
944 322
220 284
944 339
102 880
124 880
366 966
552 411
284 350
404 530
284 246
248 404
835 404
112 944
489 552
944 951
980 284
127 944
552 365
980 657
96 966
343 552
552 945
980 93
754 980
383 284
944 745
302 694
552 36
694 466
880 388
472 404
155 284
966 829
315 944
219 404
935 880
694 719
880 553
419 119
552 825
404 662
119 232
336 119
119 348
880 944
404 264
880 291
422 944
979 552
880 442
284 16
481 284
404 545
307 404
461 966
980 975
896 694
762 966
565 694
404 890
280 944
119 136
404 500
552 603
621 552
556 980
395 404
694 310
284 126
863 966
368 119
552 14
142 944
956 404
604 880
679 944
944 311
28 966
63 694
156 980
694 763
568 119
944 858
552 262
880 42
625 284
253 284
980 266
743 966
966 514
966 544
201 944
284 70
284 752
659 694
691 980
944 329
420 694
147 980
432 880
118 552
880 347
817 284
284 663
552 9
182 694
880 416
870 694
199 694
739 404
46 552
163 944
880 746
404 671
944 100
35 119
694 374
903 980
552 848
561 944
173 284
288 980
966 438
456 966
119 95
694 941
694 907
880 293
805 880
88 119
346 944
284 393
452 552
404 53
610 966
577 119
321 119
476 119
528 119
832 552
167 284
776 404
119 204
552 543
770 694
131 552
284 480
944 162
404 38
539 404
814 404
177 404
180 694
673 404
65 284
880 237
389 404
880 885
284 400
944 243
31 694
119 944
726 552
92 966
802 552
430 966
647 944
552 508
341 880
404 794
549 119
552 225
980 451
966 268
552 224
915 966
944 683
284 856
562 880
923 284
980 797
969 944
552 642
711 404
119 217
552 297
385 119
694 362
277 552
1 284
980 547
694 86
498 980
980 916
404 792
312 119
284 899
710 966
569 944
944 323
284 354
694 942
723 980
958 966
542 694
944 527
538 694
382 944
875 966
269 944
895 966
790 980
27 980
756 284
552 598
755 944
694 576
898 694
778 966
229 880
694 810
552 6
284 485
952 404
299 119
250 694
249 284
557 694
950 880
231 694
119 320
980 367
119 215
119 840
989 284
404 148
563 404
552 21
284 209
282 966
764 284
944 424
633 694
880 665
334 552
284 772
216 944
207 980
725 694
761 944
880 974
980 836
966 766
546 552
980 107
694 735
105 694
966 697
284 25
552 129
852 552
214 119
491 966
468 404
812 966
119 846
535 944
980 267
119 435
304 944
552 474
317 694
881 404
526 404
404 626
119 254
694 727
833 966
210 944
524 694
83 944
880 651
821 980
934 404
721 966
552 954
165 284
694 845
966 722
358 284
980 820
980 599
966 330
944 314
826 404
966 667
880 437
39 966
230 552
806 694
966 991
119 327
404 684
880 117
380 944
944 394
616 966
653 404
694 613
688 552
990 404
536 880
960 119
44 552
552 842
212 944
966 239
703 694
119 650
944 160
257 284
966 221
119 747
880 532
59 694
119 584
944 409
607 880
135 980
880 379
972 880
944 132
26 944
284 296
628 694
284 24
273 119
944 779
798 404
944 844
980 245
620 694
404 159
200 404
694 982
387 552
490 694
244 944
980 355
608 284
186 694
552 767
980 928
284 361
486 694
240 552
988 404
206 552
404 47
694 748
909 119
638 119
397 880
423 980
717 880
90 966
119 439
966 732
715 944
966 415
119 123
694 363
944 82
966 183
966 857
880 469
658 880
983 404
980 184
507 980
391 119
284 690
290 552
980 371
694 765
443 119
880 787
552 566
441 694
407 284
567 694
373 694
552 581
119 775
966 482
689 404
392 966
980 973
158 980
119 681
786 119
305 694
552 23
980 893
284 197
247 980
880 169
119 98
984 119
359 552
421 284
188 284
76 404
944 342
911 966
284 185
966 686
694 702
284 585
880 149
980 457
980 283
980 80
278 119
944 771
880 970
119 575
33 119
446 404
880 141
89 284
404 847
274 284
284 920
284 853
880 340
552 261
119 925
404 705
694 695
284 357
880 583
218 880
880 815
913 966
980 724
125 966
961 694
284 971
404 574
91 694
429 119
880 154
808 980
433 694
980 398
957 880
944 713
694 564
284 15
791 694
552 540
552 740
119 78
944 377
694 447
119 509
966 138
13 552
213 966
236 284
880 955
529 284
660 944
966 742
878 980
736 980
694 113
404 694
944 830
196 694
944 192
601 880
949 552
630 980
72 284
980 263
73 880
316 944
600 944
980 62
980 153
128 880
51 404
4 966
966 7
404 10
694 921
284 440
860 119
552 318
838 980
238 694
572 694
559 552
589 980
270 694
694 738
332 694
591 694
947 880
843 880
494 694
284 449
404 333
880 228
284 241
404 801
708 944
284 839
150 284
375 944
139 880
694 596
706 966
868 119
119 467
901 980
404 370
944 533
944 55
694 963
205 966
552 865
976 552
944 933
284 110
841 944
294 552
694 980
369 944
242 944
298 966
906 944
552 656
966 483
944 876
966 381
552 413
924 966
295 880
284 720
144 694
980 636
284 654
351 552
414 966
678 284
502 944
666 284
356 694
944 45
119 522
753 284
233 944
879 552
880 145
284 161
922 944
306 284
980 49
880 930
873 966
694 985
504 944
944 353
64 404
404 986
602 966
774 880
87 966
404 520
617 284
674 404
324 980
944 455
404 364
980 749
116 966
880 597
552 496
462 944
552 271
880 531
731 944
694 618
730 880
428 694
497 966
769 980
552 265
404 510
260 944
552 582
980 5
552 194
121 284
861 119
813 966
552 134
980 888
119 966
694 349
360 966
552 624
103 552
344 284
558 944
639 284
609 284
195 980
119 74
795 119
331 694
980 912
32 119
944 114
648 119
793 980
880 488
499 966
586 284
694 181
552 905
944 614
119 902
700 284
966 640
668 284
864 119
694 521
780 284
168 944
119 319
152 694
819 966
694 479
473 404
635 404
694 516
694 478
477 404
880 211
99 552
967 284
284 143
962 404
458 980
287 694
119 854
714 552
809 980
623 944
50 552
284 492
222 119
284 645
694 146
588 944
869 944
448 880
880 664
823 944
284 384
834 119
164 880
850 119
759 880
944 777
427 880
931 980
694 877
170 944
71 980
944 918
325 119
728 980
399 284
980 308
79 284
944 338
501 404
313 880
119 171
552 554
119 460
966 403
880 412
694 402
404 917
880 8
944 855
404 978
551 284
694 944
944 948
68 944
944 175
251 694
174 966
605 880
936 944
284 223
515 404
404 804
487 944
471 944
694 17
637 980
966 953
694 506
644 944
880 259
980 615
284 193
137 284
48 944
646 404
57 119
352 980
980 56
944 111
966 122
404 465
81 119
276 694
784 980
284 824
880 67
980 235
404 578
944 30
284 256
699 404
37 880
404 889
109 944
552 52
782 944
966 517
783 694
926 552
378 694
292 404
816 552
980 680
831 404
880 629
904 944
172 119
284 822
386 119
687 404
701 552
119 475
980 751
593 694
944 704
401 944
436 119
77 980
234 404
944 862
2 119
944 579
119 818
694 866
552 871
675 880
744 284
944 54
470 284
677 119
892 944
966 693
694 669
60 284
944 300
927 966
119 803
811 880
694 882
61 404
694 914
883 880
404 560
944 66
119 484
980 29
151 404
966 335
284 390
552 503
279 880
404 968
426 966
837 119
580 284
929 119
41 119
694 796
655 944
119 734
880 108
676 404
694 827
944 859
880 789
119 750
337 119
513 552
758 944
523 880
891 404
880 785
670 284
887 119
285 119
431 944
694 303
712 980
404 757
445 552
981 694
459 880
187 966
444 944
176 284
980 733
880 106
119 908
880 959
404 202
119 272
944 396
698 880
40 694
425 880
694 18
867 404
682 880
284 622
404 800
404 737
495 119
694 43
966 707
685 694
178 980
716 694
552 328
198 119
592 694
741 404
944 729
258 694
120 119
966 512
284 376
289 284
20 944
552 652
937 966
880 454
12 944
980 75
966 649
286 694
552 208
84 552
595 694
404 571
58 880
552 987
101 284
552 19
255 119
405 944
570 944
404 900
709 694
634 119
880 130
692 694
781 980
284 799
119 619
284 372
555 880
189 880
980 275
694 115
966 886
980 541
694 807
594 552
851 119
301 944
284 534
190 119
94 966
966 434
418 980
140 694
773 552
166 980
284 550
133 694
943 694
643 880
227 694
631 880
203 694
612 944
252 944
964 284
938 966
284 450
718 880
880 760
694 897
284 345
828 119
573 694
966 611
505 966
980 627
408 980
519 980
552 672
977 980
284 69
894 119
3 980
179 404
694 874
284 965
157 966
