4
1081 1080
9 193 484 833 1071 513 990 480 1060 885 857 130 140 200 134 800 451 1079 770 146 353 520 1058 355 91 857 634 2 189 650 420 770 935 665 343 619 257 986 902 269 578 72 596 780 850 343 961 850 1015 345 543 939 14 928 412 1039 548 387 554 1021 190 50 259 1045 175 277 531 61 887 709 626 904 325 9 444 824 966 941 1068 736 129 480 541 580 271 821 270 264 99 159 122 272 952 533 731 1061 410 1035 127 758 956 190 27 655 852 166 937 874 333 1051 231 646 540 586 249 328 1001 711 780 355 1052 779 963 130 101 465 539 1014 785 954 781 42 282 338 341 484 528 1039 448 671 155 528 455 771 252 439 169 1037 205 483 1068 52 1044 587 20 729 388 731 999 689 672 905 495 189 903 579 696 216 308 273 589 18 683 653 155 566 519 631 527 42 192 312 541 654 679 871 1008 461 177 787 749 684 705 49 509 695 76 396 896 9 1003 987 813 1009 218 480 193 893 429 260 3 761 445 298 897 160 100 702 608 267 736 150 431 445 990 664 312 315 852 26 414 758 719 92 980 481 96 210 3 188 897 927 243 863 776 1071 794 149 184 639 366 977 26 718 903 840 346 435 807 645 892 652 474 869 274 643 477 463 432 378 910 399 1012 321 731 127 665 979 107 848 458 489 137 355 120 592 923 982 299 965 333 439 752 680 951 501 273 285 983 18 738 783 126 977 605 717 550 950 1005 190 404 985 1062 805 458 983 401 985 269 1064 401 680 200 954 586 1020 171 552 517 317 532 776 462 542 460 1030 592 202 605 202 872 350 132 733 713 1065 785 968 376 1018 601 190 768 438 912 941 273 758 166 504 468 555 333 436 125 595 600 749 398 380 318 283 828 890 866 645 355 675 566 794 573 822 280 651 144 83 527 176 308 464 336 513 1003 402 242 225 1002 337 667 1068 599 689 659 1028 341 552 988 880 129 932 1079 1008 96 665 562 542 186 881 635 1061 107 243 222 407 168 479 54 693 369 707 227 1034 626 637 300 388 997 652 370 924 981 565 696 395 551 616 950 1070 324 47 1056 124 1031 727 241 740 1003 536 1045 215 580 79 815 93 647 681 562 20 843 208 180 593 145 468 1031 179 1048 597 813 262 50 389 533 103 667 935 1073 596 470 444 167 765 398 415 506 265 896 727 513 102 782 875 1026 48 385 859 458 907 1031 2 800 472 954 610 312 429 658 22 298 131 527 694 452 727 350 835 160 652 66 897 1001 804 227 656 900 191 426 803 652 622 347 855 1028 475 706 893 281 944 483 1057 971 310 301 825 272 643 224 450 365 304 549 1037 157 888 875 525 749 158 66 114 1006 149 599 450 933 330 561 678 877 1076 634 563 58 548 666 926 569 1058 1006 142 549 554 290 983 238 521 325 582 659 795 589 90 296 496 158 341 76 356 688 887 567 324 985 931 605 1009 11 869 48 700 598 788 156 458 947 523 728 966 613 659 904 156 1052 141 470 665 1030 793 675 277 920 966 195 285 218 165 668 830 695 465 1069 113 671 81 440 935 186 176 375 230 409 983 892 967 240 475 310 185 500 859 470 693 409 757 727 451 368 596 393 917 697 612 585 925 734 1067 228 363 4 928 419 316 677 919 490 80 852 572 684 278 172 396 1059 300 1023 380 100 601 846 968 665 344 962 38 886 434 908 697 1055 1029 169 2 9 656 831 760 526 283 531 917 1048 407 976 623 800 780 494 823 707 903 456 370 619 354 547 38 9 610 298 591 599 1022 511 815 1064 745 348 610 130 994 158 308 578 781 939 321 271 775 817 782 884 521 773 454 398 85 738 364 711 580 917 207 114 875 925 375 505 355 119 698 594 953 675 316 761 465 186 1042 1078 944 341 41 520 304 868 1043 215 780 654 209 216 147 49 425 531 1057 39 964 786 67 708 787 983 719 465 818 438 744 379 886 153 266 315 1008 458 86 625 83 959 839 434 67 551 532 716 16 939 398 652 603 181 52 850 371 86 111 407 138 480 342 975 1073 576 81 577 221 922 49 193 707 676 757 625 427 79 931 1010 946 41 848 365 956 1080 150 697 16 897 715 981 997 341 887 730 378 1046 914 953 23 590 362 475 921 598 761 343 483 83 677 1054 845 573 778 92 1063 404 468 810 229 37 245 1031 702 217 17 112 696 1063 460 533 597 34 864 943 889 533 668 134 1071 688 781 1036 314 899 719 11 89 477 908 323 97 899 621 697 887 976 845 115 131 405 603 575 711 556 308 1013 445 1027 235 137 240 674 648 463 573 513 855 687 320 446 906 412 187 793 990 861 967 1060 613 859 637 390 855 905 477 840 967 905 829 471 90 954 303 232 821 878 734 276 305 813 174 472 970 955 672 668 85 985 69 938 945 773 928 803 1069 275 886 363 919 91 858 837 730 903 733 916 769 372 601 365 676 961 512 719 602 347 294 950 570 187 174 124 289 317 532 394 1031 278 978 377 341 153 570 169 152 593 664 143 1034 147 28 284 331 964 841 674 993 166 302 489 906 97
2 2 2 2 2 2 2 2 2 2 2 2 2 2 2 2 2 2 2 2 2 2 2 2 2 2 2 2 2 2 2 2 2 2 2 2 2 2 2 2 2 2 2 2 2 2 2 2 2 2 2 2 2 2 2 2 2 2 2 2 2 2 2 2 2 2 2 2 2 2 2 2 2 2 2 2 2 2 2 2 2 2 2 2 2 2 2 2 2 2 2 2 2 2 2 2 2 2 2 2 2 2 2 2 2 2 2 2 2 2 2 2 2 2 2 2 2 2 2 2 2 2 2 2 2 2 2 2 2 2 2 2 2 2 2 2 2 2 2 2 2 2 2 2 2 2 2 2 2 2 2 2 2 2 2 2 2 2 2 2 2 2 2 2 2 2 2 2 2 2 2 2 2 2 2 2 2 2 2 2 2 2 2 2 2 2 2 2 2 2 2 2 2 2 2 2 2 2 2 2 2 2 2 2 2 2 2 2 2 2 2 2 2 2 2 2 2 2 2 2 2 2 2 2 2 2 2 2 2 2 2 2 2 2 2 2 2 2 2 2 2 2 2 2 2 2 2 2 2 2 2 2 2 2 2 2 2 2 2 2 2 2 2 2 2 2 2 2 2 2 2 2 2 2 2 2 2 2 2 2 2 2 2 2 2 2 2 2 2 2 2 2 2 2 2 2 2 2 2 2 2 2 2 2 2 2 2 2 2 2 2 2 2 2 2 2 2 2 2 2 2 2 2 2 2 2 2 2 2 2 2 2 2 2 2 2 2 2 2 2 2 2 2 2 2 2 2 2 2 2 2 2 2 2 2 2 2 2 2 2 2 2 2 2 2 2 2 2 2 2 2 2 2 2 2 2 2 2 2 2 2 2 2 2 2 2 2 2 2 2 2 2 2 2 2 2 2 2 2 2 2 2 2 2 2 2 2 2 2 2 2 2 2 2 2 2 2 2 2 2 2 2 2 2 2 2 2 2 2 2 2 2 2 2 2 2 2 2 2 2 2 2 2 2 2 2 2 2 2 2 2 2 2 2 2 654 2 2 2 2 2 2 2 2 2 2 2 2 2 2 2 2 2 2 2 2 2 2 2 2 2 2 2 2 2 2 2 2 2 2 2 2 2 2 2 2 2 2 2 2 2 2 2 2 2 2 2 2 2 2 2 2 2 2 2 2 2 2 2 2 2 2 2 2 2 2 2 2 2 2 2 2 2 2 2 2 2 2 2 2 2 2 2 2 2 2 2 2 2 2 2 2 2 2 2 2 2 2 2 2 2 2 2 2 2 2 2 2 2 2 2 2 2 2 2 2 2 2 2 2 2 2 2 2 2 2 2 2 2 2 2 2 2 2 2 2 2 2 2 2 2 2 2 2 2 2 2 2 2 2 2 2 2 2 2 2 2 2 2 2 2 2 2 2 2 2 2 2 2 2 2 2 2 2 2 2 2 2 2 2 2 2 2 2 2 2 2 2 2 2 2 2 2 2 2 2 2 2 2 2 2 2 2 2 2 2 2 2 2 2 2 2 2 2 2 2 2 2 2 2 2 2 2 2 2 2 2 2 2 2 2 2 2 2 2 2 2 2 2 2 2 2 2 2 2 2 2 2 2 2 2 2 2 2 2 2 2 2 2 2 2 2 2 2 2 2 2 2 2 2 2 2 2 2 2 2 2 2 2 2 2 2 2 2 2 2 2 2 2 2 2 2 2 2 2 2 2 2 2 2 2 2 2 2 2 2 2 2 2 2 2 2 2 2 2 2 2 2 2 2 2 2 2 2 2 2 2 2 2 2 2 2 2 2 2 2 2 2 2 2 2 2 2 2 2 2 2 2 2 2 2 2 2 2 2 2 2 2 2 2 2 2 2 2 2 2 2 2 2 2 2 2 2 2 2 2 2 2 2 2 2 2 2 2 2 2 2 2 2 2 2 2 2 2 2 2 2 2 2 2 2 2 2 2 2 2 2 2 2 2 2 2 2 2 2 2 2 2 2 2 2 2 2 2 2 2 2 2 2 2 2 2 2 2 2 2 2 2 2 2 2 2 2 2 2 2 2 2 2 2 2 2 2 2 2 2 2 2 2 2 2 2 2 2 2 2 2 2 2 2 2 2 2 2 2 2 2 2 2 2 2 2 2 2 2 2 2 2 2 2 2 2 2 2 2 2 2 2 2 2 2 2 2 2 2 2 2 2 2 2 2 2 2 2 2 2 2 2 2 2 2 2 2 2 2 2 2 2 2 2 2 2 2 2 2 2 2 2 2 2 2 2 2 2 2 2 2 2 2 2 2 2 2 2 2 2 2 2 2 2 2 2 2 2 2 2 2 2 2 2 2 2 2 2 2 2 2 2 2 2 2 2 2 2 2 2 2 2 2 2 2 2 2 2 2 2 2 2 2 2 2 2 2 2 2 2 2 2 2 2 2 2 2 2 2 2 2 2 2 2 2
467 302
891 467
467 238
936 467
589 467
467 429
140 467
467 331
818 467
681 467
115 467
271 467
467 539
135 467
102 467
467 759
467 506
467 405
1043 467
467 1003
467 360
467 833
467 871
860 467
599 467
467 452
336 467
467 924
338 467
99 467
467 902
467 613
467 797
95 467
467 1073
81 467
1021 467
467 446
544 467
467 621
467 113
944 467
722 467
513 467
628 467
467 622
326 467
467 144
467 14
434 467
1002 467
821 467
467 992
989 467
467 939
951 467
467 239
439 467
334 467
467 335
467 903
467 515
209 467
467 685
12 467
171 467
314 467
344 467
84 467
467 756
467 693
467 1072
467 727
467 552
467 455
467 796
389 467
467 305
498 467
467 303
332 467
257 467
467 510
169 467
467 540
254 467
738 467
630 467
1 467
1078 467
467 136
946 467
467 703
967 467
467 705
39 467
811 467
65 467
467 584
467 868
460 467
467 921
467 291
467 46
467 827
798 467
725 467
635 467
179 467
467 5
559 467
467 234
467 312
773 467
602 467
467 645
467 766
467 203
842 467
467 1064
947 467
467 322
76 467
467 721
467 745
467 864
755 467
289 467
467 24
467 1070
687 467
467 1071
467 697
64 467
467 1005
467 418
8 467
1007 467
467 991
196 467
577 467
190 467
408 467
496 467
517 467
467 758
28 467
467 987
984 467
959 467
470 467
467 676
1040 467
1057 467
578 467
480 467
467 27
467 1061
714 467
467 760
467 208
467 450
467 478
973 467
467 762
467 920
467 355
1031 467
723 467
467 839
942 467
641 467
70 467
467 353
467 284
52 467
467 435
59 467
800 467
467 380
358 467
372 467
782 467
467 993
536 467
467 715
467 858
474 467
467 283
467 300
467 200
481 467
467 996
467 608
503 467
634 467
970 467
155 467
467 80
467 36
467 369
422 467
467 365
467 1041
467 62
116 467
467 1060
467 483
467 68
467 91
269 467
83 467
467 16
345 467
467 754
467 781
749 467
1065 467
467 636
467 657
607 467
406 467
467 808
92 467
937 467
867 467
244 467
650 467
652 467
467 175
467 816
198 467
181 467
828 467
467 817
467 843
153 467
467 836
467 268
467 537
1042 467
467 588
53 467
467 285
467 511
819 467
670 467
467 648
164 467
221 467
609 467
847 467
1023 467
467 519
467 666
688 467
412 467
467 964
467 475
467 489
467 156
296 467
467 227
467 182
467 569
768 467
894 467
484 467
467 644
467 869
467 507
467 570
467 824
78 467
241 467
761 467
467 516
376 467
467 1075
1037 467
582 467
466 467
467 907
467 250
698 467
467 89
149 467
467 772
926 467
467 98
341 467
306 467
467 509
700 467
467 742
467 261
549 467
467 526
259 467
467 456
467 874
467 908
453 467
689 467
467 899
637 467
728 467
534 467
349 467
350 467
467 495
928 467
467 105
467 812
479 467
467 661
399 467
806 467
674 467
467 58
270 467
467 213
467 542
467 532
467 656
356 467
467 743
467 473
467 551
467 1038
467 430
795 467
855 467
467 177
890 467
694 467
467 428
467 1067
467 777
467 1013
467 1035
784 467
467 192
467 938
77 467
467 545
467 395
467 201
467 160
383 467
872 467
467 288
324 467
467 33
357 467
467 441
467 258
280 467
467 724
889 467
838 467
467 1068
530 467
879 467
188 467
124 467
56 467
467 297
467 417
274 467
313 467
574 467
467 820
467 63
757 467
419 467
1026 467
672 467
397 467
499 467
377 467
730 467
467 966
467 1077
467 802
493 467
398 467
467 117
840 467
316 467
467 930
1049 467
194 467
163 467
910 467
467 210
476 467
467 1062
106 467
467 904
1058 467
467 649
467 558
467 93
467 148
779 467
467 522
1066 467
1020 467
975 467
467 211
567 467
390 467
413 467
467 457
467 1025
467 494
467 593
546 467
829 467
1036 467
1029 467
1081 467
863 467
467 386
467 500
467 132
467 881
467 19
467 279
384 467
467 381
467 887
467 416
467 765
467 810
1000 467
273 467
467 74
467 251
659 467
131 467
467 264
467 531
266 467
467 403
34 467
467 746
467 956
96 467
525 467
771 467
467 553
467 748
929 467
638 467
977 467
180 467
786 467
467 2
579 467
467 976
720 467
467 505
262 467
237 467
870 467
467 665
467 141
467 718
467 404
523 467
1054 467
617 467
846 467
592 467
467 884
467 583
146 467
467 490
467 13
1011 467
467 118
467 985
911 467
467 449
467 229
521 467
127 467
467 253
467 752
497 467
467 852
467 606
467 581
1045 467
467 807
711 467
278 467
467 37
467 178
565 467
467 623
440 467
467 482
467 716
547 467
467 660
467 560
467 914
467 379
664 467
467 981
467 1012
919 467
467 469
467 318
467 927
373 467
467 224
467 792
458 467
642 467
467 391
467 735
467 837
467 662
298 467
467 385
883 467
467 619
467 414
467 954
769 467
467 562
580 467
121 467
467 20
467 352
467 983
467 366
467 713
803 467
467 701
467 465
467 982
467 388
246 467
873 467
216 467
467 130
1006 467
614 467
467 142
679 467
119 467
467 462
961 467
467 128
114 467
467 1059
467 226
467 737
328 467
467 596
504 467
223 467
467 426
45 467
862 467
467 330
323 467
467 787
896 467
876 467
467 272
751 467
467 166
467 1022
467 243
905 467
467 7
733 467
467 107
467 935
167 467
707 467
378 467
467 624
467 950
189 467
467 159
86 467
823 467
467 1080
392 467
845 467
467 861
467 10
1032 467
467 57
467 337
467 632
1014 467
467 363
315 467
40 467
444 467
467 801
776 467
934 467
467 79
94 467
477 467
467 933
467 157
191 467
467 600
955 467
467 263
467 219
467 424
467 400
467 317
467 1053
51 467
467 892
774 467
467 41
467 104
877 467
591 467
472 467
467 44
980 467
467 1047
467 54
467 100
137 467
467 236
467 706
467 443
72 467
301 467
467 75
603 467
467 69
467 260
467 548
467 684
467 82
467 669
857 467
467 913
620 467
467 325
467 780
467 1069
467 740
467 866
73 467
394 467
467 161
147 467
467 731
467 958
467 492
212 467
541 467
467 668
329 467
295 467
467 133
1027 467
467 969
467 154
467 97
467 986
561 467
667 467
467 225
467 962
467 518
467 87
467 487
467 572
339 467
601 467
695 467
467 126
467 710
467 814
467 520
467 9
122 467
467 282
321 467
467 528
467 152
294 467
631 467
101 467
173 467
467 790
467 307
11 467
783 467
940 467
467 785
467 663
309 467
467 696
467 945
168 467
467 830
333 467
611 467
467 354
501 467
467 767
990 467
897 467
371 467
712 467
467 895
849 467
916 467
467 654
467 1079
467 799
120 467
1010 467
925 467
467 901
557 467
1074 467
467 835
467 459
207 467
726 467
467 1009
566 467
585 467
467 554
247 467
233 467
822 467
878 467
704 467
467 604
1004 467
467 199
615 467
463 467
949 467
467 248
467 407
467 675
347 467
467 906
467 1051
467 625
467 85
467 678
467 447
467 709
673 467
231 467
123 467
265 467
467 686
88 467
304 467
467 988
568 467
467 979
467 739
467 286
67 467
71 467
791 467
467 255
590 467
437 467
467 909
204 467
1001 467
832 467
764 467
467 195
556 467
467 415
467 633
647 467
467 999
467 918
277 467
794 467
467 953
220 467
467 4
467 598
467 308
467 468
467 249
467 859
467 805
467 436
467 1018
467 281
467 834
841 467
467 978
185 467
467 276
464 467
423 467
454 467
151 467
367 467
467 527
467 651
646 467
467 763
467 948
683 467
467 232
564 467
893 467
467 205
467 6
467 22
994 467
467 968
467 409
186 467
26 467
467 932
467 882
346 467
467 747
21 467
467 47
467 396
348 467
467 788
467 165
467 214
170 467
467 917
467 804
815 467
880 467
467 425
1030 467
467 952
467 682
467 512
467 753
467 1016
245 467
717 467
467 793
467 420
1052 467
680 467
848 467
467 445
467 50
138 467
467 605
467 202
965 467
467 1039
467 775
653 467
467 533
502 467
671 467
222 467
240 467
467 639
488 467
183 467
110 467
1033 467
162 467
467 43
467 915
467 888
467 485
18 467
467 844
467 770
467 508
618 467
467 974
640 467
467 575
1055 467
228 467
275 467
467 963
467 576
467 32
361 467
467 393
467 61
467 563
351 467
778 467
193 467
467 134
467 320
467 327
1024 467
467 850
467 886
1008 467
370 467
467 197
467 29
467 427
467 972
467 1015
543 467
467 343
467 995
432 467
941 467
467 1034
612 467
467 48
702 467
467 143
467 610
218 467
826 467
359 467
451 467
109 467
467 438
467 875
931 467
467 853
467 31
431 467
467 267
230 467
467 442
402 467
467 529
66 467
467 206
467 1017
467 595
467 287
23 467
467 535
158 467
129 467
1063 467
421 467
467 729
30 467
467 374
319 467
1028 467
467 42
433 467
467 658
467 514
467 3
586 467
734 467
467 311
467 150
467 461
467 111
108 467
1048 467
898 467
235 467
467 1046
467 719
1019 467
467 677
467 362
25 467
467 922
467 825
943 467
467 732
410 467
448 467
524 467
467 364
467 550
342 467
467 616
467 538
174 467
467 741
1076 467
467 750
467 856
467 35
467 691
368 467
467 923
467 38
571 467
467 387
597 467
467 290
467 217
467 736
998 467
587 467
467 90
467 885
467 971
382 467
467 60
172 467
865 467
467 744
467 491
467 655
467 55
17 467
467 375
467 809
627 467
145 467
310 467
467 957
467 912
299 467
690 467
692 467
256 467
467 49
467 340
1044 467
708 467
293 467
789 467
292 467
112 467
594 467
252 467
467 471
15 467
467 699
184 467
467 555
467 176
467 486
242 467
467 125
467 401
467 854
467 643
813 467
1050 467
467 960
831 467
900 467
139 467
411 467
467 187
215 467
573 467
103 467
467 851
467 629
997 467
626 467
467 1056
1086 1085
1 2 3 4 5 6 7 8 9 10 11 12 13 14 15 16 17 18 19 20 21 22 23 24 25 26 27 28 29 30 31 32 33 34 35 36 37 38 39 40 41 42 43 44 45 46 47 48 49 50 51 52 53 54 55 56 57 58 59 60 61 62 63 64 65 66 67 68 69 70 71 72 73 74 75 76 77 78 79 80 81 82 83 84 85 86 87 88 89 90 91 92 93 94 95 96 97 98 99 100 101 102 103 104 105 106 107 108 109 110 111 112 113 114 115 116 117 118 119 120 121 122 123 124 125 126 127 128 129 130 131 132 133 134 135 136 137 138 139 140 141 142 143 144 145 146 147 148 149 150 151 152 153 154 155 156 157 158 159 160 161 162 163 164 165 166 167 168 169 170 171 172 173 174 175 176 177 178 179 180 181 182 183 184 185 186 187 188 189 190 191 192 193 194 195 196 197 198 199 200 201 202 203 204 205 206 207 208 209 210 211 212 213 214 215 216 217 218 219 220 221 222 223 224 225 226 227 228 229 230 231 232 233 234 235 236 237 238 239 240 241 242 243 244 245 246 247 248 249 250 251 252 253 254 255 256 257 258 259 260 261 262 263 264 265 266 267 268 269 270 271 272 273 274 275 276 277 278 279 280 281 282 283 284 285 286 287 288 289 290 291 292 293 294 295 296 297 298 299 300 301 302 303 304 305 306 307 308 309 310 311 312 313 314 315 316 317 318 319 320 321 322 323 324 325 326 327 328 329 330 331 332 333 334 335 336 337 338 339 340 341 342 343 344 345 346 347 348 349 350 351 352 353 354 355 356 357 358 359 360 361 362 363 364 365 366 367 368 369 370 371 372 373 374 375 376 377 378 379 380 381 382 383 384 385 386 387 388 389 390 391 392 393 394 395 396 397 398 399 400 401 402 403 404 405 406 407 408 409 410 411 412 413 414 415 416 417 418 419 420 421 422 423 424 425 426 427 428 429 430 431 432 433 434 435 436 437 438 439 440 441 442 443 444 445 446 447 448 449 450 451 452 453 454 455 456 457 458 459 460 461 462 463 464 465 466 467 468 469 470 471 472 473 474 475 476 477 478 479 480 481 482 483 484 485 486 487 488 489 490 491 492 493 494 495 496 497 498 499 500 501 502 503 504 505 506 507 508 509 510 511 512 513 514 515 516 517 518 519 520 521 522 523 524 525 526 527 528 529 530 531 532 533 534 535 536 537 538 539 540 541 542 543 544 545 546 547 548 549 550 551 552 553 554 555 556 557 558 559 560 561 562 563 564 565 566 567 568 569 570 571 572 573 574 575 576 577 578 579 580 581 582 583 584 585 586 587 588 589 590 591 592 593 594 595 596 597 598 599 600 601 602 603 604 605 606 607 608 609 610 611 612 613 614 615 616 617 618 619 620 621 622 623 624 625 626 627 628 629 630 631 632 633 634 635 636 637 638 639 640 641 642 643 644 645 646 647 648 649 650 651 652 653 654 655 656 657 658 659 660 661 662 663 664 665 666 667 668 669 670 671 672 673 674 675 676 677 678 679 680 681 682 683 684 685 686 687 688 689 690 691 692 693 694 695 696 697 698 699 700 701 702 703 704 705 706 707 708 709 710 711 712 713 714 715 716 717 718 719 720 721 722 723 724 725 726 727 728 729 730 731 732 733 734 735 736 737 738 739 740 741 742 743 744 745 746 747 748 749 750 751 752 753 754 755 756 757 758 759 760 761 762 763 764 765 766 767 768 769 770 771 772 773 774 775 776 777 778 779 780 781 782 783 784 785 786 787 788 789 790 791 792 793 794 795 796 797 798 799 800 801 802 803 804 805 806 807 808 809 810 811 812 813 814 815 816 817 818 819 820 821 822 823 824 825 826 827 828 829 830 831 832 833 834 835 836 837 838 839 840 841 842 843 844 845 846 847 848 849 850 851 852 853 854 855 856 857 858 859 860 861 862 863 864 865 866 867 868 869 870 871 872 873 874 875 876 877 878 879 880 881 882 883 884 885 886 887 888 889 890 891 892 893 894 895 896 897 898 899 900 901 902 903 904 905 906 907 908 909 910 911 912 913 914 915 916 917 918 919 920 921 922 923 924 925 926 927 928 929 930 931 932 933 934 935 936 937 938 939 940 941 942 943 944 945 946 947 948 949 950 951 952 953 954 955 956 957 958 959 960 961 962 963 964 965 966 967 968 969 970 971 972 973 974 975 976 977 978 979 980 981 982 983 984 985 986 987 988 989 990 991 992 993 994 995 996 997 998 999 1000 1001 1002 1003 1004 1005 1006 1007 1008 1009 1010 1011 1012 1013 1014 1015 1016 1017 1018 1019 1020 1021 1022 1023 1024 1025 1026 1027 1028 1029 1030 1031 1032 1033 1034 1035 1036 1037 1038 1039 1040 1041 1042 1043 1044 1045 1046 1047 1048 1049 1050 1051 1052 1053 1054 1055 1056 1057 1058 1059 1060 1061 1062 1063 1064 1065 1066 1067 1068 1069 1070 1071 1072 1073 1074 1075 1076 1077 1078 1079 1080 1081 1082 1083 1084 1085 1086
1 1 1 1 1 1 1 1 1 1 1 1 1 1 1 1 1 1 1 1 1 1 1 1 1 1 1 1 1 1 1 1 1 1 1 1 1 1 1 1 1 1 1 1 1 1 1 1 1 1 1 1 1 1 1 1 1 1 1 1 1 1 1 1 1 1 1 1 1 1 1 1 1 1 1 1 1 1 1 1 1 1 1 1 1 1 1 1 1 1 1 1 1 1 1 1 1 1 1 1 1 1 1 1 1 1 1 1 109 1 1 1 1 1 1 1 1 1 1 1 1 1 1 1 1 1 1 1 1 1 1 1 1 1 1 1 1 1 1 1 1 1 1 1 1 1 1 1 1 1 1 1 1 1 1 1 1 1 1 1 1 1 1 1 1 1 1 1 1 1 1 1 1 1 1 1 1 1 1 1 1 1 1 1 1 1 1 1 1 1 1 1 1 1 1 1 1 1 1 1 1 1 1 1 1 1 1 1 1 1 1 1 1 1 1 1 1 1 1 1 1 1 1 1 1 1 1 1 1 1 1 1 1 1 1 1 1 1 1 1 1 1 1 1 1 1 1 1 1 1 1 1 1 1 1 1 1 1 1 1 1 1 1 1 1 1 1 1 1 1 1 1 1 1 1 1 1 1 1 1 1 1 1 1 1 1 1 1 1 1 1 1 1 1 1 1 1 1 1 1 1 1 1 1 1 1 1 1 1 1 1 1 1 1 1 1 1 1 1 1 1 1 1 1 1 1 1 1 1 1 1 1 1 1 1 1 1 1 1 1 1 1 1 1 1 1 1 1 1 1 1 1 1 1 1 1 1 1 1 1 1 1 1 1 1 1 1 1 1 1 1 1 1 1 1 1 1 1 1 1 1 1 1 1 1 1 1 1 1 1 1 1 1 1 1 1 1 1 1 1 1 1 1 1 1 1 1 1 1 1 1 1 1 1 1 1 1 1 1 1 1 1 1 1 1 1 1 1 1 1 1 1 1 1 1 1 1 1 1 1 1 1 1 1 1 1 1 1 1 1 1 1 1 1 1 1 1 1 1 1 1 1 1 1 1 1 1 1 1 1 1 1 1 1 1 1 1 1 1 1 1 1 1 1 1 1 1 1 1 1 1 1 1 1 1 1 1 1 1 1 1 1 1 1 1 1 1 1 1 1 1 1 1 1 1 1 1 1 1 1 1 1 1 1 1 1 1 1 1 1 1 1 1 1 1 1 1 1 1 1 1 1 1 1 1 1 1 1 1 1 1 1 1 1 1 1 1 1 1 1 1 1 1 1 1 1 1 1 1 1 1 1 1 1 1 1 1 1 1 1 1 1 1 1 1 1 1 1 1 1 1 1 1 1 1 1 1 1 1 1 1 1 1 1 1 1 1 1 1 1 1 1 1 1 1 1 1 1 1 1 1 1 1 1 1 1 1 1 1 1 1 1 1 1 1 1 1 1 1 1 1 1 1 1 1 1 1 1 1 1 1 1 1 1 1 1 1 1 1 1 1 1 1 1 1 1 1 1 1 1 1 1 1 1 1 1 1 1 1 1 1 1 1 1 1 1 1 1 1 1 1 1 1 1 1 1 1 1 1 1 1 1 1 1 1 1 1 1 1 1 1 1 1 1 1 1 1 1 1 1 1 1 1 1 1 1 1 1 1 1 1 1 1 1 1 1 1 1 1 1 1 1 1 1 1 1 1 1 1 1 1 1 1 1 1 1 1 1 1 1 1 1 1 1 1 1 1 1 1 1 1 1 1 1 1 1 1 1 1 1 1 1 1 1 1 1 1 1 1 1 1 1 1 1 1 1 1 1 1 1 1 1 1 1 1 1 1 1 1 1 1 1 1 1 1 1 1 1 1 1 1 1 1 1 1 1 1 1 1 1 1 1 1 1 1 1 1 1 1 1 1 1 1 1 1 1 1 1 1 1 1 1 1 1 1 1 1 1 1 1 1 1 1 1 1 1 1 1 1 1 1 1 1 1 1 1 1 1 1 1 1 1 1 1 1 1 1 1 1 1 1 1 1 1 1 1 1 1 1 1 1 1 1 1 1 1 1 1 1 1 1 1 1 1 1 1 1 1 1 1 1 1 1 1 1 1 1 1 1 1 1 1 1 1 1 1 1 1 1 1 1 1 1 1 1 1 1 1 1 1 1 1 1 1 1 1 1 1 1 1 1 1 1 1 1 1 1 1 1 1 1 1 1 1 1 1 1 1 1 1 1 1 1 1 1 1 1 1 1 1 1 1 1 1 1 1 1 1 1 1 1 1 1 1 1 1 1 1 1 1 1 1 1 1 1 1 1 1 1 1 1 1 1 1 1 1 1 1 1 1 1 1 1 1 1 1 1 1 1 1 1 1 1 1 1 1 1 1 1 1 1 1 1 1 1 1 1 1 1 1 1 1 1 1 1 1 1 1 1 1 1 1 1 1 1 1 1 1 1 1 1 1 1 1 1 1
90 300
899 300
930 300
300 402
124 300
300 794
300 453
660 300
300 267
215 300
244 300
5 300
788 300
300 308
786 300
300 841
300 548
1049 300
300 86
1047 300
300 802
910 300
300 157
695 300
300 801
300 1003
300 371
300 359
300 678
294 300
300 183
450 300
538 300
300 532
300 945
300 392
300 201
300 339
300 1011
61 300
300 879
218 300
300 407
300 559
300 593
300 47
300 182
300 572
948 300
677 300
300 1046
300 169
300 444
312 300
300 752
300 381
300 438
1029 300
300 994
792 300
300 168
300 804
834 300
300 704
300 298
522 300
300 691
300 89
734 300
455 300
1 300
440 300
300 527
1053 300
300 377
300 229
161 300
606 300
758 300
279 300
300 221
300 60
300 130
878 300
300 759
300 533
406 300
300 915
823 300
393 300
300 510
668 300
376 300
555 300
300 647
901 300
179 300
91 300
300 304
300 167
300 673
966 300
300 1042
487 300
147 300
398 300
1023 300
300 144
1026 300
300 599
486 300
300 778
432 300
300 774
71 300
300 345
861 300
300 686
799 300
300 1063
300 723
101 300
300 75
84 300
300 988
1037 300
79 300
806 300
300 1014
720 300
362 300
212 300
952 300
300 353
110 300
607 300
290 300
150 300
300 903
858 300
300 436
274 300
344 300
300 1020
300 187
300 293
300 83
177 300
1002 300
300 287
949 300
1009 300
300 457
300 587
300 491
128 300
300 313
983 300
737 300
300 632
281 300
1045 300
240 300
300 997
630 300
337 300
300 252
233 300
105 300
87 300
936 300
718 300
300 531
300 496
300 195
300 556
919 300
300 452
972 300
300 831
300 913
300 728
937 300
66 300
146 300
99 300
364 300
300 320
300 634
300 697
1024 300
300 295
226 300
300 926
300 885
341 300
300 82
951 300
300 968
300 665
302 300
156 300
300 564
300 580
300 847
300 528
300 191
415 300
300 961
258 300
300 443
300 1013
300 884
300 661
368 300
300 370
354 300
300 14
772 300
300 505
1084 300
300 334
439 300
300 854
300 254
299 300
300 133
693 300
300 271
300 2
300 388
1078 300
300 1083
300 1019
300 640
51 300
300 1051
300 685
300 423
594 300
659 300
421 300
822 300
300 993
173 300
883 300
300 338
479 300
579 300
882 300
96 300
251 300
1038 300
300 730
675 300
300 570
300 795
920 300
654 300
530 300
300 750
300 80
590 300
300 399
300 422
24 300
190 300
300 856
250 300
300 624
816 300
616 300
319 300
198 300
507 300
933 300
1059 300
300 492
702 300
300 171
998 300
93 300
300 828
111 300
300 15
300 394
300 143
324 300
148 300
300 956
300 55
300 544
818 300
300 583
845 300
106 300
300 425
517 300
1082 300
300 985
411 300
300 636
300 1027
57 300
711 300
300 935
753 300
346 300
300 837
470 300
300 408
300 325
300 1085
300 400
300 429
699 300
591 300
1057 300
1030 300
954 300
689 300
586 300
300 732
200 300
300 1035
300 431
300 26
300 721
300 410
108 300
13 300
798 300
300 1056
300 62
300 597
88 300
300 869
300 291
300 125
300 473
300 220
986 300
300 1000
300 736
300 911
129 300
300 502
520 300
300 692
300 1044
300 42
300 578
300 372
300 266
897 300
947 300
300 785
300 641
300 404
420 300
446 300
542 300
300 4
424 300
651 300
203 300
300 955
300 386
735 300
300 826
475 300
205 300
1052 300
53 300
835 300
300 418
300 1007
276 300
300 868
283 300
300 349
300 321
300 405
300 657
300 886
300 844
300 142
469 300
498 300
94 300
300 874
382 300
300 149
395 300
300 152
300 567
256 300
300 643
300 575
749 300
300 921
300 789
300 552
1065 300
347 300
477 300
300 500
300 317
907 300
927 300
300 639
300 891
300 830
605 300
300 480
300 812
1068 300
300 989
300 449
300 1070
300 158
950 300
414 300
209 300
862 300
318 300
300 714
565 300
306 300
300 866
620 300
300 468
206 300
300 139
978 300
680 300
300 109
739 300
756 300
300 235
300 1075
122 300
163 300
300 535
300 210
164 300
67 300
905 300
782 300
300 208
300 1005
300 1066
706 300
300 172
352 300
476 300
300 853
300 803
300 991
54 300
300 340
851 300
300 857
300 222
300 940
350 300
19 300
300 839
900 300
300 481
196 300
300 135
300 472
300 546
744 300
300 194
633 300
300 342
178 300
332 300
646 300
722 300
1015 300
300 3
184 300
300 501
300 561
300 656
849 300
592 300
300 134
889 300
642 300
263 300
300 790
437 300
585 300
300 890
300 243
12 300
300 176
300 1060
300 44
154 300
300 568
478 300
957 300
427 300
688 300
397 300
300 938
300 234
300 925
300 681
615 300
560 300
300 1062
224 300
300 576
300 769
300 710
300 385
482 300
300 644
300 504
300 569
577 300
300 931
300 296
300 1025
493 300
367 300
601 300
534 300
300 348
715 300
269 300
963 300
300 448
300 508
28 300
300 929
300 829
300 497
300 626
300 666
300 574
445 300
238 300
797 300
300 855
970 300
924 300
300 523
300 311
516 300
743 300
613 300
460 300
1067 300
300 779
652 300
300 833
159 300
300 112
300 1034
1021 300
300 153
495 300
300 912
197 300
300 536
977 300
300 655
875 300
953 300
300 92
300 763
824 300
300 995
268 300
300 1001
598 300
300 969
300 459
461 300
249 300
389 300
300 971
300 944
300 852
881 300
588 300
557 300
1033 300
300 958
300 604
151 300
52 300
300 282
683 300
300 7
300 375
800 300
118 300
219 300
745 300
1017 300
967 300
1074 300
300 1006
300 383
566 300
300 562
713 300
300 996
300 775
300 248
300 865
300 247
300 6
300 684
323 300
140 300
378 300
622 300
117 300
300 906
300 618
300 515
300 36
300 181
300 888
608 300
741 300
300 751
327 300
1077 300
454 300
300 726
74 300
300 603
300 780
648 300
300 724
300 1036
489 300
300 840
300 30
300 904
300 322
326 300
300 166
300 65
300 264
231 300
658 300
959 300
300 403
300 155
416 300
962 300
805 300
300 836
300 1086
127 300
629 300
300 462
850 300
300 1039
908 300
300 484
300 716
894 300
300 1073
300 696
180 300
300 1041
300 717
867 300
300 712
300 104
300 447
671 300
864 300
781 300
48 300
241 300
300 807
777 300
300 64
199 300
262 300
300 1016
300 357
300 762
748 300
50 300
300 506
300 76
300 175
483 300
509 300
499 300
81 300
609 300
300 430
242 300
165 300
1061 300
33 300
300 976
701 300
708 300
300 85
207 300
917 300
729 300
843 300
300 145
300 467
37 300
896 300
138 300
300 225
300 872
300 687
300 284
582 300
174 300
300 631
300 525
300 365
1071 300
213 300
300 832
300 435
300 257
887 300
300 22
662 300
300 784
300 965
63 300
300 488
553 300
300 442
72 300
193 300
300 330
77 300
719 300
300 760
433 300
300 265
650 300
300 541
300 463
300 524
766 300
300 102
300 413
300 539
982 300
300 202
300 9
300 1064
300 316
810 300
474 300
300 331
740 300
391 300
909 300
914 300
664 300
255 300
300 653
742 300
300 160
811 300
227 300
300 43
300 412
610 300
513 300
300 351
300 292
230 300
309 300
300 69
1055 300
649 300
20 300
204 300
300 511
300 725
589 300
521 300
300 485
289 300
300 814
1028 300
137 300
1069 300
942 300
300 356
300 131
300 623
189 300
300 113
103 300
300 827
300 974
310 300
558 300
300 946
300 770
928 300
300 617
300 49
300 992
733 300
95 300
300 670
300 846
300 270
1008 300
300 628
747 300
821 300
300 503
300 409
813 300
549 300
300 694
300 975
300 1080
300 755
300 379
300 554
960 300
300 838
333 300
471 300
305 300
115 300
793 300
300 932
300 667
876 300
29 300
277 300
275 300
526 300
27 300
300 984
300 211
300 58
300 817
300 34
300 336
771 300
300 456
300 1022
300 529
300 35
300 596
300 518
300 880
300 126
300 674
300 895
494 300
300 981
987 300
387 300
300 669
41 300
490 300
56 300
300 390
547 300
300 45
300 939
214 300
584 300
428 300
300 107
1010 300
871 300
114 300
300 315
300 260
300 39
863 300
300 635
746 300
46 300
300 355
300 709
551 300
300 369
990 300
300 581
300 543
860 300
300 698
380 300
300 272
300 73
300 8
625 300
614 300
300 819
767 300
300 893
563 300
300 848
300 343
300 97
809 300
300 1032
300 973
787 300
514 300
278 300
300 441
300 619
300 941
245 300
1031 300
300 303
761 300
738 300
300 999
300 627
253 300
300 645
550 300
1012 300
842 300
300 540
611 300
300 1050
300 873
216 300
314 300
300 217
892 300
637 300
300 923
600 300
300 1040
300 17
1079 300
300 120
877 300
297 300
300 922
132 300
300 100
300 426
300 366
300 59
300 545
300 419
188 300
280 300
300 285
300 700
727 300
859 300
870 300
300 396
31 300
141 300
300 573
300 123
754 300
300 1076
307 300
300 1043
300 261
300 335
273 300
300 98
300 16
465 300
25 300
300 776
300 286
757 300
537 300
663 300
300 301
21 300
300 363
300 519
300 796
300 10
300 329
300 373
300 162
300 731
300 676
300 768
300 170
300 1058
300 773
1018 300
136 300
300 898
300 192
300 916
328 300
300 384
228 300
595 300
300 32
300 186
300 783
943 300
300 602
300 979
707 300
78 300
361 300
612 300
70 300
1004 300
679 300
300 38
820 300
300 40
918 300
300 374
300 18
825 300
300 232
300 466
300 464
300 417
300 638
300 808
690 300
300 1054
934 300
300 288
300 401
300 672
300 360
300 458
1048 300
300 434
358 300
300 185
300 621
223 300
237 300
1081 300
116 300
451 300
300 1072
300 11
300 259
239 300
119 300
964 300
300 765
300 236
246 300
791 300
571 300
815 300
764 300
705 300
980 300
300 703
902 300
512 300
300 68
300 121
682 300
23 300
1092 1091
283 966 532 530 3 330 77 1028 819 54 698 590 951 479 410 104 366 1090 656 304 333 630 505 681 1058 442 656 165 1011 469 401 1009 228 737 999 208 328 536 938 420 836 253 1038 949 606 996 58 275 339 554 582 904 202 174 1013 356 475 823 251 676 925 863 448 507 1085 565 515 496 1072 220 40 954 317 758 1010 878 901 451 554 229 545 139 735 547 851 751 724 1077 573 301 489 132 484 543 178 700 1078 220 50 1070 437 87 233 1026 507 70 247 834 768 304 303 329 726 67 445 412 860 299 1064 689 98 69 500 479 403 449 665 251 700 501 526 566 891 804 183 297 532 867 464 312 259 3 940 887 928 665 1067 776 121 161 1068 483 728 168 283 788 79 498 704 1073 358 92 634 765 504 947 621 334 546 463 137 788 506 937 725 76 950 18 869 794 539 441 1092 463 986 433 1086 803 82 553 411 872 480 878 290 358 782 12 220 773 777 421 1046 610 502 353 258 422 844 557 275 678 769 180 252 669 621 4 878 569 26 522 751 534 591 442 371 41 968 960 922 34 219 366 520 291 294 819 64 147 395 390 774 596 675 636 977 181 315 902 818 29 482 213 691 930 981 660 728 562 174 146 125 918 306 705 394 298 978 515 606 606 626 921 485 816 977 851 230 124 750 18 1058 191 847 674 111 808 1040 224 181 506 1048 378 856 752 1085 941 188 51 419 1070 280 108 429 322 992 447 448 1009 527 613 545 528 582 999 735 614 131 1033 239 1075 686 684 463 156 704 208 624 585 574 18 820 671 739 1084 748 882 400 760 1074 116 913 613 421 280 634 234 652 976 791 368 1091 764 1024 692 22 217 399 1038 143 214 45 712 141 802 209 630 372 900 211 983 426 494 611 150 1012 419 207 30 213 661 892 769 834 51 1006 314 989 208 791 455 987 326 308 416 554 800 352 230 347 512 883 109 409 202 977 494 992 887 536 305 991 595 473 992 1018 904 520 199 465 705 419 346 1091 392 995 734 1064 43 647 152 619 107 595 681 840 372 111 604 1020 710 645 987 304 588 511 810 1059 912 494 50 988 368 83 83 635 972 499 1027 485 1073 539 877 1040 1047 768 598 376 125 357 512 765 876 607 986 1010 595 16 14 199 870 697 651 632 866 636 487 976 462 682 681 151 1 478 496 380 254 744 167 992 695 852 327 909 391 513 272 428 432 1074 664 96 542 1051 590 837 730 693 872 53 555 1022 254 1070 452 1010 437 861 248 917 697 325 56 879 175 86 325 619 848 131 64 360 264 65 740 322 604 821 680 1026 1000 298 626 1086 241 36 793 458 29 170 267 543 158 229 544 642 86 1091 721 897 594 834 326 118 947 550 113 458 396 886 332 259 210 671 175 543 1063 347 215 515 618 343 585 28 961 574 113 398 156 325 415 439 431 832 154 341 263 907 571 237 726 323 391 281 303 336 898 1063 1079 1038 341 548 506 225 369 894 126 3 1053 349 459 766 648 454 446 804 368 895 210 569 788 573 94 516 360 783 809 582 40 12 796 1013 384 1084 984 871 959 192 1078 465 283 745 1077 928 199 981 483 239 949 755 604 1019 468 317 497 613 1071 369 222 548 388 305 625 305 874 474 353 1005 543 518 715 642 147 850 993 386 276 96 486 771 667 934 99 565 521 262 346 1035 936 987 169 326 238 367 1071 113 62 391 40 591 390 96 471 316 730 758 335 1081 839 1036 500 894 461 357 817 723 621 398 545 1025 716 94 211 141 154 872 552 397 460 149 384 674 903 383 522 346 126 891 208 315 832 720 331 35 192 89 313 958 507 427 678 795 1006 737 1050 124 769 310 531 205 312 403 568 1081 146 750 998 488 477 268 770 30 288 344 17 991 853 145 524 449 1056 268 494 730 462 348 1076 515 398 448 404 557 83 505 1073 664 540 309 37 623 1051 321 935 949 278 32 546 56 133 449 248 916 866 865 724 100 756 891 864 442 685 819 735 558 224 1007 1065 423 267 713 1062 354 734 222 823 445 762 972 788 977 107 938 363 528 759 911 988 231 481 907 31 1077 106 989 897 111 19 226 971 294 641 108 1085 709 884 88 468 396 821 29 697 46 664 643 632 867 538 313 1054 403 224 223 219 529 154 548 305 480 997 849 1047 186 818 4 198 280 524 318 8 408 278 550 236 7 538 536 927 279 1024 1047 479 918 825 591 1070 1069 452 171 475 526 360 212 685 1070 116 756 954 980 778 32 666 200 341 507 449 397 751 517 1061 179 799 765 121 1066 624 747 951 797 316 539 871 332 570 923 86 655 913 573 280 508 903 491 154 396 1034 53 81 755 54 755 769 1080 773 432 767 1006 518 332 443 838 415 1082 874 1046 1078 343 897 1075 216 902 408 776 921 966 973 725 146 283 247 513 495 1076 971 229 669 1022 890 146 1030 137 248 446 175 458 999 488 65 1079 1062 112 577 1050 659 456 1030 581 842 710 983 249 919 215 891 478 439 129 151 82 183 918 752 958 1012 795 202 346 562 938 186 419 30 793 1068 428 108 425 258 664 969 119 323 171 933 578 21 1005 22 263 140 873 527
283 3 532 530 3 330 3 3 819 54 31 3 3 479 3 3 3 3 3 3 3 3 505 681 3 442 3 165 1011 469 3 3 228 737 3 3 3 536 938 31 3 253 1038 949 3 996 58 275 31 554 3 904 202 174 1013 3 3 823 251 3 925 3 3 3 3 565 515 3 1072 220 40 954 317 3 3 878 901 3 554 3 545 139 735 506 3 751 724 1077 31 301 489 132 484 543 3 3 3 3 3 1070 437 3 3 31 507 3 3 3 3 304 3 3 726 3 445 3 3 3 3 689 98 3 500 479 403 449 665 3 700 501 3 566 891 3 31 297 532 867 3 3 3 3 3 3 928 665 1067 776 121 161 3 3 728 168 3 3 3 3 704 3 358 92 3 765 504 3 621 31 3 463 137 3 3 3 725 3 950 18 3 3 3 31 3 463 3 3 1086 803 3 553 411 3 3 3 290 3 782 12 3 773 3 421 1046 610 502 353 3 422 844 3 3 678 3 3 252 3 621 3 3 569 3 3 751 3 3 442 371 3 3 960 922 3 3 3 3 291 31 819 31 147 3 390 774 596 675 3 3 181 315 902 818 29 3 3 3 930 981 660 728 3 174 31 125 918 306 705 3 298 978 515 606 3 626 31 485 816 977 31 230 124 750 3 3 191 847 674 3 3 3 3 181 506 1048 378 3 31 3 941 3 51 3 1070 280 108 429 322 3 447 3 3 527 613 545 528 3 3 735 3 3 1033 239 3 686 684 463 3 704 208 624 585 574 18 820 3 739 3 3 882 3 760 3 116 3 613 3 3 634 3 652 976 791 368 3 3 1024 692 22 217 3 3 143 3 3 712 3 3 209 3 372 3 211 983 31 3 3 150 1012 419 207 30 213 661 892 769 834 51 3 314 989 3 791 455 3 31 3 416 554 800 352 3 347 512 3 3 409 3 977 494 992 887 536 305 3 3 3 992 1018 904 520 199 465 3 419 346 1091 392 3 3 1064 43 3 152 619 107 31 3 3 3 111 3 1020 710 3 3 304 3 3 810 1059 3 3 50 988 3 83 3 3 972 499 3 485 1073 31 31 1040 1047 768 598 3 3 357 3 765 31 3 3 3 595 3 3 31 3 3 3 632 866 636 3 3 462 682 3 3 1 478 31 3 254 744 3 992 695 852 31 3 3 3 272 3 3 3 3 3 542 1051 3 3 3 693 872 3 3 3 254 31 3 3 3 3 248 917 3 325 56 879 175 3 325 3 3 131 64 3 3 3 740 322 3 821 680 3 1000 3 3 3 241 3 31 458 29 170 267 543 3 3 3 3 3 1091 721 3 3 3 326 118 3 550 3 458 3 886 332 3 210 3 31 543 1063 347 3 515 618 343 3 28 961 574 3 3 3 3 415 3 431 31 154 341 3 31 3 237 3 3 3 3 31 336 898 1063 1079 3 341 3 506 225 369 3 3 3 3 349 3 766 3 454 3 3 368 31 3 569 3 573 94 516 360 783 809 582 3 3 796 3 3 1084 984 871 3 192 1078 3 283 745 1077 3 199 981 483 239 949 755 31 3 468 3 3 613 1071 369 3 548 3 3 625 305 3 474 3 3 543 3 715 642 31 850 3 3 276 31 486 3 667 3 99 3 3 262 3 3 936 987 169 326 238 3 3 3 3 391 40 591 390 96 471 3 31 758 3 3 839 1036 3 3 461 3 817 723 3 398 545 1025 3 3 3 141 154 3 3 397 3 149 3 674 903 3 522 346 126 3 3 315 832 720 3 35 192 89 313 3 507 427 678 3 1006 3 3 31 769 3 531 3 312 403 3 3 146 750 3 31 3 268 770 30 3 3 17 991 853 3 524 449 1056 268 3 3 462 348 3 515 3 448 404 3 83 505 1073 3 540 3 37 623 1051 321 3 949 3 3 3 3 3 449 3 3 3 3 31 3 756 3 3 442 685 3 3 558 3 3 3 423 31 3 31 354 734 222 3 445 762 972 788 3 3 938 363 528 3 3 3 31 3 907 31 3 3 989 3 3 19 3 971 294 641 108 1085 3 3 88 3 396 821 29 697 46 664 643 632 867 3 313 3 403 3 3 3 3 154 3 305 480 997 849 3 186 3 4 198 280 31 3 8 3 31 31 3 7 538 3 3 279 31 3 3 918 825 591 1070 3 3 171 3 526 3 3 685 3 116 756 954 980 778 32 3 200 341 3 3 3 3 3 3 179 3 765 121 31 3 747 3 3 3 539 3 3 570 923 3 3 913 3 280 3 903 491 3 3 1034 53 3 755 54 755 769 3 3 432 3 1006 518 332 3 3 415 1082 874 3 31 343 3 1075 3 3 408 3 3 966 973 725 146 3 247 3 495 3 971 3 669 1022 890 3 3 3 3 3 175 3 3 3 3 3 1062 112 577 1050 659 3 3 581 842 710 3 3 3 31 3 3 3 3 3 82 183 3 3 3 1012 795 202 346 562 3 186 31 3 3 1068 3 30 425 258 664 969 3 3 171 3 3 21 3 22 263 140 3 527
1042 932
932 150
932 645
620 932
932 146
229 932
549 932
968 932
275 932
932 341
932 648
180 932
932 635
932 841
1046 932
339 932
932 1038
932 1028
932 469
323 932
556 932
377 932
297 932
932 241
30 932
856 932
1078 932
576 932
643 932
932 175
932 962
81 932
932 455
932 625
932 652
932 350
932 66
708 932
932 1066
374 932
443 932
932 830
932 744
932 589
932 851
932 798
132 932
932 68
505 932
701 932
808 932
932 126
542 932
932 187
932 240
11 932
257 932
932 685
792 932
932 759
954 932
521 932
932 525
932 822
879 932
362 932
729 932
932 1007
557 932
854 932
780 932
932 262
932 694
932 1006
932 135
684 932
402 932
552 932
932 986
65 932
933 932
967 932
932 756
448 932
800 932
932 807
932 628
575 932
775 932
932 532
208 932
252 932
464 932
24 932
151 932
932 832
228 932
932 107
539 932
601 932
932 247
932 218
1091 932
932 971
932 1047
937 932
929 932
932 689
932 676
932 99
932 319
932 406
932 911
932 189
467 932
932 905
436 932
932 831
932 125
197 932
425 932
932 828
891 932
932 993
932 700
816 932
932 395
1012 932
932 715
932 857
932 411
932 890
932 818
669 932
932 409
372 932
760 932
932 678
357 932
322 932
932 1090
1032 932
932 174
811 932
1048 932
932 938
932 1008
777 932
650 932
932 1082
932 397
932 117
481 932
145 932
461 932
932 450
491 932
449 932
932 142
903 932
932 677
637 932
932 1085
957 932
932 179
932 104
924 932
242 932
300 932
932 762
291 932
932 893
932 61
932 144
932 615
154 932
932 636
932 1013
932 587
365 932
662 932
932 713
400 932
959 932
833 932
932 389
165 932
500 932
932 612
932 326
932 923
932 951
932 745
932 220
76 932
932 742
932 790
932 495
653 932
821 932
932 1009
932 740
932 408
932 270
887 932
932 485
932 772
558 932
752 932
932 735
634 932
932 582
717 932
932 596
738 932
164 932
932 944
585 932
657 932
100 932
932 48
168 932
213 932
524 932
932 438
156 932
1024 932
310 932
932 930
421 932
932 920
446 932
776 932
932 534
932 482
932 702
932 975
412 932
932 1033
55 932
932 170
932 7
932 869
932 67
200 932
157 932
932 160
932 1041
932 672
932 1067
932 161
932 1074
932 492
487 932
932 755
475 932
274 932
629 932
932 642
33 932
998 932
932 273
932 49
788 932
988 932
932 705
932 327
932 584
932 84
781 932
932 489
932 122
932 101
932 304
932 972
118 932
932 913
329 932
932 649
932 137
428 932
763 932
932 1075
139 932
736 932
14 932
932 655
706 932
631 932
862 932
932 1039
932 834
231 932
932 172
932 34
185 932
932 1072
917 932
932 695
932 471
932 536
932 244
932 922
932 278
932 460
932 571
932 176
102 932
757 932
567 932
932 93
932 359
932 75
383 932
932 173
2 932
26 932
847 932
875 932
511 932
932 765
325 932
932 38
97 932
932 948
483 932
932 413
932 1071
932 743
40 932
624 932
94 932
129 932
235 932
523 932
932 1021
201 932
932 853
950 932
932 632
1036 932
932 92
940 932
932 369
932 158
981 932
932 884
932 860
806 932
932 889
932 746
573 932
932 931
870 932
932 1056
764 932
494 932
991 932
829 932
932 73
255 932
932 638
527 932
932 80
823 932
932 210
932 333
932 32
465 932
468 932
1014 932
419 932
474 932
932 238
932 451
932 894
932 147
932 248
1083 932
932 454
932 10
384 932
932 120
753 932
932 261
932 152
64 932
1005 932
222 932
932 673
932 439
15 932
529 932
932 982
444 932
651 932
932 331
368 932
932 466
932 267
932 88
868 932
367 932
835 932
932 6
932 330
21 932
932 866
23 932
477 932
249 932
437 932
932 1020
932 473
961 932
363 932
932 880
608 932
932 381
932 899
380 932
932 1018
932 31
932 569
932 207
932 666
110 932
203 932
733 932
256 932
932 722
876 932
943 932
1037 932
128 932
932 604
932 656
932 779
932 480
932 503
515 932
186 932
44 932
932 992
553 932
225 932
307 932
947 932
932 683
915 932
721 932
932 955
932 289
299 932
17 932
932 782
932 726
263 932
277 932
932 627
123 932
932 1029
932 360
699 932
1019 932
932 668
949 932
960 932
932 433
932 376
932 202
932 276
1052 932
609 932
1001 932
932 843
932 873
932 660
932 351
265 932
932 646
415 932
932 198
74 932
616 932
793 932
509 932
932 279
298 932
618 932
983 932
932 78
353 932
306 932
691 932
932 501
424 932
932 387
595 932
324 932
932 550
932 999
317 932
932 730
796 932
932 671
932 308
932 1016
932 25
162 932
432 932
932 909
182 932
496 932
932 401
932 287
36 932
932 564
932 774
932 290
932 1010
545 932
863 932
321 932
124 932
272 932
932 230
404 932
543 932
447 932
932 159
932 606
707 932
739 932
932 1073
932 281
932 1092
932 167
108 932
183 932
115 932
206 932
1084 932
932 611
932 942
932 892
56 932
932 1031
1017 932
640 932
570 932
932 512
932 292
619 932
508 932
488 932
932 131
688 932
1060 932
493 932
113 932
282 932
874 932
47 932
1002 932
932 349
932 22
269 932
932 535
932 871
882 932
932 718
787 932
271 932
932 280
148 932
809 932
171 932
932 420
932 985
815 932
932 499
237 932
932 96
680 932
429 932
548 932
932 703
932 1040
484 932
246 932
239 932
970 932
932 883
932 610
109 932
932 926
710 932
778 932
394 932
932 430
932 445
932 989
388 932
623 932
586 932
932 77
932 531
533 932
932 554
804 932
932 537
932 602
456 932
932 1051
932 340
820 932
932 1027
817 932
977 932
932 751
932 1062
932 1044
667 932
932 530
932 1
53 932
614 932
294 932
932 969
978 932
71 932
1050 932
932 979
29 932
932 195
747 932
932 690
286 932
932 1000
932 19
932 711
504 932
133 932
932 1068
932 704
259 932
928 932
597 932
932 116
932 864
932 502
561 932
932 486
932 517
675 932
417 932
952 932
932 399
932 318
932 769
551 932
932 245
932 934
338 932
932 45
932 378
233 932
886 932
932 514
544 932
205 932
932 528
932 901
196 932
932 13
27 932
518 932
932 1045
840 932
607 932
932 313
1022 932
932 478
932 590
1011 932
932 773
932 284
407 932
1087 932
932 348
946 932
526 932
789 932
138 932
296 932
641 932
497 932
932 416
932 936
932 846
932 965
932 105
579 932
932 3
932 1070
932 283
716 932
932 613
358 932
510 932
932 592
422 932
932 654
932 697
932 1003
127 932
661 932
932 114
932 906
761 932
639 932
932 803
314 932
932 795
932 963
932 513
932 633
572 932
28 932
932 728
932 345
758 932
82 932
541 932
932 52
89 932
836 932
479 932
799 932
932 60
932 794
805 932
932 285
600 932
824 932
932 976
932 956
932 457
426 932
54 932
941 932
111 932
227 932
932 605
932 997
842 932
932 382
932 848
470 932
786 932
134 932
932 1004
932 268
878 932
141 932
932 452
826 932
859 932
784 932
347 932
932 441
932 103
342 932
932 568
932 855
932 770
932 86
916 932
121 932
431 932
344 932
932 712
932 87
204 932
932 335
217 932
560 932
932 453
566 932
932 580
1023 932
219 932
932 581
932 888
725 932
1058 932
932 696
577 932
932 301
1026 932
932 1063
211 932
932 251
932 90
302 932
918 932
603 932
472 932
149 932
337 932
371 932
209 932
59 932
825 932
932 266
1088 932
932 588
932 896
932 191
741 932
932 865
932 647
932 215
932 16
932 783
932 698
199 932
599 932
996 932
932 1079
674 932
912 932
723 932
932 459
346 932
546 932
932 858
155 932
731 932
932 352
932 850
932 396
932 658
932 663
932 910
932 555
1035 932
932 921
216 932
932 987
932 250
932 559
932 320
932 682
838 932
932 305
932 311
373 932
849 932
169 932
932 95
885 932
727 932
932 919
58 932
193 932
839 932
895 932
232 932
737 932
932 288
692 932
812 932
1030 932
562 932
506 932
932 423
750 932
932 184
837 932
932 18
813 932
932 516
932 295
62 932
932 264
293 932
932 166
375 932
932 356
932 42
852 932
953 932
254 932
814 932
932 827
243 932
932 153
925 932
908 932
361 932
398 932
932 1043
932 434
932 366
932 754
932 1069
405 932
932 490
932 39
932 861
932 355
932 379
932 1054
995 932
932 693
932 4
810 932
403 932
316 932
519 932
224 932
83 932
932 163
932 845
414 932
932 927
932 35
932 391
622 932
932 902
392 932
932 476
547 932
932 8
343 932
749 932
315 932
932 303
867 932
932 370
932 334
63 932
932 591
664 932
932 598
932 617
932 221
390 932
932 768
767 932
802 932
932 260
881 932
91 932
932 130
181 932
932 771
57 932
714 932
932 51
932 1053
932 50
932 904
932 336
574 932
119 932
932 5
1076 932
583 932
563 932
85 932
932 565
687 932
932 594
932 665
932 907
897 932
932 877
932 498
332 932
932 37
766 932
932 801
932 621
932 328
932 872
939 932
932 1086
791 932
354 932
932 253
20 932
932 630
932 797
990 932
188 932
538 932
1059 932
932 1081
932 819
932 734
932 945
932 12
932 192
72 932
236 932
578 932
143 932
440 932
932 140
719 932
974 932
43 932
932 1080
932 681
458 932
932 258
1015 932
932 309
932 9
223 932
932 966
932 136
932 1061
644 932
932 386
984 932
1057 932
932 442
932 1065
932 41
932 1025
1049 932
312 932
520 932
932 112
79 932
932 385
427 932
435 932
932 69
932 462
932 1064
932 393
1034 932
994 932
626 932
932 785
914 932
900 932
898 932
177 932
670 932
106 932
686 932
522 932
679 932
932 234
980 932
932 194
964 932
70 932
932 540
178 932
932 46
932 364
932 1089
932 190
1077 932
463 932
932 659
932 214
720 932
226 932
724 932
932 732
932 410
973 932
932 212
932 98
932 1055
932 748
418 932
844 932
958 932
709 932
593 932
935 932
507 932
1018 1017
1 2 3 4 5 6 7 8 9 10 11 12 13 14 15 16 17 18 19 20 21 22 23 24 25 26 27 28 29 30 31 32 33 34 35 36 37 38 39 40 41 42 43 44 45 46 47 48 49 50 51 52 53 54 55 56 57 58 59 60 61 62 63 64 65 66 67 68 69 70 71 72 73 74 75 76 77 78 79 80 81 82 83 84 85 86 87 88 89 90 91 92 93 94 95 96 97 98 99 100 101 102 103 104 105 106 107 108 109 110 111 112 113 114 115 116 117 118 119 120 121 122 123 124 125 126 127 128 129 130 131 132 133 134 135 136 137 138 139 140 141 142 143 144 145 146 147 148 149 150 151 152 153 154 155 156 157 158 159 160 161 162 163 164 165 166 167 168 169 170 171 172 173 174 175 176 177 178 179 180 181 182 183 184 185 186 187 188 189 190 191 192 193 194 195 196 197 198 199 200 201 202 203 204 205 206 207 208 209 210 211 212 213 214 215 216 217 218 219 220 221 222 223 224 225 226 227 228 229 230 231 232 233 234 235 236 237 238 239 240 241 242 243 244 245 246 247 248 249 250 251 252 253 254 255 256 257 258 259 260 261 262 263 264 265 266 267 268 269 270 271 272 273 274 275 276 277 278 279 280 281 282 283 284 285 286 287 288 289 290 291 292 293 294 295 296 297 298 299 300 301 302 303 304 305 306 307 308 309 310 311 312 313 314 315 316 317 318 319 320 321 322 323 324 325 326 327 328 329 330 331 332 333 334 335 336 337 338 339 340 341 342 343 344 345 346 347 348 349 350 351 352 353 354 355 356 357 358 359 360 361 362 363 364 365 366 367 368 369 370 371 372 373 374 375 376 377 378 379 380 381 382 383 384 385 386 387 388 389 390 391 392 393 394 395 396 397 398 399 400 401 402 403 404 405 406 407 408 409 410 411 412 413 414 415 416 417 418 419 420 421 422 423 424 425 426 427 428 429 430 431 432 433 434 435 436 437 438 439 440 441 442 443 444 445 446 447 448 449 450 451 452 453 454 455 456 457 458 459 460 461 462 463 464 465 466 467 468 469 470 471 472 473 474 475 476 477 478 479 480 481 482 483 484 485 486 487 488 489 490 491 492 493 494 495 496 497 498 499 500 501 502 503 504 505 506 507 508 509 510 511 512 513 514 515 516 517 518 519 520 521 522 523 524 525 526 527 528 529 530 531 532 533 534 535 536 537 538 539 540 541 542 543 544 545 546 547 548 549 550 551 552 553 554 555 556 557 558 559 560 561 562 563 564 565 566 567 568 569 570 571 572 573 574 575 576 577 578 579 580 581 582 583 584 585 586 587 588 589 590 591 592 593 594 595 596 597 598 599 600 601 602 603 604 605 606 607 608 609 610 611 612 613 614 615 616 617 618 619 620 621 622 623 624 625 626 627 628 629 630 631 632 633 634 635 636 637 638 639 640 641 642 643 644 645 646 647 648 649 650 651 652 653 654 655 656 657 658 659 660 661 662 663 664 665 666 667 668 669 670 671 672 673 674 675 676 677 678 679 680 681 682 683 684 685 686 687 688 689 690 691 692 693 694 695 696 697 698 699 700 701 702 703 704 705 706 707 708 709 710 711 712 713 714 715 716 717 718 719 720 721 722 723 724 725 726 727 728 729 730 731 732 733 734 735 736 737 738 739 740 741 742 743 744 745 746 747 748 749 750 751 752 753 754 755 756 757 758 759 760 761 762 763 764 765 766 767 768 769 770 771 772 773 774 775 776 777 778 779 780 781 782 783 784 785 786 787 788 789 790 791 792 793 794 795 796 797 798 799 800 801 802 803 804 805 806 807 808 809 810 811 812 813 814 815 816 817 818 819 820 821 822 823 824 825 826 827 828 829 830 831 832 833 834 835 836 837 838 839 840 841 842 843 844 845 846 847 848 849 850 851 852 853 854 855 856 857 858 859 860 861 862 863 864 865 866 867 868 869 870 871 872 873 874 875 876 877 878 879 880 881 882 883 884 885 886 887 888 889 890 891 892 893 894 895 896 897 898 899 900 901 902 903 904 905 906 907 908 909 910 911 912 913 914 915 916 917 918 919 920 921 922 923 924 925 926 927 928 929 930 931 932 933 934 935 936 937 938 939 940 941 942 943 944 945 946 947 948 949 950 951 952 953 954 955 956 957 958 959 960 961 962 963 964 965 966 967 968 969 970 971 972 973 974 975 976 977 978 979 980 981 982 983 984 985 986 987 988 989 990 991 992 993 994 995 996 997 998 999 1000 1001 1002 1003 1004 1005 1006 1007 1008 1009 1010 1011 1012 1013 1014 1015 1016 1017 1018
1 2 1 4 5 1 7 8 1 10 11 12 1 1 15 16 1 1 1 20 4 22 1 24 4 26 27 1 1 30 31 32 1 1 1 16 37 38 1 40 4 42 1 44 4 46 4 48 49 50 51 52 53 1 55 56 1 1 1 1 61 1 63 64 1 66 67 68 69 70 71 1 73 74 1 76 77 1 1 80 81 82 4 4 85 86 87 1 89 1 91 92 93 1 95 96 1 98 99 1 101 102 103 1 105 1 107 108 109 1 111 1 113 114 115 66 117 1 119 120 1 122 123 66 125 126 127 128 1 130 1 132 133 1 135 136 137 138 16 1 141 142 143 144 145 146 4 4 149 1 1 152 153 1 4 156 157 158 1 160 1 1 163 1 165 166 1 1 169 1 1 1 173 174 1 1 1 178 1 180 181 182 183 184 4 186 1 188 189 1 191 192 193 1 195 196 197 198 1 200 201 1 203 204 205 206 1 208 1 1 1 166 213 4 4 1 1 1 219 1 221 1 223 224 4 1 227 1 1 4 1 1 233 166 235 236 1 1 1 1 241 4 243 1 4 1 247 248 249 4 1 252 253 254 1 4 257 258 259 260 261 262 263 1 265 266 1 4 1 1 1 4 1 274 1 276 277 1 1 4 1 282 283 1 1 1 1 1 289 1 291 292 1 294 295 1 66 166 299 166 301 1 1 304 305 306 1 308 1 310 311 1 313 314 1 316 317 1 319 320 321 322 323 324 325 1 1 4 1 1 1 1 4 4 1 336 4 338 1 1 1 342 343 4 1 346 347 1 349 1 1 1 353 354 355 356 1 1 1 1 361 362 4 364 1 366 367 368 369 370 371 4 373 374 375 376 1 1 1 380 1 4 4 384 1 1 387 1 1 390 66 1 1 394 1 396 397 398 1 400 401 1 403 404 1 1 407 1 16 410 1 1 413 1 415 416 417 1 419 4 421 422 423 424 425 426 1 428 429 1 431 432 1 434 1 436 4 438 1 440 4 1 443 444 445 446 1 1 449 450 451 452 453 454 455 4 4 458 459 460 461 1 463 464 1 1 467 468 469 1 471 472 1 1 475 1 477 478 1 480 481 1 483 4 1 486 487 488 489 490 1 492 1 494 495 1 4 498 1 500 1 1 503 504 505 1 4 508 4 1 1 512 513 514 515 516 517 518 1 520 1 1 523 1 525 1 1 528 529 530 531 532 1 1 1 536 1 538 539 1 1 1 1 1 545 4 1 4 1 550 551 1 553 554 555 556 557 558 559 4 1 1 563 564 4 566 1 568 1 570 571 1 573 574 575 576 577 578 1 1 581 582 583 1 1 1 1 4 1 590 1 1 593 4 595 1 1 1 1 1 1 602 1 604 1 606 1 1 1 610 1 1 613 614 615 616 1 1 619 620 621 1 623 624 1 626 627 1 1 630 4 632 633 634 635 636 1 1 639 1 1 4 643 1 16 66 1 648 649 650 1 1 4 654 655 656 657 1 659 1 1 662 663 664 665 666 667 1 1 1 4 672 673 1 675 166 677 678 1 1 681 1 1 684 1 1 687 1 1 690 1 692 693 694 695 696 697 1 699 700 701 702 703 704 705 1 707 708 709 1 711 1 713 1 715 716 717 718 719 720 721 722 1 4 1 726 4 728 1 1 4 1 1 1 735 1 737 4 739 740 741 742 743 744 745 4 747 748 1 750 1 752 753 1 755 756 757 4 1 760 761 762 1 764 765 1 767 768 1 770 771 772 1 774 775 4 1 778 779 780 781 782 1 784 1 1 787 788 1 790 791 1 793 1 1 796 797 1 799 800 801 1 803 804 805 806 1 808 4 810 811 812 1 1 815 1 1 818 819 820 821 4 1 1 1 1 827 1 829 1 1 832 833 834 1 836 837 1 839 840 841 66 4 4 845 846 1 1 849 850 1 1 853 1 1 1 857 858 859 860 861 1 1 1 865 866 867 868 4 1 871 872 873 1 1 876 1 878 879 880 881 1 1 1 885 1 887 888 1 1 891 892 1 894 895 896 1 1 899 1 901 902 903 904 905 1 907 4 909 910 4 912 913 914 915 916 1 918 919 920 921 922 1 1 925 926 927 928 929 1 931 1 933 1 4 936 4 938 4 1 1 942 943 1 1 1 1 4 949 950 951 952 953 954 955 956 957 1 959 960 1 962 963 964 1 966 1 968 1 1 1 972 1 974 1 976 1 978 4 980 981 982 1 984 985 986 987 988 1 1 991 1 993 4 995 1 997 998 999 1000 1 1 1003 1 1005 1006 1 1008 1 1 1 1012 1 1014 1015 4 1017 1
591 207
591 135
591 794
128 591
759 591
591 815
591 991
304 591
968 591
591 9
591 519
591 715
591 201
591 732
591 784
591 374
367 591
591 538
63 591
591 746
591 398
591 816
654 591
591 872
591 83
18 591
591 48
729 591
990 591
591 206
591 997
567 591
591 491
37 591
591 502
591 446
53 591
591 885
591 123
231 591
200 591
498 591
591 709
591 731
423 591
591 349
591 608
488 591
591 610
591 59
902 591
591 772
591 444
906 591
184 591
591 96
591 842
591 628
591 751
591 680
591 58
591 1003
591 861
588 591
591 505
620 591
591 712
591 49
858 591
591 405
591 259
148 591
805 591
410 591
591 404
591 977
591 322
570 591
346 591
366 591
591 559
640 591
591 890
591 950
591 178
904 591
591 855
591 100
326 591
10 591
334 591
187 591
591 706
395 591
591 823
730 591
591 278
591 38
591 777
591 237
591 20
591 944
463 591
591 136
591 106
118 591
591 659
431 591
591 545
591 512
314 591
591 577
863 591
315 591
838 591
591 836
591 1
591 30
591 369
591 170
591 337
591 247
378 591
591 297
695 591
965 591
116 591
591 526
591 565
591 474
23 591
591 629
543 591
591 371
591 439
591 1011
112 591
6 591
591 745
591 277
591 661
591 467
591 758
239 591
694 591
923 591
591 871
40 591
569 591
672 591
591 670
539 591
757 591
158 591
591 735
728 591
591 351
591 626
690 591
650 591
591 127
869 591
591 678
303 591
932 591
591 471
426 591
591 151
345 591
591 1012
299 591
418 591
329 591
155 591
132 591
591 364
591 436
591 576
525 591
788 591
469 591
775 591
591 317
591 447
591 219
591 793
591 952
591 929
591 506
584 591
591 713
910 591
591 77
542 591
523 591
368 591
31 591
591 776
591 242
264 591
591 110
591 146
602 591
224 591
591 81
341 591
407 591
591 209
185 591
875 591
176 591
591 829
880 591
591 931
591 575
581 591
889 591
591 215
501 591
534 591
830 591
320 591
591 723
387 591
621 591
479 591
882 591
591 84
591 227
591 383
591 571
591 716
591 674
86 591
591 765
591 527
442 591
604 591
925 591
684 591
818 591
591 789
591 844
591 124
192 591
591 26
647 591
591 260
711 591
481 591
591 323
591 141
90 591
591 204
160 591
510 591
591 117
591 310
591 852
591 492
591 289
591 918
591 486
958 591
406 591
591 142
591 600
524 591
915 591
710 591
39 591
591 261
591 168
591 675
1017 591
591 887
591 909
682 591
591 850
697 591
648 591
591 379
591 324
94 591
528 591
720 591
591 75
386 591
768 591
591 93
591 930
795 591
1016 591
180 591
617 591
611 591
455 591
531 591
402 591
182 591
203 591
591 430
591 865
591 13
591 3
544 591
591 202
361 591
195 591
591 877
308 591
591 134
325 591
992 591
359 591
591 999
859 591
655 591
537 591
591 698
88 591
522 591
591 52
107 591
591 243
401 591
396 591
819 591
591 400
591 380
64 591
591 646
548 591
453 591
591 121
845 591
591 767
591 578
483 591
328 591
591 464
762 591
591 773
591 632
546 591
955 591
591 636
755 591
591 472
961 591
591 840
591 327
679 591
19 591
591 356
591 477
517 591
419 591
591 76
205 591
652 591
1008 591
591 434
591 72
940 591
867 591
591 920
591 769
591 363
236 591
208 591
282 591
44 591
936 591
591 263
336 591
947 591
591 825
779 591
613 591
82 591
583 591
555 591
165 591
938 591
253 591
591 827
744 591
591 307
382 591
591 622
476 591
591 461
797 591
748 591
851 591
591 274
103 591
591 563
591 290
591 733
591 275
591 101
591 998
591 770
591 340
591 529
821 591
593 591
591 994
591 849
591 458
393 591
591 294
591 560
591 238
111 591
591 348
591 687
78 591
276 591
591 912
813 591
33 591
591 454
591 504
591 558
452 591
591 864
591 790
688 591
591 188
591 766
591 357
717 591
591 339
633 591
233 591
87 591
390 591
985 591
591 948
234 591
1013 591
943 591
591 223
591 232
591 941
591 919
164 591
669 591
305 591
591 332
591 641
591 70
591 727
591 254
615 591
591 1000
591 806
895 591
591 536
358 591
591 585
591 372
421 591
311 591
854 591
591 1004
591 330
591 660
749 591
591 996
591 911
802 591
591 970
267 591
591 639
826 591
251 591
686 591
591 416
957 591
108 591
591 229
591 433
422 591
179 591
131 591
591 268
704 591
591 437
811 591
591 125
591 258
591 683
591 484
591 856
470 591
591 662
848 591
591 154
591 266
591 599
591 547
272 591
963 591
129 591
591 701
1002 591
591 71
591 105
591 465
926 591
591 677
742 591
17 591
591 835
500 591
974 591
693 591
591 862
937 591
591 409
391 591
973 591
347 591
591 191
591 832
951 591
900 591
591 408
499 591
591 801
591 928
707 591
843 591
508 591
754 591
403 591
591 74
350 591
591 724
591 228
161 591
822 591
45 591
591 283
591 580
591 924
671 591
25 591
316 591
591 399
591 286
149 591
591 982
587 591
457 591
591 415
591 313
36 591
462 591
831 591
591 847
591 222
591 271
591 28
591 916
630 591
634 591
591 786
591 553
591 741
2 591
603 591
817 591
342 591
590 591
293 591
556 591
115 591
591 190
427 591
591 518
541 591
392 591
591 753
50 591
591 714
591 226
370 591
783 591
953 591
42 591
157 591
591 166
614 591
150 591
591 198
860 591
591 747
591 355
719 591
591 971
913 591
591 750
573 591
245 591
591 29
591 976
104 591
591 665
591 255
301 591
591 1005
988 591
591 156
591 874
591 596
738 591
497 591
591 109
591 511
153 591
591 964
480 591
591 656
591 642
591 983
494 591
591 521
591 54
828 591
468 591
295 591
591 249
338 591
217 591
89 591
159 591
673 591
591 876
857 591
627 591
591 181
196 591
666 591
60 591
935 591
591 95
591 41
881 591
269 591
605 591
478 591
591 551
591 609
459 591
591 32
62 591
591 635
870 591
114 591
658 591
734 591
591 456
591 65
761 591
365 591
591 737
591 7
61 591
591 949
591 562
248 591
68 591
362 591
708 591
803 591
493 591
56 591
591 99
591 133
591 139
586 591
591 221
591 566
631 591
591 643
540 591
591 451
653 591
120 591
984 591
591 194
591 262
417 591
591 193
591 183
591 211
591 411
145 591
591 945
591 73
591 496
591 893
591 21
691 591
689 591
591 98
8 591
435 591
591 597
591 969
388 591
956 591
591 774
651 591
591 230
144 591
591 785
34 591
591 564
995 591
514 591
591 883
591 12
495 591
591 692
591 173
866 591
591 92
1006 591
591 475
649 591
591 980
296 591
67 591
703 591
591 240
942 591
591 265
814 591
591 91
591 726
591 780
591 352
591 891
837 591
763 591
552 591
591 979
279 591
676 591
978 591
833 591
594 591
591 425
591 281
591 288
591 287
591 130
591 344
591 147
591 846
591 616
69 591
14 591
591 466
591 137
591 46
756 591
839 591
591 186
51 591
4 591
591 424
591 57
246 591
591 1014
591 705
438 591
373 591
591 169
886 591
591 353
591 172
591 798
273 591
625 591
591 1015
591 645
591 739
591 460
591 606
591 764
917 591
250 591
66 591
591 800
591 432
898 591
591 516
448 591
257 591
244 591
591 256
591 102
591 113
485 591
591 1009
582 591
601 591
591 335
284 591
591 252
143 591
197 591
591 897
429 591
440 591
591 174
700 591
591 598
591 782
441 591
591 841
591 934
235 591
591 901
736 591
138 591
513 591
591 225
591 420
879 591
298 591
853 591
591 412
126 591
591 607
967 591
177 591
591 428
884 591
791 591
591 550
644 591
591 696
55 591
591 561
1001 591
591 119
579 591
591 685
591 535
812 591
591 740
1007 591
591 922
591 892
300 591
591 163
807 591
591 721
591 972
591 873
507 591
591 549
532 591
122 591
591 515
722 591
591 908
591 394
591 792
771 591
591 624
503 591
591 450
591 302
591 939
664 591
384 591
309 591
414 591
381 591
668 591
27 591
43 591
888 591
591 15
591 623
618 591
591 218
975 591
619 591
591 993
331 591
699 591
591 270
981 591
591 80
591 954
591 520
907 591
638 591
171 591
175 591
591 445
989 591
574 591
591 152
591 11
47 591
591 376
591 360
489 591
591 896
868 591
894 591
591 905
79 591
591 752
591 321
318 591
591 482
189 591
487 591
591 927
97 591
591 899
591 292
591 718
591 914
591 760
591 810
966 591
681 591
377 591
241 591
921 591
530 591
591 572
591 140
591 796
591 667
591 214
799 591
591 220
591 397
591 568
960 591
591 35
959 591
1018 591
24 591
595 591
591 291
591 85
878 591
389 591
354 591
612 591
824 591
591 820
591 22
591 306
591 533
591 903
591 946
663 591
591 319
375 591
591 702
473 591
591 210
933 591
591 213
591 592
591 443
280 591
413 591
589 591
591 285
216 591
591 449
343 591
591 987
591 199
781 591
986 591
591 657
591 787
490 591
167 591
591 5
333 591
591 312
1010 591
385 591
591 212
557 591
591 554
834 591
591 16
743 591
725 591
778 591
509 591
591 162
591 962
808 591
637 591
809 591
804 591
